xof 0303txt 0032

template XSkinMeshHeader {
  <3cf169ce-ff7c-44ab-93c0-f78f62d172e2>
  WORD nMaxSkinWeightsPerVertex;
  WORD nMaxSkinWeightsPerFace;
  WORD nBones;
}

template SkinWeights {
  <6f0d123b-bad2-4167-a0d0-80224f25fabb>
  STRING transformNodeName;
  DWORD nWeights;
  array DWORD vertexIndices[nWeights];
  array float weights[nWeights];
  Matrix4x4 matrixOffset;
}

Frame Root {
  FrameTransformMatrix {
     1.000000, 0.000000, 0.000000, 0.000000,
     0.000000,-0.000000,-1.000000, 0.000000,
     0.000000, 1.000000,-0.000000, 0.000000,
     0.000000, 0.000000, 0.000000, 1.000000;;
  }
  Frame Armature {
    FrameTransformMatrix {
       0.100000, 0.000000, 0.000000, 0.000000,
       0.000000,-0.000000, 0.100000, 0.000000,
       0.000000,-0.100000,-0.000000, 0.000000,
       0.000000, 0.000000, 0.000000, 1.000000;;
    }
    Frame Armature_mixamorig_Hips {
      FrameTransformMatrix {
         0.929682, 0.080508, 0.359459, 0.000000,
        -0.058557, 0.995716,-0.071563, 0.000000,
        -0.363680, 0.045482, 0.930413, 0.000000,
        -0.004178,87.267433, 0.032045, 1.000000;;
      }
      Frame Armature_mixamorig_LeftUpLeg {
        FrameTransformMatrix {
          -0.998056, 0.042696, 0.045393, 0.000000,
          -0.012663,-0.852176, 0.523073, 0.000000,
           0.061019, 0.521511, 0.851007, 0.000000,
           9.789100,-5.875902,-0.583700, 1.000000;;
        }
        Frame Armature_mixamorig_LeftLeg {
          FrameTransformMatrix {
             0.987127, 0.159694, 0.008868, 0.000000,
            -0.014178, 0.142596,-0.989680, 0.000000,
            -0.159311, 0.976813, 0.143024, 0.000000,
             0.000001,41.702003,-0.000004, 1.000000;;
          }
          Frame Armature_mixamorig_LeftFoot {
            FrameTransformMatrix {
               0.983113,-0.168993,-0.070219, 0.000000,
               0.155937, 0.572778, 0.804741, 0.000000,
              -0.095775,-0.802101, 0.589458, 0.000000,
              -0.000000,36.981022,-0.000002, 1.000000;;
            }
            Frame Armature_mixamorig_LeftToeBase {
              FrameTransformMatrix {
                 0.999520, 0.030172, 0.007060, 0.000000,
                -0.028604, 0.810760, 0.584680, 0.000000,
                 0.011917,-0.584601, 0.811233, 0.000000,
                -0.000000,16.700533, 0.000000, 1.000000;;
              }
              Frame Armature_mixamorig_LeftToe_End {
                FrameTransformMatrix {
                   1.000000,-0.000000, 0.000000, 0.000000,
                   0.000000, 1.000000, 0.000000, 0.000000,
                   0.000000,-0.000000, 1.000000, 0.000000,
                  -0.000001, 7.120428, 0.000000, 1.000000;;
                }
              } // End of Armature_mixamorig_LeftToe_End
            } // End of Armature_mixamorig_LeftToeBase
          } // End of Armature_mixamorig_LeftFoot
        } // End of Armature_mixamorig_LeftLeg
      } // End of Armature_mixamorig_LeftUpLeg
      Frame Armature_mixamorig_RightUpLeg {
        FrameTransformMatrix {
          -0.974612, 0.060709,-0.215502, 0.000000,
          -0.147228,-0.898948, 0.412550, 0.000000,
          -0.168690, 0.433828, 0.885009, 0.000000,
          -9.857701,-5.875904,-0.583700, 1.000000;;
        }
        Frame Armature_mixamorig_RightLeg {
          FrameTransformMatrix {
             0.989236,-0.131542,-0.064102, 0.000000,
             0.016103, 0.533268,-0.845793, 0.000000,
             0.145441, 0.835657, 0.529646, 0.000000,
             0.000000,41.702000, 0.000002, 1.000000;;
          }
          Frame Armature_mixamorig_RightFoot {
            FrameTransformMatrix {
               0.995613, 0.051157, 0.078344, 0.000000,
              -0.088205, 0.233795, 0.968277, 0.000000,
               0.031217,-0.970939, 0.237282, 0.000000,
              -0.000000,36.981026,-0.000001, 1.000000;;
            }
            Frame Armature_mixamorig_RightToeBase {
              FrameTransformMatrix {
                 0.999281,-0.037602,-0.004965, 0.000000,
                 0.030166, 0.708555, 0.705010, 0.000000,
                -0.022992,-0.704653, 0.709180, 0.000000,
                 0.000001,16.700537,-0.000001, 1.000000;;
              }
              Frame Armature_mixamorig_RightToe_End {
                FrameTransformMatrix {
                   1.000000, 0.000000, 0.000000, 0.000000,
                  -0.000000, 1.000000, 0.000000, 0.000000,
                  -0.000000,-0.000000, 1.000000, 0.000000,
                  -0.000001, 7.120429, 0.000000, 1.000000;;
                }
              } // End of Armature_mixamorig_RightToe_End
            } // End of Armature_mixamorig_RightToeBase
          } // End of Armature_mixamorig_RightFoot
        } // End of Armature_mixamorig_RightLeg
      } // End of Armature_mixamorig_RightUpLeg
      Frame Armature_mixamorig_Spine {
        FrameTransformMatrix {
           0.995497, 0.035292, 0.087981, 0.000000,
          -0.058781, 0.957953, 0.280840, 0.000000,
          -0.074371,-0.284747, 0.955714, 0.000000,
           0.017300,10.574793,-1.117200, 1.000000;;
        }
        Frame Armature_mixamorig_Spine1 {
          FrameTransformMatrix {
             0.999740,-0.009977, 0.020485, 0.000000,
             0.009665, 0.999837, 0.015272, 0.000000,
            -0.020634,-0.015070, 0.999674, 0.000000,
             0.000001,12.406001, 0.000000, 1.000000;;
          }
          Frame Armature_mixamorig_Spine2 {
            FrameTransformMatrix {
               0.999768,-0.007944, 0.020025, 0.000000,
               0.005479, 0.992729, 0.120244, 0.000000,
              -0.020835,-0.120107, 0.992542, 0.000000,
               0.000000,14.178321,-0.000003, 1.000000;;
            }
            Frame Armature_mixamorig_LeftShoulder {
              FrameTransformMatrix {
                 0.247471,-0.018695,-0.968715, 0.000000,
                 0.960743,-0.124690, 0.247841, 0.000000,
                -0.125423,-0.992019,-0.012896, 0.000000,
                 5.934997,13.670195,-1.662601, 1.000000;;
              }
              Frame Armature_mixamorig_LeftArm {
                FrameTransformMatrix {
                   0.856085, 0.413730, 0.309753, 0.000000,
                  -0.516667, 0.700377, 0.492470, 0.000000,
                  -0.013194,-0.581635, 0.813343, 0.000000,
                   0.000005,12.607897,-0.000004, 1.000000;;
                }
                Frame Armature_mixamorig_LeftForeArm {
                  FrameTransformMatrix {
                     0.040539, 0.883156, 0.467324, 0.000000,
                    -0.994209, 0.082241,-0.069175, 0.000000,
                    -0.099526,-0.461813, 0.881376, 0.000000,
                     0.000003,25.574316,-0.000004, 1.000000;;
                  }
                  Frame Armature_mixamorig_LeftHand {
                    FrameTransformMatrix {
                       0.994473, 0.104969, 0.002380, 0.000000,
                      -0.104984, 0.993756, 0.037773, 0.000000,
                       0.001600,-0.037814, 0.999283, 0.000000,
                      -0.000005,21.603405, 0.000000, 1.000000;;
                    }
                    Frame Armature_mixamorig_LeftHandIndex1 {
                      FrameTransformMatrix {
                         0.988689, 0.136287, 0.062599, 0.000000,
                        -0.083122, 0.150530, 0.985105, 0.000000,
                         0.124834,-0.979166, 0.160156, 0.000000,
                        -2.341905, 9.909712,-0.291401, 1.000000;;
                      }
                      Frame Armature_mixamorig_LeftHandIndex2 {
                        FrameTransformMatrix {
                           0.997046, 0.076805, 0.000117, 0.000000,
                          -0.029551, 0.382205, 0.923605, 0.000000,
                           0.070893,-0.920880, 0.383346, 0.000000,
                           0.000020, 3.776707,-0.000009, 1.000000;;
                        }
                        Frame Armature_mixamorig_LeftHandIndex3 {
                          FrameTransformMatrix {
                             0.999424,-0.011449,-0.031947, 0.000000,
                             0.033934, 0.348764, 0.936596, 0.000000,
                             0.000419,-0.937141, 0.348951, 0.000000,
                             0.000001, 2.542999, 0.000002, 1.000000;;
                          }
                          Frame Armature_mixamorig_LeftHandIndex4 {
                            FrameTransformMatrix {
                               1.000000,-0.000000,-0.000000, 0.000000,
                              -0.000000, 1.000000,-0.000000, 0.000000,
                              -0.000000, 0.000000, 1.000000, 0.000000,
                               0.000001, 2.529099,-0.000003, 1.000000;;
                            }
                          } // End of Armature_mixamorig_LeftHandIndex4
                        } // End of Armature_mixamorig_LeftHandIndex3
                      } // End of Armature_mixamorig_LeftHandIndex2
                    } // End of Armature_mixamorig_LeftHandIndex1
                    Frame Armature_mixamorig_LeftHandMiddle1 {
                      FrameTransformMatrix {
                         0.994525,-0.041947, 0.095711, 0.000000,
                        -0.093193, 0.058355, 0.993937, 0.000000,
                        -0.047278,-0.997414, 0.054127, 0.000000,
                         0.000001, 9.700810,-0.000007, 1.000000;;
                      }
                      Frame Armature_mixamorig_LeftHandMiddle2 {
                        FrameTransformMatrix {
                           0.996322, 0.085675, 0.001387, 0.000000,
                          -0.021200, 0.230784, 0.972774, 0.000000,
                           0.083022,-0.969226, 0.231752, 0.000000,
                          -0.000004, 4.014602,-0.000004, 1.000000;;
                        }
                        Frame Armature_mixamorig_LeftHandMiddle3 {
                          FrameTransformMatrix {
                             0.999616,-0.009079,-0.026193, 0.000000,
                             0.027666, 0.386754, 0.921768, 0.000000,
                             0.001761,-0.922138, 0.386856, 0.000000,
                             0.000001, 2.996705, 0.000000, 1.000000;;
                          }
                          Frame Armature_mixamorig_LeftHandMiddle4 {
                            FrameTransformMatrix {
                               1.000000,-0.000000,-0.000000, 0.000000,
                              -0.000000, 1.000000, 0.000000, 0.000000,
                               0.000000,-0.000000, 1.000000, 0.000000,
                              -0.000000, 2.824996,-0.000002, 1.000000;;
                            }
                          } // End of Armature_mixamorig_LeftHandMiddle4
                        } // End of Armature_mixamorig_LeftHandMiddle3
                      } // End of Armature_mixamorig_LeftHandMiddle2
                    } // End of Armature_mixamorig_LeftHandMiddle1
                    Frame Armature_mixamorig_LeftHandPinky1 {
                      FrameTransformMatrix {
                         0.977751,-0.143441, 0.153062, 0.000000,
                        -0.143738, 0.073318, 0.986896, 0.000000,
                        -0.152784,-0.986939, 0.051069, 0.000000,
                         4.712697, 8.985507,-0.221605, 1.000000;;
                      }
                      Frame Armature_mixamorig_LeftHandPinky2 {
                        FrameTransformMatrix {
                           0.999998, 0.001447, 0.000972, 0.000000,
                          -0.001331, 0.273864, 0.961767, 0.000000,
                           0.001126,-0.961767, 0.273866, 0.000000,
                          -0.000006, 3.562495,-0.000002, 1.000000;;
                        }
                        Frame Armature_mixamorig_LeftHandPinky3 {
                          FrameTransformMatrix {
                             0.999999, 0.001077, 0.000440, 0.000000,
                            -0.001043, 0.661960, 0.749539, 0.000000,
                             0.000516,-0.749539, 0.661960, 0.000000,
                            -0.000008, 2.335200, 0.000000, 1.000000;;
                          }
                          Frame Armature_mixamorig_LeftHandPinky4 {
                            FrameTransformMatrix {
                               1.000000, 0.000000, 0.000000, 0.000000,
                              -0.000000, 1.000000, 0.000000, 0.000000,
                               0.000000, 0.000000, 1.000000, 0.000000,
                               0.000002, 2.037284, 0.000001, 1.000000;;
                            }
                          } // End of Armature_mixamorig_LeftHandPinky4
                        } // End of Armature_mixamorig_LeftHandPinky3
                      } // End of Armature_mixamorig_LeftHandPinky2
                    } // End of Armature_mixamorig_LeftHandPinky1
                    Frame Armature_mixamorig_LeftHandRing1 {
                      FrameTransformMatrix {
                         0.994607,-0.067990, 0.078318, 0.000000,
                        -0.078985,-0.007167, 0.996850, 0.000000,
                        -0.067214,-0.997660,-0.012499, 0.000000,
                         2.241697, 9.308407,-0.143498, 1.000000;;
                      }
                      Frame Armature_mixamorig_LeftHandRing2 {
                        FrameTransformMatrix {
                           0.999737, 0.012131, 0.019478, 0.000000,
                          -0.022885, 0.464638, 0.885205, 0.000000,
                           0.001688,-0.885417, 0.464794, 0.000000,
                          -0.000007, 4.019394, 0.000000, 1.000000;;
                        }
                        Frame Armature_mixamorig_LeftHandRing3 {
                          FrameTransformMatrix {
                             0.999789,-0.020446, 0.002033, 0.000000,
                             0.004207, 0.300525, 0.953765, 0.000000,
                            -0.020112,-0.953555, 0.300547, 0.000000,
                             0.000008, 2.790812,-0.000005, 1.000000;;
                          }
                          Frame Armature_mixamorig_LeftHandRing4 {
                            FrameTransformMatrix {
                               1.000000, 0.000000, 0.000000, 0.000000,
                               0.000000, 1.000000, 0.000000, 0.000000,
                              -0.000000, 0.000000, 1.000000, 0.000000,
                              -0.000003, 2.540694, 0.000002, 1.000000;;
                            }
                          } // End of Armature_mixamorig_LeftHandRing4
                        } // End of Armature_mixamorig_LeftHandRing3
                      } // End of Armature_mixamorig_LeftHandRing2
                    } // End of Armature_mixamorig_LeftHandRing1
                    Frame Armature_mixamorig_LeftHandThumb1 {
                      FrameTransformMatrix {
                         0.857894, 0.512731, 0.033535, 0.000000,
                        -0.403426, 0.631711, 0.661958, 0.000000,
                         0.318222,-0.581419, 0.748790, 0.000000,
                        -2.370408, 3.545605, 1.908190, 1.000000;;
                      }
                      Frame Armature_mixamorig_LeftHandThumb2 {
                        FrameTransformMatrix {
                           0.922590,-0.322804,-0.211246, 0.000000,
                           0.321792, 0.945959,-0.040132, 0.000000,
                           0.212785,-0.030952, 0.976609, 0.000000,
                          -0.000002, 2.808394, 0.000001, 1.000000;;
                        }
                        Frame Armature_mixamorig_LeftHandThumb3 {
                          FrameTransformMatrix {
                             0.590039, 0.029308,-0.806842, 0.000000,
                             0.439596, 0.826561, 0.351499, 0.000000,
                             0.677206,-0.562083, 0.474820, 0.000000,
                            -0.000012, 2.378999,-0.000007, 1.000000;;
                          }
                          Frame Armature_mixamorig_LeftHandThumb4 {
                            FrameTransformMatrix {
                               1.000000, 0.000000,-0.000000, 0.000000,
                               0.000000, 1.000000, 0.000000, 0.000000,
                               0.000000,-0.000000, 1.000000, 0.000000,
                              -0.000001, 2.445004, 0.000000, 1.000000;;
                            }
                          } // End of Armature_mixamorig_LeftHandThumb4
                        } // End of Armature_mixamorig_LeftHandThumb3
                      } // End of Armature_mixamorig_LeftHandThumb2
                    } // End of Armature_mixamorig_LeftHandThumb1
                  } // End of Armature_mixamorig_LeftHand
                  Frame Armature_mixamorig_Shield_joint {
                    FrameTransformMatrix {
                       0.000000, 1.000000,-0.000000, 0.000000,
                       0.000000,-0.000000,-1.000000, 0.000000,
                      -1.000000, 0.000000,-0.000000, 0.000000,
                       0.398195,14.663404,-5.648607, 1.000000;;
                    }
                  } // End of Armature_mixamorig_Shield_joint
                } // End of Armature_mixamorig_LeftForeArm
              } // End of Armature_mixamorig_LeftArm
            } // End of Armature_mixamorig_LeftShoulder
            Frame Armature_mixamorig_Neck {
              FrameTransformMatrix {
                 0.997359,-0.069672,-0.020536, 0.000000,
                 0.069140, 0.997280,-0.025549, 0.000000,
                 0.022260, 0.024062, 0.999462, 0.000000,
                 0.024398,15.862286,-1.675802, 1.000000;;
              }
              Frame Armature_mixamorig_Head {
                FrameTransformMatrix {
                   0.961515,-0.117709,-0.248263, 0.000000,
                   0.098238, 0.991134,-0.089454, 0.000000,
                   0.256592, 0.061623, 0.964554, 0.000000,
                   0.000001, 5.563992, 0.988099, 1.000000;;
                }
                Frame Armature_mixamorig_HeadTop_End {
                  FrameTransformMatrix {
                     1.000000, 0.000000, 0.000000, 0.000000,
                    -0.000000, 1.000000,-0.000000, 0.000000,
                    -0.000000, 0.000000, 1.000000, 0.000000,
                    -0.000001,18.311922, 3.086898, 1.000000;;
                  }
                } // End of Armature_mixamorig_HeadTop_End
                Frame Armature_mixamorig_LeftEye {
                  FrameTransformMatrix {
                    -0.000000, 0.000000,-1.000000, 0.000000,
                     1.000000,-0.000000,-0.000000, 0.000000,
                    -0.000000,-1.000000, 0.000000, 0.000000,
                     2.284400, 7.935721, 7.063700, 1.000000;;
                  }
                } // End of Armature_mixamorig_LeftEye
                Frame Armature_mixamorig_RightEye {
                  FrameTransformMatrix {
                     0.000000,-0.000000, 1.000000, 0.000000,
                    -1.000000, 0.000000,-0.000000, 0.000000,
                    -0.000000,-1.000000, 0.000000, 0.000000,
                    -2.377501, 7.935726, 7.063699, 1.000000;;
                  }
                } // End of Armature_mixamorig_RightEye
              } // End of Armature_mixamorig_Head
            } // End of Armature_mixamorig_Neck
            Frame Armature_mixamorig_RightShoulder {
              FrameTransformMatrix {
                -0.012595,-0.020975, 0.999701, 0.000000,
                -0.985593,-0.168381,-0.015950, 0.000000,
                 0.168665,-0.985499,-0.018552, 0.000000,
                -5.979203,13.670198,-1.662603, 1.000000;;
              }
              Frame Armature_mixamorig_RightArm {
                FrameTransformMatrix {
                   0.997404,-0.041593, 0.058781, 0.000000,
                  -0.012353, 0.705369, 0.708733, 0.000000,
                  -0.070941,-0.707619, 0.703024, 0.000000,
                  -0.000000,12.607897,-0.000004, 1.000000;;
                }
                Frame Armature_mixamorig_RightForeArm {
                  FrameTransformMatrix {
                     0.137963,-0.968874,-0.205548, 0.000000,
                     0.984463, 0.156905,-0.078821, 0.000000,
                     0.108619,-0.191480, 0.975468, 0.000000,
                    -0.000001,25.574291,-0.000007, 1.000000;;
                  }
                  Frame Armature_mixamorig_RightHand {
                    FrameTransformMatrix {
                       0.965563,-0.258807,-0.026571, 0.000000,
                       0.258585, 0.943425, 0.207563, 0.000000,
                      -0.028651,-0.207286, 0.977861, 0.000000,
                       0.000005,21.603498,-0.000003, 1.000000;;
                    }
                    Frame Armature_mixamorig_RightHandIndex1 {
                      FrameTransformMatrix {
                         0.998625, 0.052414,-0.001240, 0.000000,
                        -0.023980, 0.477654, 0.878221, 0.000000,
                         0.046623,-0.876983, 0.478254, 0.000000,
                         2.341904, 9.909601,-0.291405, 1.000000;;
                      }
                      Frame Armature_mixamorig_RightHandIndex2 {
                        FrameTransformMatrix {
                           0.997041,-0.076867,-0.000040, 0.000000,
                           0.030554, 0.395833, 0.917814, 0.000000,
                          -0.070534,-0.915100, 0.397011, 0.000000,
                           0.000000, 3.776706, 0.000002, 1.000000;;
                        }
                        Frame Armature_mixamorig_RightHandIndex3 {
                          FrameTransformMatrix {
                             0.999417, 0.007271, 0.033364, 0.000000,
                            -0.032428, 0.508176, 0.860643, 0.000000,
                            -0.010697,-0.861223, 0.508115, 0.000000,
                             0.000006, 2.543005, 0.000002, 1.000000;;
                          }
                          Frame Armature_mixamorig_RightHandIndex4 {
                            FrameTransformMatrix {
                               1.000000,-0.000000, 0.000000, 0.000000,
                              -0.000000, 1.000000,-0.000000, 0.000000,
                              -0.000000, 0.000000, 1.000000, 0.000000,
                               0.000001, 2.529006, 0.000002, 1.000000;;
                            }
                          } // End of Armature_mixamorig_RightHandIndex4
                        } // End of Armature_mixamorig_RightHandIndex3
                      } // End of Armature_mixamorig_RightHandIndex2
                    } // End of Armature_mixamorig_RightHandIndex1
                    Frame Armature_mixamorig_RightHandMiddle1 {
                      FrameTransformMatrix {
                         0.999767, 0.002024,-0.021483, 0.000000,
                         0.019208, 0.370172, 0.928765, 0.000000,
                         0.009832,-0.928961, 0.370047, 0.000000,
                         0.000004, 9.700599,-0.000003, 1.000000;;
                      }
                      Frame Armature_mixamorig_RightHandMiddle2 {
                        FrameTransformMatrix {
                           0.996324,-0.085656,-0.001597, 0.000000,
                           0.009803, 0.095465, 0.995385, 0.000000,
                          -0.085108,-0.991741, 0.095954, 0.000000,
                          -0.000003, 4.014598,-0.000002, 1.000000;;
                        }
                        Frame Armature_mixamorig_RightHandMiddle3 {
                          FrameTransformMatrix {
                             0.999604, 0.023145, 0.015997, 0.000000,
                            -0.028119, 0.841136, 0.540093, 0.000000,
                            -0.000955,-0.540329, 0.841453, 0.000000,
                            -0.000003, 2.996702, 0.000002, 1.000000;;
                          }
                          Frame Armature_mixamorig_RightHandMiddle4 {
                            FrameTransformMatrix {
                               1.000000, 0.000000, 0.000000, 0.000000,
                               0.000000, 1.000000, 0.000000, 0.000000,
                               0.000000,-0.000000, 1.000000, 0.000000,
                               0.000002, 2.824993,-0.000005, 1.000000;;
                            }
                          } // End of Armature_mixamorig_RightHandMiddle4
                        } // End of Armature_mixamorig_RightHandMiddle3
                      } // End of Armature_mixamorig_RightHandMiddle2
                    } // End of Armature_mixamorig_RightHandMiddle1
                    Frame Armature_mixamorig_RightHandPinky1 {
                      FrameTransformMatrix {
                         0.997591,-0.001995,-0.069341, 0.000000,
                         0.069343, 0.056400, 0.995997, 0.000000,
                         0.001923,-0.998406, 0.056402, 0.000000,
                        -4.712803, 8.985297,-0.221702, 1.000000;;
                      }
                      Frame Armature_mixamorig_RightHandPinky2 {
                        FrameTransformMatrix {
                           0.999999,-0.001131,-0.000583, 0.000000,
                           0.001132, 0.581894, 0.813264, 0.000000,
                          -0.000581,-0.813264, 0.581895, 0.000000,
                           0.000000, 3.562506,-0.000001, 1.000000;;
                        }
                        Frame Armature_mixamorig_RightHandPinky3 {
                          FrameTransformMatrix {
                             1.000000,-0.000607,-0.000139, 0.000000,
                             0.000607, 0.900092, 0.435700, 0.000000,
                            -0.000139,-0.435700, 0.900092, 0.000000,
                            -0.000005, 2.335205, 0.000001, 1.000000;;
                          }
                          Frame Armature_mixamorig_RightHandPinky4 {
                            FrameTransformMatrix {
                               1.000000, 0.000000, 0.000000, 0.000000,
                              -0.000000, 1.000000,-0.000000, 0.000000,
                              -0.000000, 0.000000, 1.000000, 0.000000,
                              -0.000009, 2.037296,-0.000001, 1.000000;;
                            }
                          } // End of Armature_mixamorig_RightHandPinky4
                        } // End of Armature_mixamorig_RightHandPinky3
                      } // End of Armature_mixamorig_RightHandPinky2
                    } // End of Armature_mixamorig_RightHandPinky1
                    Frame Armature_mixamorig_RightHandRing1 {
                      FrameTransformMatrix {
                         0.996652, 0.080351, 0.015139, 0.000000,
                        -0.029983, 0.186896, 0.981922, 0.000000,
                         0.076069,-0.979088, 0.188680, 0.000000,
                        -2.241705, 9.308304,-0.143597, 1.000000;;
                      }
                      Frame Armature_mixamorig_RightHandRing2 {
                        FrameTransformMatrix {
                           0.999715,-0.020158,-0.012772, 0.000000,
                           0.018041, 0.288067, 0.957440, 0.000000,
                          -0.015620,-0.957398, 0.288348, 0.000000,
                           0.000003, 4.019394, 0.000003, 1.000000;;
                        }
                        Frame Armature_mixamorig_RightHandRing3 {
                          FrameTransformMatrix {
                             0.999784, 0.020757,-0.001198, 0.000000,
                            -0.015341, 0.775388, 0.631299, 0.000000,
                             0.014033,-0.631144, 0.775539, 0.000000,
                             0.000005, 2.790813, 0.000000, 1.000000;;
                          }
                          Frame Armature_mixamorig_RightHandRing4 {
                            FrameTransformMatrix {
                               1.000000,-0.000000,-0.000000, 0.000000,
                               0.000000, 1.000000,-0.000000, 0.000000,
                               0.000000, 0.000000, 1.000000, 0.000000,
                               0.000008, 2.540699, 0.000002, 1.000000;;
                            }
                          } // End of Armature_mixamorig_RightHandRing4
                        } // End of Armature_mixamorig_RightHandRing3
                      } // End of Armature_mixamorig_RightHandRing2
                    } // End of Armature_mixamorig_RightHandRing1
                    Frame Armature_mixamorig_RightHandThumb1 {
                      FrameTransformMatrix {
                         0.976733,-0.103456, 0.187858, 0.000000,
                        -0.095406, 0.574892, 0.812648, 0.000000,
                        -0.192071,-0.811663, 0.551645, 0.000000,
                         2.370401, 3.545502, 1.908100, 1.000000;;
                      }
                      Frame Armature_mixamorig_RightHandThumb2 {
                        FrameTransformMatrix {
                           0.951148, 0.004170, 0.308706, 0.000000,
                           0.056214, 0.980855,-0.186448, 0.000000,
                          -0.303574, 0.194693, 0.932704, 0.000000,
                           0.000002, 2.808395,-0.000001, 1.000000;;
                        }
                        Frame Armature_mixamorig_RightHandThumb3 {
                          FrameTransformMatrix {
                             0.927105, 0.226645,-0.298511, 0.000000,
                            -0.296312, 0.930931,-0.213463, 0.000000,
                             0.229513, 0.286355, 0.930228, 0.000000,
                             0.000003, 2.379003, 0.000001, 1.000000;;
                          }
                          Frame Armature_mixamorig_RightHandThumb4 {
                            FrameTransformMatrix {
                               1.000000,-0.000000, 0.000000, 0.000000,
                              -0.000000, 1.000000, 0.000000, 0.000000,
                              -0.000000, 0.000000, 1.000000, 0.000000,
                              -0.000000, 2.445004, 0.000007, 1.000000;;
                            }
                          } // End of Armature_mixamorig_RightHandThumb4
                        } // End of Armature_mixamorig_RightHandThumb3
                      } // End of Armature_mixamorig_RightHandThumb2
                    } // End of Armature_mixamorig_RightHandThumb1
                    Frame Armature_mixamorig_Sword_joint {
                      FrameTransformMatrix {
                        -0.000000,-1.000000,-0.000000, 0.000000,
                        -0.000000, 0.000000,-1.000000, 0.000000,
                         1.000000, 0.000000,-0.000000, 0.000000,
                        -0.770198, 7.959999, 2.820795, 1.000000;;
                      }
                    } // End of Armature_mixamorig_Sword_joint
                  } // End of Armature_mixamorig_RightHand
                } // End of Armature_mixamorig_RightForeArm
              } // End of Armature_mixamorig_RightArm
            } // End of Armature_mixamorig_RightShoulder
          } // End of Armature_mixamorig_Spine2
        } // End of Armature_mixamorig_Spine1
      } // End of Armature_mixamorig_Spine
    } // End of Armature_mixamorig_Hips
  } // End of Armature
} // End of Root
AnimationSet Global {
  Animation {
    {Armature}
    AnimationKey { // Rotation
      0;
      26;
      0;4;-0.707107, 0.707107, 0.000000, 0.000000;;,
      1;4;-0.707107, 0.707107, 0.000000, 0.000000;;,
      2;4;-0.707107, 0.707107, 0.000000, 0.000000;;,
      3;4;-0.707107, 0.707107, 0.000000, 0.000000;;,
      4;4;-0.707107, 0.707107, 0.000000, 0.000000;;,
      5;4;-0.707107, 0.707107, 0.000000, 0.000000;;,
      6;4;-0.707107, 0.707107, 0.000000, 0.000000;;,
      7;4;-0.707107, 0.707107, 0.000000, 0.000000;;,
      8;4;-0.707107, 0.707107, 0.000000, 0.000000;;,
      9;4;-0.707107, 0.707107, 0.000000, 0.000000;;,
      10;4;-0.707107, 0.707107, 0.000000, 0.000000;;,
      11;4;-0.707107, 0.707107, 0.000000, 0.000000;;,
      12;4;-0.707107, 0.707107, 0.000000, 0.000000;;,
      13;4;-0.707107, 0.707107, 0.000000, 0.000000;;,
      14;4;-0.707107, 0.707107, 0.000000, 0.000000;;,
      15;4;-0.707107, 0.707107, 0.000000, 0.000000;;,
      16;4;-0.707107, 0.707107, 0.000000, 0.000000;;,
      17;4;-0.707107, 0.707107, 0.000000, 0.000000;;,
      18;4;-0.707107, 0.707107, 0.000000, 0.000000;;,
      19;4;-0.707107, 0.707107, 0.000000, 0.000000;;,
      20;4;-0.707107, 0.707107, 0.000000, 0.000000;;,
      21;4;-0.707107, 0.707107, 0.000000, 0.000000;;,
      22;4;-0.707107, 0.707107, 0.000000, 0.000000;;,
      23;4;-0.707107, 0.707107, 0.000000, 0.000000;;,
      24;4;-0.707107, 0.707107, 0.000000, 0.000000;;,
      25;4;-0.707107, 0.707107, 0.000000, 0.000000;;;
    }
    AnimationKey { // Scale
      1;
      26;
      0;3; 0.100000, 0.100000, 0.100000;;,
      1;3; 0.100000, 0.100000, 0.100000;;,
      2;3; 0.100000, 0.100000, 0.100000;;,
      3;3; 0.100000, 0.100000, 0.100000;;,
      4;3; 0.100000, 0.100000, 0.100000;;,
      5;3; 0.100000, 0.100000, 0.100000;;,
      6;3; 0.100000, 0.100000, 0.100000;;,
      7;3; 0.100000, 0.100000, 0.100000;;,
      8;3; 0.100000, 0.100000, 0.100000;;,
      9;3; 0.100000, 0.100000, 0.100000;;,
      10;3; 0.100000, 0.100000, 0.100000;;,
      11;3; 0.100000, 0.100000, 0.100000;;,
      12;3; 0.100000, 0.100000, 0.100000;;,
      13;3; 0.100000, 0.100000, 0.100000;;,
      14;3; 0.100000, 0.100000, 0.100000;;,
      15;3; 0.100000, 0.100000, 0.100000;;,
      16;3; 0.100000, 0.100000, 0.100000;;,
      17;3; 0.100000, 0.100000, 0.100000;;,
      18;3; 0.100000, 0.100000, 0.100000;;,
      19;3; 0.100000, 0.100000, 0.100000;;,
      20;3; 0.100000, 0.100000, 0.100000;;,
      21;3; 0.100000, 0.100000, 0.100000;;,
      22;3; 0.100000, 0.100000, 0.100000;;,
      23;3; 0.100000, 0.100000, 0.100000;;,
      24;3; 0.100000, 0.100000, 0.100000;;,
      25;3; 0.100000, 0.100000, 0.100000;;;
    }
    AnimationKey { // Position
      2;
      26;
      0;3; 0.000000, 0.000000, 0.000000;;,
      1;3; 0.000000, 0.000000, 0.000000;;,
      2;3; 0.000000, 0.000000, 0.000000;;,
      3;3; 0.000000, 0.000000, 0.000000;;,
      4;3; 0.000000, 0.000000, 0.000000;;,
      5;3; 0.000000, 0.000000, 0.000000;;,
      6;3; 0.000000, 0.000000, 0.000000;;,
      7;3; 0.000000, 0.000000, 0.000000;;,
      8;3; 0.000000, 0.000000, 0.000000;;,
      9;3; 0.000000, 0.000000, 0.000000;;,
      10;3; 0.000000, 0.000000, 0.000000;;,
      11;3; 0.000000, 0.000000, 0.000000;;,
      12;3; 0.000000, 0.000000, 0.000000;;,
      13;3; 0.000000, 0.000000, 0.000000;;,
      14;3; 0.000000, 0.000000, 0.000000;;,
      15;3; 0.000000, 0.000000, 0.000000;;,
      16;3; 0.000000, 0.000000, 0.000000;;,
      17;3; 0.000000, 0.000000, 0.000000;;,
      18;3; 0.000000, 0.000000, 0.000000;;,
      19;3; 0.000000, 0.000000, 0.000000;;,
      20;3; 0.000000, 0.000000, 0.000000;;,
      21;3; 0.000000, 0.000000, 0.000000;;,
      22;3; 0.000000, 0.000000, 0.000000;;,
      23;3; 0.000000, 0.000000, 0.000000;;,
      24;3; 0.000000, 0.000000, 0.000000;;,
      25;3; 0.000000, 0.000000, 0.000000;;;
    }
  }
  Animation {
    {Armature_mixamorig_Hips}
    AnimationKey { // Rotation
      0;
      26;
      0;4;-0.981811,-0.029803,-0.184134, 0.035410;;,
      1;4;-0.983458,-0.037795,-0.173500, 0.035784;;,
      2;4;-0.984928,-0.045780,-0.162834, 0.036151;;,
      3;4;-0.984087,-0.043448,-0.168607, 0.035439;;,
      4;4;-0.981486,-0.031059,-0.185979, 0.033660;;,
      5;4;-0.978427,-0.018656,-0.203266, 0.031865;;,
      6;4;-0.974369,-0.002922,-0.223073, 0.028897;;,
      7;4;-0.969663, 0.012813,-0.242732, 0.025909;;,
      8;4;-0.963776, 0.016894,-0.265900, 0.012125;;,
      9;4;-0.961128, 0.013408,-0.275722, 0.005476;;,
      10;4;-0.958327, 0.009921,-0.285500,-0.001173;;,
      11;4;-0.954878, 0.006289,-0.296865,-0.006295;;,
      12;4;-0.951257, 0.002656,-0.308177,-0.011415;;,
      13;4;-0.942102, 0.000243,-0.335317, 0.002585;;,
      14;4;-0.941164, 0.003814,-0.337821, 0.008487;;,
      15;4;-0.940176, 0.007385,-0.340306, 0.014388;;,
      16;4;-0.949232, 0.008228,-0.313850, 0.019738;;,
      17;4;-0.960304, 0.013947,-0.275938, 0.038478;;,
      18;4;-0.963974, 0.015394,-0.260908, 0.049448;;,
      19;4;-0.967295, 0.016836,-0.245783, 0.060400;;,
      20;4;-0.969108, 0.015747,-0.236496, 0.068210;;,
      21;4;-0.970773, 0.014656,-0.227172, 0.076009;;,
      22;4;-0.973634,-0.002230,-0.214964, 0.076300;;,
      23;4;-0.975866,-0.009171,-0.207445, 0.067588;;,
      24;4;-0.977917,-0.016111,-0.199887, 0.058863;;,
      25;4;-0.981811,-0.029803,-0.184134, 0.035410;;;
    }
    AnimationKey { // Scale
      1;
      26;
      0;3; 1.000000, 1.000000, 1.000000;;,
      1;3; 1.000000, 1.000000, 1.000000;;,
      2;3; 1.000000, 1.000000, 1.000000;;,
      3;3; 1.000000, 1.000000, 1.000000;;,
      4;3; 1.000000, 1.000000, 1.000000;;,
      5;3; 1.000000, 1.000000, 1.000000;;,
      6;3; 1.000000, 1.000000, 1.000000;;,
      7;3; 1.000000, 1.000000, 1.000000;;,
      8;3; 1.000000, 1.000000, 1.000000;;,
      9;3; 1.000000, 1.000000, 1.000000;;,
      10;3; 1.000000, 1.000000, 1.000000;;,
      11;3; 1.000000, 1.000000, 1.000000;;,
      12;3; 1.000000, 1.000000, 1.000000;;,
      13;3; 1.000000, 1.000000, 1.000000;;,
      14;3; 1.000000, 1.000000, 1.000000;;,
      15;3; 1.000000, 1.000000, 1.000000;;,
      16;3; 1.000000, 1.000000, 1.000000;;,
      17;3; 1.000000, 1.000000, 1.000000;;,
      18;3; 1.000000, 1.000000, 1.000000;;,
      19;3; 1.000000, 1.000000, 1.000000;;,
      20;3; 1.000000, 1.000000, 1.000000;;,
      21;3; 1.000000, 1.000000, 1.000000;;,
      22;3; 1.000000, 1.000000, 1.000000;;,
      23;3; 1.000000, 1.000000, 1.000000;;,
      24;3; 1.000000, 1.000000, 1.000000;;,
      25;3; 1.000000, 1.000000, 1.000000;;;
    }
    AnimationKey { // Position
      2;
      26;
      0;3;-0.004178,87.267433, 0.032045;;,
      1;3;-0.004179,87.942490, 0.032045;;,
      2;3;-0.004180,88.617538, 0.032045;;,
      3;3;-0.004183,90.165726, 0.032045;;,
      4;3;-0.004184,90.831627, 0.032045;;,
      5;3;-0.004185,91.497528, 0.032045;;,
      6;3;-0.004186,91.866013, 0.032045;;,
      7;3;-0.004186,92.234489, 0.032045;;,
      8;3;-0.004186,92.204498, 0.032045;;,
      9;3;-0.004185,91.537788, 0.032045;;,
      10;3;-0.004184,90.871078, 0.032045;;,
      11;3;-0.004182,89.966156, 0.032045;;,
      12;3;-0.004181,89.061234, 0.032045;;,
      13;3;-0.004178,87.323921, 0.032045;;,
      14;3;-0.004177,87.059906, 0.032045;;,
      15;3;-0.004177,86.795898, 0.032045;;,
      16;3;-0.004179,88.044983, 0.032045;;,
      17;3;-0.004182,89.435455, 0.032045;;,
      18;3;-0.004182,89.706528, 0.032045;;,
      19;3;-0.004182,89.977600, 0.032045;;,
      20;3;-0.004182,89.755753, 0.032045;;,
      21;3;-0.004182,89.533905, 0.032045;;,
      22;3;-0.004180,88.674065, 0.032045;;,
      23;3;-0.004180,88.320969, 0.032045;;,
      24;3;-0.004179,87.967873, 0.032045;;,
      25;3;-0.004178,87.267441, 0.032045;;;
    }
  }
  Animation {
    {Armature_mixamorig_Spine}
    AnimationKey { // Rotation
      0;
      26;
      0;4;-0.988580, 0.143030,-0.041057, 0.023790;;,
      1;4;-0.986922, 0.147969,-0.060386, 0.021062;;,
      2;4;-0.984861, 0.152847,-0.079690, 0.018325;;,
      3;4;-0.984127, 0.140513,-0.107756, 0.011821;;,
      4;4;-0.986053, 0.124935,-0.109372, 0.011358;;,
      5;4;-0.987733, 0.109325,-0.110961, 0.010892;;,
      6;4;-0.989204, 0.098674,-0.107613, 0.012565;;,
      7;4;-0.990547, 0.088010,-0.104251, 0.014236;;,
      8;4;-0.990615, 0.097515,-0.093353, 0.021385;;,
      9;4;-0.991354, 0.101969,-0.079603, 0.021972;;,
      10;4;-0.991885, 0.106400,-0.065836, 0.022554;;,
      11;4;-0.992893, 0.108394,-0.044111, 0.021658;;,
      12;4;-0.993426, 0.110336,-0.022366, 0.020751;;,
