xof 0303txt 0032

template XSkinMeshHeader {
  <3cf169ce-ff7c-44ab-93c0-f78f62d172e2>
  WORD nMaxSkinWeightsPerVertex;
  WORD nMaxSkinWeightsPerFace;
  WORD nBones;
}

template SkinWeights {
  <6f0d123b-bad2-4167-a0d0-80224f25fabb>
  STRING transformNodeName;
  DWORD nWeights;
  array DWORD vertexIndices[nWeights];
  array float weights[nWeights];
  Matrix4x4 matrixOffset;
}

Frame Root {
  FrameTransformMatrix {
     1.000000, 0.000000, 0.000000, 0.000000,
     0.000000,-0.000000,-1.000000, 0.000000,
     0.000000, 1.000000,-0.000000, 0.000000,
     0.000000, 0.000000, 0.000000, 1.000000;;
  }
  Frame Armature {
    FrameTransformMatrix {
       0.100000, 0.000000, 0.000000, 0.000000,
       0.000000,-0.000000, 0.100000, 0.000000,
       0.000000,-0.100000,-0.000000, 0.000000,
       0.000000, 0.000000, 0.000000, 1.000000;;
    }
    Frame Armature_mixamorig_Hips {
      FrameTransformMatrix {
         0.753988,-0.014365, 0.656731, 0.000000,
        -0.093918, 0.987132, 0.129419, 0.000000,
        -0.650139,-0.159259, 0.742937, 0.000000,
        -0.024947,80.561256, 0.030256, 1.000000;;
      }
      Frame Armature_mixamorig_LeftUpLeg {
        FrameTransformMatrix {
          -0.658744, 0.016608, 0.752138, 0.000000,
           0.615415,-0.563224, 0.551369, 0.000000,
           0.432805, 0.826137, 0.360776, 0.000000,
           9.789100,-5.875903,-0.583700, 1.000000;;
        }
        Frame Armature_mixamorig_LeftLeg {
          FrameTransformMatrix {
             0.964691,-0.127384,-0.230530, 0.000000,
            -0.091654, 0.658199,-0.747243, 0.000000,
             0.246922, 0.741988, 0.623284, 0.000000,
             0.000000,41.702003,-0.000003, 1.000000;;
          }
          Frame Armature_mixamorig_LeftFoot {
            FrameTransformMatrix {
               0.974926,-0.212774,-0.065163, 0.000000,
               0.185313, 0.614167, 0.767110, 0.000000,
              -0.123200,-0.759952, 0.638197, 0.000000,
               0.000001,36.981026, 0.000003, 1.000000;;
            }
            Frame Armature_mixamorig_LeftToeBase {
              FrameTransformMatrix {
                 0.992139, 0.023624,-0.122889, 0.000000,
                 0.069015, 0.715876, 0.694809, 0.000000,
                 0.104388,-0.697828, 0.708618, 0.000000,
                 0.000003,16.700537,-0.000001, 1.000000;;
              }
              Frame Armature_mixamorig_LeftToe_End {
                FrameTransformMatrix {
                   1.000000,-0.000000,-0.000000, 0.000000,
                   0.000000, 1.000000, 0.000000, 0.000000,
                   0.000000,-0.000000, 1.000000, 0.000000,
                   0.000002, 7.120429, 0.000000, 1.000000;;
                }
              } // End of Armature_mixamorig_LeftToe_End
            } // End of Armature_mixamorig_LeftToeBase
          } // End of Armature_mixamorig_LeftFoot
        } // End of Armature_mixamorig_LeftLeg
      } // End of Armature_mixamorig_LeftUpLeg
      Frame Armature_mixamorig_RightUpLeg {
        FrameTransformMatrix {
          -0.758260, 0.337533,-0.557742, 0.000000,
          -0.555255,-0.782704, 0.281173, 0.000000,
          -0.341663, 0.522921, 0.780862, 0.000000,
          -9.857701,-5.875898,-0.583700, 1.000000;;
        }
        Frame Armature_mixamorig_RightLeg {
          FrameTransformMatrix {
             0.995770,-0.075988, 0.051655, 0.000000,
             0.090065, 0.695956,-0.712414, 0.000000,
             0.018185, 0.714053, 0.699856, 0.000000,
             0.000000,41.701996,-0.000005, 1.000000;;
          }
          Frame Armature_mixamorig_RightFoot {
            FrameTransformMatrix {
               0.837769, 0.525657, 0.147742, 0.000000,
              -0.338718, 0.288088, 0.895699, 0.000000,
               0.428268,-0.800431, 0.419401, 0.000000,
               0.000000,36.981030,-0.000001, 1.000000;;
            }
            Frame Armature_mixamorig_RightToeBase {
              FrameTransformMatrix {
                 0.998447,-0.026980, 0.048744, 0.000000,
                -0.013531, 0.731296, 0.681926, 0.000000,
                -0.054045,-0.681527, 0.729795, 0.000000,
                -0.000004,16.700535,-0.000002, 1.000000;;
              }
              Frame Armature_mixamorig_RightToe_End {
                FrameTransformMatrix {
                   1.000000,-0.000000, 0.000000, 0.000000,
                   0.000000, 1.000000, 0.000000, 0.000000,
                  -0.000000,-0.000000, 1.000000, 0.000000,
                  -0.000003, 7.120428,-0.000000, 1.000000;;
                }
              } // End of Armature_mixamorig_RightToe_End
            } // End of Armature_mixamorig_RightToeBase
          } // End of Armature_mixamorig_RightFoot
        } // End of Armature_mixamorig_RightLeg
      } // End of Armature_mixamorig_RightUpLeg
      Frame Armature_mixamorig_Spine {
        FrameTransformMatrix {
           0.996514,-0.047750,-0.068404, 0.000000,
           0.049266, 0.998572, 0.020641, 0.000000,
           0.067321,-0.023939, 0.997444, 0.000000,
           0.017300,10.574806,-1.117201, 1.000000;;
        }
        Frame Armature_mixamorig_Spine1 {
          FrameTransformMatrix {
             0.998873, 0.043276,-0.019483, 0.000000,
            -0.042846, 0.998840, 0.021994, 0.000000,
             0.020412,-0.021134, 0.999568, 0.000000,
            -0.000000,12.405999, 0.000000, 1.000000;;
          }
          Frame Armature_mixamorig_Spine2 {
            FrameTransformMatrix {
               0.999544, 0.022101,-0.020568, 0.000000,
              -0.019730, 0.993836, 0.109091, 0.000000,
               0.022852,-0.108636, 0.993819, 0.000000,
               0.000000,14.178300, 0.000002, 1.000000;;
            }
            Frame Armature_mixamorig_LeftShoulder {
              FrameTransformMatrix {
                 0.174230,-0.041764,-0.983819, 0.000000,
                 0.964499,-0.194120, 0.179049, 0.000000,
                -0.198457,-0.980088, 0.006460, 0.000000,
                 5.935000,13.670206,-1.662596, 1.000000;;
              }
              Frame Armature_mixamorig_LeftArm {
                FrameTransformMatrix {
                   0.963288, 0.264780, 0.044359, 0.000000,
                  -0.234405, 0.748948, 0.619783, 0.000000,
                   0.130883,-0.607428, 0.783518, 0.000000,
                   0.000000,12.607896,-0.000013, 1.000000;;
                }
                Frame Armature_mixamorig_LeftForeArm {
                  FrameTransformMatrix {
                    -0.061234, 0.849641, 0.523794, 0.000000,
                    -0.998000,-0.043868,-0.045513, 0.000000,
                    -0.015691,-0.525533, 0.850628, 0.000000,
                     0.000003,25.574310, 0.000002, 1.000000;;
                  }
                  Frame Armature_mixamorig_LeftHand {
                    FrameTransformMatrix {
                       0.999978, 0.006597,-0.000746, 0.000000,
                      -0.006544, 0.998358, 0.056903, 0.000000,
                       0.001120,-0.056897, 0.998379, 0.000000,
                       0.000005,21.603407,-0.000003, 1.000000;;
                    }
                    Frame Armature_mixamorig_LeftHandIndex1 {
                      FrameTransformMatrix {
                         0.988690, 0.136287, 0.062599, 0.000000,
                        -0.083122, 0.150530, 0.985105, 0.000000,
                         0.124834,-0.979166, 0.160156, 0.000000,
                        -2.341887, 9.909706,-0.291391, 1.000000;;
                      }
                      Frame Armature_mixamorig_LeftHandIndex2 {
                        FrameTransformMatrix {
                           0.997046, 0.076805, 0.000117, 0.000000,
                          -0.029551, 0.382205, 0.923605, 0.000000,
                           0.070893,-0.920880, 0.383346, 0.000000,
                           0.000009, 3.776704,-0.000001, 1.000000;;
                        }
                        Frame Armature_mixamorig_LeftHandIndex3 {
                          FrameTransformMatrix {
                             0.999424,-0.011449,-0.031947, 0.000000,
                             0.033934, 0.348763, 0.936596, 0.000000,
                             0.000419,-0.937141, 0.348951, 0.000000,
                            -0.000001, 2.542999, 0.000000, 1.000000;;
                          }
                          Frame Armature_mixamorig_LeftHandIndex4 {
                            FrameTransformMatrix {
                               1.000000, 0.000000,-0.000000, 0.000000,
                               0.000000, 1.000000,-0.000000, 0.000000,
                               0.000000, 0.000000, 1.000000, 0.000000,
                              -0.000003, 2.529098, 0.000004, 1.000000;;
                            }
                          } // End of Armature_mixamorig_LeftHandIndex4
                        } // End of Armature_mixamorig_LeftHandIndex3
                      } // End of Armature_mixamorig_LeftHandIndex2
                    } // End of Armature_mixamorig_LeftHandIndex1
                    Frame Armature_mixamorig_LeftHandMiddle1 {
                      FrameTransformMatrix {
                         0.994525,-0.041946, 0.095711, 0.000000,
                        -0.093193, 0.058355, 0.993937, 0.000000,
                        -0.047277,-0.997414, 0.054127, 0.000000,
                         0.000016, 9.700807, 0.000003, 1.000000;;
                      }
                      Frame Armature_mixamorig_LeftHandMiddle2 {
                        FrameTransformMatrix {
                           0.996322, 0.085675, 0.001387, 0.000000,
                          -0.021200, 0.230784, 0.972774, 0.000000,
                           0.083022,-0.969226, 0.231752, 0.000000,
                           0.000006, 4.014605, 0.000000, 1.000000;;
                        }
                        Frame Armature_mixamorig_LeftHandMiddle3 {
                          FrameTransformMatrix {
                             0.999616,-0.009079,-0.026193, 0.000000,
                             0.027666, 0.386754, 0.921768, 0.000000,
                             0.001761,-0.922138, 0.386856, 0.000000,
                             0.000003, 2.996707,-0.000002, 1.000000;;
                          }
                          Frame Armature_mixamorig_LeftHandMiddle4 {
                            FrameTransformMatrix {
                               1.000000,-0.000000,-0.000000, 0.000000,
                              -0.000000, 1.000000,-0.000000, 0.000000,
                               0.000000, 0.000000, 1.000000, 0.000000,
                              -0.000003, 2.824997, 0.000007, 1.000000;;
                            }
                          } // End of Armature_mixamorig_LeftHandMiddle4
                        } // End of Armature_mixamorig_LeftHandMiddle3
                      } // End of Armature_mixamorig_LeftHandMiddle2
                    } // End of Armature_mixamorig_LeftHandMiddle1
                    Frame Armature_mixamorig_LeftHandPinky1 {
                      FrameTransformMatrix {
                         0.977751,-0.143441, 0.153063, 0.000000,
                        -0.143738, 0.073319, 0.986896, 0.000000,
                        -0.152784,-0.986939, 0.051070, 0.000000,
                         4.712718, 8.985504,-0.221595, 1.000000;;
                      }
                      Frame Armature_mixamorig_LeftHandPinky2 {
                        FrameTransformMatrix {
                           0.999999, 0.001447, 0.000972, 0.000000,
                          -0.001331, 0.273864, 0.961768, 0.000000,
                           0.001126,-0.961767, 0.273865, 0.000000,
                          -0.000013, 3.562497,-0.000002, 1.000000;;
                        }
                        Frame Armature_mixamorig_LeftHandPinky3 {
                          FrameTransformMatrix {
                             0.999999, 0.001077, 0.000440, 0.000000,
                            -0.001043, 0.661960, 0.749539, 0.000000,
                             0.000516,-0.749539, 0.661961, 0.000000,
                             0.000005, 2.335200,-0.000001, 1.000000;;
                          }
                          Frame Armature_mixamorig_LeftHandPinky4 {
                            FrameTransformMatrix {
                               1.000000, 0.000000,-0.000000, 0.000000,
                               0.000000, 1.000000, 0.000000, 0.000000,
                               0.000000,-0.000000, 1.000000, 0.000000,
                               0.000005, 2.037282, 0.000001, 1.000000;;
                            }
                          } // End of Armature_mixamorig_LeftHandPinky4
                        } // End of Armature_mixamorig_LeftHandPinky3
                      } // End of Armature_mixamorig_LeftHandPinky2
                    } // End of Armature_mixamorig_LeftHandPinky1
                    Frame Armature_mixamorig_LeftHandRing1 {
                      FrameTransformMatrix {
                         0.994607,-0.067990, 0.078318, 0.000000,
                        -0.078985,-0.007167, 0.996850, 0.000000,
                        -0.067214,-0.997660,-0.012499, 0.000000,
                         2.241714, 9.308405,-0.143492, 1.000000;;
                      }
                      Frame Armature_mixamorig_LeftHandRing2 {
                        FrameTransformMatrix {
                           0.999737, 0.012131, 0.019478, 0.000000,
                          -0.022885, 0.464638, 0.885205, 0.000000,
                           0.001688,-0.885418, 0.464794, 0.000000,
                           0.000012, 4.019393,-0.000003, 1.000000;;
                        }
                        Frame Armature_mixamorig_LeftHandRing3 {
                          FrameTransformMatrix {
                             0.999789,-0.020446, 0.002033, 0.000000,
                             0.004207, 0.300525, 0.953765, 0.000000,
                            -0.020111,-0.953555, 0.300547, 0.000000,
                             0.000003, 2.790814, 0.000003, 1.000000;;
                          }
                          Frame Armature_mixamorig_LeftHandRing4 {
                            FrameTransformMatrix {
                               1.000000, 0.000000, 0.000000, 0.000000,
                              -0.000000, 1.000000,-0.000000, 0.000000,
                              -0.000000, 0.000000, 1.000000, 0.000000,
                              -0.000018, 2.540698,-0.000005, 1.000000;;
                            }
                          } // End of Armature_mixamorig_LeftHandRing4
                        } // End of Armature_mixamorig_LeftHandRing3
                      } // End of Armature_mixamorig_LeftHandRing2
                    } // End of Armature_mixamorig_LeftHandRing1
                    Frame Armature_mixamorig_LeftHandThumb1 {
                      FrameTransformMatrix {
                         0.857894, 0.512731, 0.033535, 0.000000,
                        -0.403426, 0.631711, 0.661958, 0.000000,
                         0.318223,-0.581419, 0.748790, 0.000000,
                        -2.370390, 3.545600, 1.908202, 1.000000;;
                      }
                      Frame Armature_mixamorig_LeftHandThumb2 {
                        FrameTransformMatrix {
                           0.922590,-0.322804,-0.211246, 0.000000,
                           0.321792, 0.945959,-0.040132, 0.000000,
                           0.212785,-0.030952, 0.976609, 0.000000,
                          -0.000011, 2.808403,-0.000009, 1.000000;;
                        }
                        Frame Armature_mixamorig_LeftHandThumb3 {
                          FrameTransformMatrix {
                             0.590040, 0.029308,-0.806842, 0.000000,
                             0.439596, 0.826561, 0.351499, 0.000000,
                             0.677206,-0.562083, 0.474820, 0.000000,
                             0.000002, 2.379000, 0.000007, 1.000000;;
                          }
                          Frame Armature_mixamorig_LeftHandThumb4 {
                            FrameTransformMatrix {
                               1.000000, 0.000000,-0.000000, 0.000000,
                              -0.000000, 1.000000, 0.000000, 0.000000,
                               0.000000,-0.000000, 1.000000, 0.000000,
                              -0.000000, 2.445003, 0.000005, 1.000000;;
                            }
                          } // End of Armature_mixamorig_LeftHandThumb4
                        } // End of Armature_mixamorig_LeftHandThumb3
                      } // End of Armature_mixamorig_LeftHandThumb2
                    } // End of Armature_mixamorig_LeftHandThumb1
                  } // End of Armature_mixamorig_LeftHand
                  Frame Armature_mixamorig_Shield_joint {
                    FrameTransformMatrix {
                       0.000000, 1.000000,-0.000000, 0.000000,
                       0.000000,-0.000000,-1.000000, 0.000000,
                      -1.000000, 0.000000,-0.000000, 0.000000,
                       0.398205,14.663404,-5.648609, 1.000000;;
                    }
                  } // End of Armature_mixamorig_Shield_joint
                } // End of Armature_mixamorig_LeftForeArm
              } // End of Armature_mixamorig_LeftArm
            } // End of Armature_mixamorig_LeftShoulder
            Frame Armature_mixamorig_Neck {
              FrameTransformMatrix {
                 0.985070,-0.032878,-0.168988, 0.000000,
                 0.027000, 0.998952,-0.036964, 0.000000,
                 0.170026, 0.031849, 0.984925, 0.000000,
                 0.024400,15.862297,-1.675797, 1.000000;;
              }
              Frame Armature_mixamorig_Head {
                FrameTransformMatrix {
                   0.912383,-0.112642,-0.393533, 0.000000,
                   0.079624, 0.991867,-0.099302, 0.000000,
                   0.401518, 0.059267, 0.913931, 0.000000,
                   0.000001, 5.563984, 0.988103, 1.000000;;
                }
                Frame Armature_mixamorig_HeadTop_End {
                  FrameTransformMatrix {
                     1.000000, 0.000000,-0.000000, 0.000000,
                     0.000000, 1.000000,-0.000000, 0.000000,
                    -0.000000, 0.000000, 1.000000, 0.000000,
                     0.000000,18.311901, 3.086900, 1.000000;;
                  }
                } // End of Armature_mixamorig_HeadTop_End
                Frame Armature_mixamorig_LeftEye {
                  FrameTransformMatrix {
                    -0.000000,-0.000000,-1.000000, 0.000000,
                     1.000000,-0.000000,-0.000000, 0.000000,
                    -0.000000,-1.000000,-0.000000, 0.000000,
                     2.284400, 7.935695, 7.063701, 1.000000;;
                  }
                } // End of Armature_mixamorig_LeftEye
                Frame Armature_mixamorig_RightEye {
                  FrameTransformMatrix {
                     0.000000,-0.000000, 1.000000, 0.000000,
                    -1.000000, 0.000000,-0.000000, 0.000000,
                    -0.000000,-1.000000,-0.000000, 0.000000,
                    -2.377501, 7.935702, 7.063699, 1.000000;;
                  }
                } // End of Armature_mixamorig_RightEye
              } // End of Armature_mixamorig_Head
            } // End of Armature_mixamorig_Neck
            Frame Armature_mixamorig_RightShoulder {
              FrameTransformMatrix {
                -0.328805, 0.121538, 0.936544, 0.000000,
                -0.929116,-0.219306,-0.297737, 0.000000,
                 0.169203,-0.968057, 0.185032, 0.000000,
                -5.979199,13.670201,-1.662597, 1.000000;;
              }
              Frame Armature_mixamorig_RightArm {
                FrameTransformMatrix {
                   0.997825,-0.030657, 0.058359, 0.000000,
                  -0.018875, 0.715356, 0.698505, 0.000000,
                  -0.063162,-0.698087, 0.713222, 0.000000,
                   0.000001,12.607895, 0.000010, 1.000000;;
                }
                Frame Armature_mixamorig_RightForeArm {
                  FrameTransformMatrix {
                     0.266616,-0.960679,-0.077531, 0.000000,
                     0.963801, 0.265895, 0.019672, 0.000000,
                     0.001717,-0.079969, 0.996796, 0.000000,
                     0.000004,25.574289, 0.000008, 1.000000;;
                  }
                  Frame Armature_mixamorig_RightHand {
                    FrameTransformMatrix {
                       0.884751,-0.464192,-0.041728, 0.000000,
                       0.464486, 0.870855, 0.160822, 0.000000,
                      -0.038314,-0.161670, 0.986101, 0.000000,
                      -0.000009,21.603506,-0.000009, 1.000000;;
                    }
                    Frame Armature_mixamorig_RightHandIndex1 {
                      FrameTransformMatrix {
                         0.998625, 0.052413,-0.001239, 0.000000,
                        -0.023980, 0.477655, 0.878220, 0.000000,
                         0.046623,-0.876983, 0.478255, 0.000000,
                         2.341897, 9.909598,-0.291397, 1.000000;;
                      }
                      Frame Armature_mixamorig_RightHandIndex2 {
                        FrameTransformMatrix {
                           0.997041,-0.076868,-0.000040, 0.000000,
                           0.030554, 0.395833, 0.917814, 0.000000,
                          -0.070535,-0.915100, 0.397011, 0.000000,
                          -0.000013, 3.776709, 0.000001, 1.000000;;
                        }
                        Frame Armature_mixamorig_RightHandIndex3 {
                          FrameTransformMatrix {
                             0.999417, 0.007270, 0.033364, 0.000000,
                            -0.032428, 0.508175, 0.860643, 0.000000,
                            -0.010697,-0.861223, 0.508115, 0.000000,
                            -0.000005, 2.542998,-0.000003, 1.000000;;
                          }
                          Frame Armature_mixamorig_RightHandIndex4 {
                            FrameTransformMatrix {
                               1.000000, 0.000000,-0.000000, 0.000000,
                               0.000000, 1.000000,-0.000000, 0.000000,
                              -0.000000,-0.000000, 1.000000, 0.000000,
                              -0.000013, 2.529004, 0.000007, 1.000000;;
                            }
                          } // End of Armature_mixamorig_RightHandIndex4
                        } // End of Armature_mixamorig_RightHandIndex3
                      } // End of Armature_mixamorig_RightHandIndex2
                    } // End of Armature_mixamorig_RightHandIndex1
                    Frame Armature_mixamorig_RightHandMiddle1 {
                      FrameTransformMatrix {
                         0.999767, 0.002023,-0.021482, 0.000000,
                         0.019208, 0.370172, 0.928765, 0.000000,
                         0.009831,-0.928961, 0.370047, 0.000000,
                        -0.000008, 9.700598, 0.000001, 1.000000;;
                      }
                      Frame Armature_mixamorig_RightHandMiddle2 {
                        FrameTransformMatrix {
                           0.996323,-0.085656,-0.001598, 0.000000,
                           0.009803, 0.095465, 0.995385, 0.000000,
                          -0.085108,-0.991741, 0.095954, 0.000000,
                           0.000003, 4.014605,-0.000002, 1.000000;;
                        }
                        Frame Armature_mixamorig_RightHandMiddle3 {
                          FrameTransformMatrix {
                             0.999604, 0.023145, 0.015996, 0.000000,
                            -0.028119, 0.841136, 0.540093, 0.000000,
                            -0.000955,-0.540329, 0.841453, 0.000000,
                             0.000000, 2.996699,-0.000000, 1.000000;;
                          }
                          Frame Armature_mixamorig_RightHandMiddle4 {
                            FrameTransformMatrix {
                               1.000000,-0.000000, 0.000000, 0.000000,
                              -0.000000, 1.000000,-0.000000, 0.000000,
                               0.000000,-0.000000, 1.000000, 0.000000,
                              -0.000000, 2.824987,-0.000010, 1.000000;;
                            }
                          } // End of Armature_mixamorig_RightHandMiddle4
                        } // End of Armature_mixamorig_RightHandMiddle3
                      } // End of Armature_mixamorig_RightHandMiddle2
                    } // End of Armature_mixamorig_RightHandMiddle1
                    Frame Armature_mixamorig_RightHandPinky1 {
                      FrameTransformMatrix {
                         0.997591,-0.001995,-0.069341, 0.000000,
                         0.069343, 0.056400, 0.995997, 0.000000,
                         0.001923,-0.998406, 0.056402, 0.000000,
                        -4.712808, 8.985298,-0.221697, 1.000000;;
                      }
                      Frame Armature_mixamorig_RightHandPinky2 {
                        FrameTransformMatrix {
                           0.999999,-0.001130,-0.000583, 0.000000,
                           0.001132, 0.581894, 0.813264, 0.000000,
                          -0.000580,-0.813264, 0.581895, 0.000000,
                          -0.000005, 3.562510,-0.000002, 1.000000;;
                        }
                        Frame Armature_mixamorig_RightHandPinky3 {
                          FrameTransformMatrix {
                             1.000000,-0.000606,-0.000139, 0.000000,
                             0.000606, 0.900092, 0.435700, 0.000000,
                            -0.000139,-0.435700, 0.900092, 0.000000,
                            -0.000005, 2.335204,-0.000004, 1.000000;;
                          }
                          Frame Armature_mixamorig_RightHandPinky4 {
                            FrameTransformMatrix {
                               1.000000, 0.000000, 0.000000, 0.000000,
                              -0.000000, 1.000000,-0.000000, 0.000000,
                              -0.000000, 0.000000, 1.000000, 0.000000,
                              -0.000002, 2.037299,-0.000003, 1.000000;;
                            }
                          } // End of Armature_mixamorig_RightHandPinky4
                        } // End of Armature_mixamorig_RightHandPinky3
                      } // End of Armature_mixamorig_RightHandPinky2
                    } // End of Armature_mixamorig_RightHandPinky1
                    Frame Armature_mixamorig_RightHandRing1 {
                      FrameTransformMatrix {
                         0.996652, 0.080351, 0.015139, 0.000000,
                        -0.029983, 0.186897, 0.981922, 0.000000,
                         0.076069,-0.979088, 0.188680, 0.000000,
                        -2.241707, 9.308304,-0.143590, 1.000000;;
                      }
                      Frame Armature_mixamorig_RightHandRing2 {
                        FrameTransformMatrix {
                           0.999715,-0.020158,-0.012772, 0.000000,
                           0.018040, 0.288066, 0.957441, 0.000000,
                          -0.015620,-0.957398, 0.288348, 0.000000,
                           0.000004, 4.019399,-0.000004, 1.000000;;
                        }
                        Frame Armature_mixamorig_RightHandRing3 {
                          FrameTransformMatrix {
                             0.999784, 0.020757,-0.001198, 0.000000,
                            -0.015341, 0.775388, 0.631299, 0.000000,
                             0.014033,-0.631144, 0.775539, 0.000000,
                            -0.000004, 2.790812,-0.000003, 1.000000;;
                          }
                          Frame Armature_mixamorig_RightHandRing4 {
                            FrameTransformMatrix {
                               1.000000, 0.000000, 0.000000, 0.000000,
                               0.000000, 1.000000,-0.000000, 0.000000,
                               0.000000, 0.000000, 1.000000, 0.000000,
                               0.000005, 2.540699, 0.000003, 1.000000;;
                            }
                          } // End of Armature_mixamorig_RightHandRing4
                        } // End of Armature_mixamorig_RightHandRing3
                      } // End of Armature_mixamorig_RightHandRing2
                    } // End of Armature_mixamorig_RightHandRing1
                    Frame Armature_mixamorig_RightHandThumb1 {
                      FrameTransformMatrix {
                         0.976732,-0.103456, 0.187858, 0.000000,
                        -0.095406, 0.574892, 0.812648, 0.000000,
                        -0.192072,-0.811663, 0.551645, 0.000000,
                         2.370397, 3.545501, 1.908102, 1.000000;;
                      }
                      Frame Armature_mixamorig_RightHandThumb2 {
                        FrameTransformMatrix {
                           0.951148, 0.004170, 0.308707, 0.000000,
                           0.056214, 0.980855,-0.186449, 0.000000,
                          -0.303574, 0.194694, 0.932704, 0.000000,
                           0.000008, 2.808397,-0.000003, 1.000000;;
                        }
                        Frame Armature_mixamorig_RightHandThumb3 {
                          FrameTransformMatrix {
                             0.927105, 0.226646,-0.298511, 0.000000,
                            -0.296312, 0.930931,-0.213463, 0.000000,
                             0.229512, 0.286355, 0.930228, 0.000000,
                            -0.000006, 2.378997, 0.000011, 1.000000;;
                          }
                          Frame Armature_mixamorig_RightHandThumb4 {
                            FrameTransformMatrix {
                               1.000000, 0.000000, 0.000000, 0.000000,
                              -0.000000, 1.000000,-0.000000, 0.000000,
                              -0.000000,-0.000000, 1.000000, 0.000000,
                               0.000007, 2.445007, 0.000005, 1.000000;;
                            }
                          } // End of Armature_mixamorig_RightHandThumb4
                        } // End of Armature_mixamorig_RightHandThumb3
                      } // End of Armature_mixamorig_RightHandThumb2
                    } // End of Armature_mixamorig_RightHandThumb1
                    Frame Armature_mixamorig_Sword_joint {
                      FrameTransformMatrix {
                         0.000000,-1.000000,-0.000000, 0.000000,
                        -0.000000, 0.000000,-1.000000, 0.000000,
                         1.000000, 0.000000,-0.000000, 0.000000,
                        -0.770200, 7.959998, 2.820798, 1.000000;;
                      }
                    } // End of Armature_mixamorig_Sword_joint
                  } // End of Armature_mixamorig_RightHand
                } // End of Armature_mixamorig_RightForeArm
              } // End of Armature_mixamorig_RightArm
            } // End of Armature_mixamorig_RightShoulder
          } // End of Armature_mixamorig_Spine2
        } // End of Armature_mixamorig_Spine1
      } // End of Armature_mixamorig_Spine
    } // End of Armature_mixamorig_Hips
  } // End of Armature
} // End of Root
AnimationSet Global {
  Animation {
    {Armature}
    AnimationKey { // Rotation
      0;
      26;
      0;4;-0.707107, 0.707107, 0.000000, 0.000000;;,
      1;4;-0.707107, 0.707107, 0.000000, 0.000000;;,
      2;4;-0.707107, 0.707107, 0.000000, 0.000000;;,
      3;4;-0.707107, 0.707107, 0.000000, 0.000000;;,
      4;4;-0.707107, 0.707107, 0.000000, 0.000000;;,
      5;4;-0.707107, 0.707107, 0.000000, 0.000000;;,
      6;4;-0.707107, 0.707107, 0.000000, 0.000000;;,
      7;4;-0.707107, 0.707107, 0.000000, 0.000000;;,
      8;4;-0.707107, 0.707107, 0.000000, 0.000000;;,
      9;4;-0.707107, 0.707107, 0.000000, 0.000000;;,
      10;4;-0.707107, 0.707107, 0.000000, 0.000000;;,
      11;4;-0.707107, 0.707107, 0.000000, 0.000000;;,
      12;4;-0.707107, 0.707107, 0.000000, 0.000000;;,
      13;4;-0.707107, 0.707107, 0.000000, 0.000000;;,
      14;4;-0.707107, 0.707107, 0.000000, 0.000000;;,
      15;4;-0.707107, 0.707107, 0.000000, 0.000000;;,
      16;4;-0.707107, 0.707107, 0.000000, 0.000000;;,
      17;4;-0.707107, 0.707107, 0.000000, 0.000000;;,
      18;4;-0.707107, 0.707107, 0.000000, 0.000000;;,
      19;4;-0.707107, 0.707107, 0.000000, 0.000000;;,
      20;4;-0.707107, 0.707107, 0.000000, 0.000000;;,
      21;4;-0.707107, 0.707107, 0.000000, 0.000000;;,
      22;4;-0.707107, 0.707107, 0.000000, 0.000000;;,
      23;4;-0.707107, 0.707107, 0.000000, 0.000000;;,
      24;4;-0.707107, 0.707107, 0.000000, 0.000000;;,
      25;4;-0.707107, 0.707107, 0.000000, 0.000000;;;
    }
    AnimationKey { // Scale
      1;
      26;
      0;3; 0.100000, 0.100000, 0.100000;;,
      1;3; 0.100000, 0.100000, 0.100000;;,
      2;3; 0.100000, 0.100000, 0.100000;;,
      3;3; 0.100000, 0.100000, 0.100000;;,
      4;3; 0.100000, 0.100000, 0.100000;;,
      5;3; 0.100000, 0.100000, 0.100000;;,
      6;3; 0.100000, 0.100000, 0.100000;;,
      7;3; 0.100000, 0.100000, 0.100000;;,
      8;3; 0.100000, 0.100000, 0.100000;;,
      9;3; 0.100000, 0.100000, 0.100000;;,
      10;3; 0.100000, 0.100000, 0.100000;;,
      11;3; 0.100000, 0.100000, 0.100000;;,
      12;3; 0.100000, 0.100000, 0.100000;;,
      13;3; 0.100000, 0.100000, 0.100000;;,
      14;3; 0.100000, 0.100000, 0.100000;;,
      15;3; 0.100000, 0.100000, 0.100000;;,
      16;3; 0.100000, 0.100000, 0.100000;;,
      17;3; 0.100000, 0.100000, 0.100000;;,
      18;3; 0.100000, 0.100000, 0.100000;;,
      19;3; 0.100000, 0.100000, 0.100000;;,
      20;3; 0.100000, 0.100000, 0.100000;;,
      21;3; 0.100000, 0.100000, 0.100000;;,
      22;3; 0.100000, 0.100000, 0.100000;;,
      23;3; 0.100000, 0.100000, 0.100000;;,
      24;3; 0.100000, 0.100000, 0.100000;;,
      25;3; 0.100000, 0.100000, 0.100000;;;
    }
    AnimationKey { // Position
      2;
      26;
      0;3; 0.000000, 0.000000, 0.000000;;,
      1;3; 0.000000, 0.000000, 0.000000;;,
      2;3; 0.000000, 0.000000, 0.000000;;,
      3;3; 0.000000, 0.000000, 0.000000;;,
      4;3; 0.000000, 0.000000, 0.000000;;,
      5;3; 0.000000, 0.000000, 0.000000;;,
      6;3; 0.000000, 0.000000, 0.000000;;,
      7;3; 0.000000, 0.000000, 0.000000;;,
      8;3; 0.000000, 0.000000, 0.000000;;,
      9;3; 0.000000, 0.000000, 0.000000;;,
      10;3; 0.000000, 0.000000, 0.000000;;,
      11;3; 0.000000, 0.000000, 0.000000;;,
      12;3; 0.000000, 0.000000, 0.000000;;,
      13;3; 0.000000, 0.000000, 0.000000;;,
      14;3; 0.000000, 0.000000, 0.000000;;,
      15;3; 0.000000, 0.000000, 0.000000;;,
      16;3; 0.000000, 0.000000, 0.000000;;,
      17;3; 0.000000, 0.000000, 0.000000;;,
      18;3; 0.000000, 0.000000, 0.000000;;,
      19;3; 0.000000, 0.000000, 0.000000;;,
      20;3; 0.000000, 0.000000, 0.000000;;,
      21;3; 0.000000, 0.000000, 0.000000;;,
      22;3; 0.000000, 0.000000, 0.000000;;,
      23;3; 0.000000, 0.000000, 0.000000;;,
      24;3; 0.000000, 0.000000, 0.000000;;,
      25;3; 0.000000, 0.000000, 0.000000;;;
    }
  }
  Animation {
    {Armature_mixamorig_Hips}
    AnimationKey { // Rotation
      0;
      26;
      0;4;-0.933282, 0.077329,-0.350074, 0.021310;;,
      1;4;-0.941858, 0.074409,-0.327658, 0.002822;;,
      2;4;-0.949768, 0.072598,-0.304235,-0.010584;;,
      3;4;-0.957765, 0.072168,-0.277743,-0.018331;;,
      4;4;-0.965570, 0.072517,-0.248737,-0.023357;;,
      5;4;-0.970554, 0.073244,-0.227860,-0.027216;;,
      6;4;-0.970968, 0.073919,-0.225418,-0.030728;;,
      7;4;-0.970850, 0.074743,-0.225337,-0.032968;;,
      8;4;-0.970784, 0.075193,-0.225264,-0.034364;;,
      9;4;-0.970747, 0.075369,-0.225180,-0.035550;;,
      10;4;-0.970720, 0.075473,-0.225093,-0.036611;;,
      11;4;-0.970701, 0.075508,-0.225011,-0.037525;;,
      12;4;-0.970702, 0.075394,-0.224947,-0.038123;;,
      13;4;-0.970719, 0.075121,-0.224916,-0.038394;;,
      14;4;-0.970763, 0.074665,-0.224897,-0.038289;;,
      15;4;-0.970831, 0.073991,-0.224918,-0.037748;;,
      16;4;-0.970716, 0.073126,-0.225939,-0.036266;;,
      17;4;-0.970354, 0.072283,-0.228079,-0.034179;;,
      18;4;-0.968935, 0.071928,-0.234655,-0.030453;;,
      19;4;-0.965813, 0.072321,-0.247754,-0.024368;;,
      20;4;-0.961794, 0.072992,-0.263292,-0.017382;;,
      21;4;-0.957309, 0.073716,-0.279323,-0.010183;;,
      22;4;-0.952286, 0.074513,-0.295960,-0.002734;;,
      23;4;-0.946638, 0.075384,-0.313319, 0.005008;;,
      24;4;-0.940161, 0.076375,-0.331799, 0.013185;;,
      25;4;-0.933282, 0.077329,-0.350074, 0.021310;;;
    }
    AnimationKey { // Scale
      1;
      26;
      0;3; 1.000000, 1.000000, 1.000000;;,
      1;3; 1.000000, 1.000000, 1.000000;;,
      2;3; 1.000000, 1.000000, 1.000000;;,
      3;3; 1.000000, 1.000000, 1.000000;;,
      4;3; 1.000000, 1.000000, 1.000000;;,
      5;3; 1.000000, 1.000000, 1.000000;;,
      6;3; 1.000000, 1.000000, 1.000000;;,
      7;3; 1.000000, 1.000000, 1.000000;;,
      8;3; 1.000000, 1.000000, 1.000000;;,
      9;3; 1.000000, 1.000000, 1.000000;;,
      10;3; 1.000000, 1.000000, 1.000000;;,
      11;3; 1.000000, 1.000000, 1.000000;;,
      12;3; 1.000000, 1.000000, 1.000000;;,
      13;3; 1.000000, 1.000000, 1.000000;;,
      14;3; 1.000000, 1.000000, 1.000000;;,
      15;3; 1.000000, 1.000000, 1.000000;;,
      16;3; 1.000000, 1.000000, 1.000000;;,
      17;3; 1.000000, 1.000000, 1.000000;;,
      18;3; 1.000000, 1.000000, 1.000000;;,
      19;3; 1.000000, 1.000000, 1.000000;;,
      20;3; 1.000000, 1.000000, 1.000000;;,
      21;3; 1.000000, 1.000000, 1.000000;;,
      22;3; 1.000000, 1.000000, 1.000000;;,
      23;3; 1.000000, 1.000000, 1.000000;;,
      24;3; 1.000000, 1.000000, 1.000000;;,
      25;3; 1.000000, 1.000000, 1.000000;;;
    }
    AnimationKey { // Position
      2;
      26;
      0;3;-0.024947,80.561256, 0.030256;;,
      1;3;-0.024950,81.854485, 0.030256;;,
      2;3;-0.024951,82.728912, 0.030256;;,
      3;3;-0.024952,83.175217, 0.030256;;,
      4;3;-0.024953,83.465302, 0.030256;;,
      5;3;-0.024953,83.820717, 0.030256;;,
      6;3;-0.024953,83.736320, 0.030256;;,
      7;3;-0.024951,82.658371, 0.030256;;,
      8;3;-0.024950,81.828377, 0.030256;;,
      9;3;-0.024949,81.579369, 0.030256;;,
      10;3;-0.024949,81.525841, 0.030256;;,
      11;3;-0.024949,81.565872, 0.030256;;,
      12;3;-0.024949,81.676010, 0.030256;;,
      13;3;-0.024950,81.733574, 0.030256;;,
      14;3;-0.024950,81.778358, 0.030256;;,
      15;3;-0.024950,81.834122, 0.030256;;,
      16;3;-0.024950,81.919548, 0.030256;;,
      17;3;-0.024950,82.028290, 0.030256;;,
      18;3;-0.024950,82.230690, 0.030256;;,
      19;3;-0.024951,82.519135, 0.030256;;,
      20;3;-0.024951,82.717941, 0.030256;;,
      21;3;-0.024951,82.864922, 0.030256;;,
      22;3;-0.024951,82.771660, 0.030256;;,
      23;3;-0.024951,82.426987, 0.030256;;,
      24;3;-0.024949,81.542221, 0.030256;;,
      25;3;-0.024947,80.561256, 0.030256;;;
    }
  }
  Animation {
    {Armature_mixamorig_Spine}
    AnimationKey { // Rotation
      0;
      26;
      0;4;-0.999066, 0.011156, 0.033963,-0.024277;;,
      1;4;-0.999900, 0.010200,-0.001344,-0.009725;;,
      2;4;-0.999323, 0.009265,-0.035583, 0.001233;;,
      3;4;-0.997499, 0.007242,-0.070030, 0.006211;;,
      4;4;-0.994404, 0.003715,-0.105404, 0.006033;;,
      5;4;-0.990671,-0.001317,-0.136254, 0.002091;;,
      6;4;-0.988514,-0.005141,-0.151040, 0.001090;;,
      7;4;-0.988317,-0.006029,-0.152126, 0.007113;;,
      8;4;-0.988238,-0.005246,-0.152077, 0.015204;;,
      9;4;-0.988155,-0.004590,-0.152105, 0.019821;;,
      10;4;-0.988121,-0.004412,-0.152192, 0.020869;;,
      11;4;-0.988099,-0.004333,-0.152302, 0.021102;;,
      12;4;-0.988080,-0.004270,-0.152426, 0.021120;;,
