xof 0303txt 0032

template XSkinMeshHeader {
  <3cf169ce-ff7c-44ab-93c0-f78f62d172e2>
  WORD nMaxSkinWeightsPerVertex;
  WORD nMaxSkinWeightsPerFace;
  WORD nBones;
}

template SkinWeights {
  <6f0d123b-bad2-4167-a0d0-80224f25fabb>
  STRING transformNodeName;
  DWORD nWeights;
  array DWORD vertexIndices[nWeights];
  array float weights[nWeights];
  Matrix4x4 matrixOffset;
}

Frame Root {
  FrameTransformMatrix {
     1.000000, 0.000000, 0.000000, 0.000000,
     0.000000,-0.000000,-1.000000, 0.000000,
     0.000000, 1.000000,-0.000000, 0.000000,
     0.000000, 0.000000, 0.000000, 1.000000;;
  }
  Frame Armature {
    FrameTransformMatrix {
       0.100000, 0.000000, 0.000000, 0.000000,
       0.000000,-0.000000, 0.100000, 0.000000,
       0.000000,-0.100000,-0.000000, 0.000000,
       0.000000, 0.000000, 0.000000, 1.000000;;
    }
    Frame Armature_mixamorig_Hips {
      FrameTransformMatrix {
         0.399186,-0.022477, 0.916594, 0.000000,
        -0.171962, 0.980124, 0.098926, 0.000000,
        -0.900599,-0.197109, 0.387386, 0.000000,
        -0.030437,69.150436, 0.017096, 1.000000;;
      }
      Frame Armature_mixamorig_LeftUpLeg {
        FrameTransformMatrix {
          -0.825945,-0.309283, 0.471309, 0.000000,
           0.557921,-0.328516, 0.762058, 0.000000,
          -0.080864, 0.892425, 0.443862, 0.000000,
           9.789100,-5.875900,-0.583699, 1.000000;;
        }
        Frame Armature_mixamorig_LeftLeg {
          FrameTransformMatrix {
             0.944699,-0.318947,-0.076263, 0.000000,
            -0.015055, 0.190125,-0.981645, 0.000000,
             0.327592, 0.928507, 0.174810, 0.000000,
             0.000003,41.701996,-0.000004, 1.000000;;
          }
          Frame Armature_mixamorig_LeftFoot {
            FrameTransformMatrix {
               0.954438,-0.267027,-0.133209, 0.000000,
               0.195783, 0.223453, 0.954850, 0.000000,
              -0.225204,-0.937425, 0.265552, 0.000000,
               0.000000,36.981030, 0.000001, 1.000000;;
            }
            Frame Armature_mixamorig_LeftToeBase {
              FrameTransformMatrix {
                 0.992795, 0.026538,-0.116852, 0.000000,
                 0.059069, 0.740066, 0.669935, 0.000000,
                 0.104257,-0.672010, 0.733166, 0.000000,
                 0.000001,16.700537,-0.000001, 1.000000;;
              }
              Frame Armature_mixamorig_LeftToe_End {
                FrameTransformMatrix {
                   1.000000,-0.000000,-0.000000, 0.000000,
                   0.000000, 1.000000, 0.000000, 0.000000,
                   0.000000,-0.000000, 1.000000, 0.000000,
                  -0.000002, 7.120427,-0.000000, 1.000000;;
                }
              } // End of Armature_mixamorig_LeftToe_End
            } // End of Armature_mixamorig_LeftToeBase
          } // End of Armature_mixamorig_LeftFoot
        } // End of Armature_mixamorig_LeftLeg
      } // End of Armature_mixamorig_LeftUpLeg
      Frame Armature_mixamorig_RightUpLeg {
        FrameTransformMatrix {
          -0.587386, 0.604928,-0.537592, 0.000000,
          -0.752261,-0.653090, 0.087037, 0.000000,
          -0.298463, 0.455560, 0.838629, 0.000000,
          -9.857699,-5.875896,-0.583699, 1.000000;;
        }
        Frame Armature_mixamorig_RightLeg {
          FrameTransformMatrix {
             0.981096, 0.045100, 0.188192, 0.000000,
             0.033929, 0.917315,-0.396715, 0.000000,
            -0.190523, 0.395600, 0.898444, 0.000000,
            -0.000005,41.702000, 0.000000, 1.000000;;
          }
          Frame Armature_mixamorig_RightFoot {
            FrameTransformMatrix {
               0.767734, 0.632396, 0.103245, 0.000000,
              -0.423244, 0.379506, 0.822703, 0.000000,
               0.481092,-0.675315, 0.559018, 0.000000,
               0.000001,36.981030,-0.000000, 1.000000;;
            }
            Frame Armature_mixamorig_RightToeBase {
              FrameTransformMatrix {
                 0.968909, 0.218912,-0.115293, 0.000000,
                -0.077550, 0.711211, 0.698688, 0.000000,
                 0.234949,-0.668025, 0.706075, 0.000000,
                 0.000003,16.700537, 0.000000, 1.000000;;
              }
              Frame Armature_mixamorig_RightToe_End {
                FrameTransformMatrix {
                   1.000000, 0.000000, 0.000000, 0.000000,
                  -0.000000, 1.000000, 0.000000, 0.000000,
                  -0.000000,-0.000000, 1.000000, 0.000000,
                   0.000003, 7.120431, 0.000000, 1.000000;;
                }
              } // End of Armature_mixamorig_RightToe_End
            } // End of Armature_mixamorig_RightToeBase
          } // End of Armature_mixamorig_RightFoot
        } // End of Armature_mixamorig_RightLeg
      } // End of Armature_mixamorig_RightUpLeg
      Frame Armature_mixamorig_Spine {
        FrameTransformMatrix {
           0.950388,-0.150273,-0.272360, 0.000000,
           0.152997, 0.988162,-0.011338, 0.000000,
           0.270839,-0.030895, 0.962129, 0.000000,
           0.017300,10.574803,-1.117199, 1.000000;;
        }
        Frame Armature_mixamorig_Spine1 {
          FrameTransformMatrix {
             0.999083,-0.035686,-0.023679, 0.000000,
             0.038428, 0.991055, 0.127802, 0.000000,
             0.018907,-0.128595, 0.991517, 0.000000,
             0.000001,12.406004, 0.000002, 1.000000;;
          }
          Frame Armature_mixamorig_Spine2 {
            FrameTransformMatrix {
               0.979229, 0.087992, 0.182670, 0.000000,
              -0.110833, 0.986708, 0.118843, 0.000000,
              -0.169784,-0.136620, 0.975965, 0.000000,
              -0.000001,14.178295, 0.000003, 1.000000;;
            }
            Frame Armature_mixamorig_LeftShoulder {
              FrameTransformMatrix {
                 0.212602, 0.034448,-0.976531, 0.000000,
                 0.958593, 0.186434, 0.215273, 0.000000,
                 0.189474,-0.981863, 0.006614, 0.000000,
                 5.935000,13.670196,-1.662603, 1.000000;;
              }
              Frame Armature_mixamorig_LeftArm {
                FrameTransformMatrix {
                   0.908206, 0.330468, 0.256814, 0.000000,
                  -0.329176, 0.942980,-0.049316, 0.000000,
                  -0.258468,-0.039748, 0.965202, 0.000000,
                  -0.000005,12.607901, 0.000007, 1.000000;;
                }
                Frame Armature_mixamorig_LeftForeArm {
                  FrameTransformMatrix {
                    -0.146965, 0.210197, 0.966550, 0.000000,
                    -0.982762, 0.079777,-0.166779, 0.000000,
                    -0.112164,-0.974399, 0.194849, 0.000000,
                     0.000001,25.574312,-0.000001, 1.000000;;
                  }
                  Frame Armature_mixamorig_LeftHand {
                    FrameTransformMatrix {
                       0.999720,-0.015877,-0.017527, 0.000000,
                       0.016499, 0.999219, 0.035903, 0.000000,
                       0.016943,-0.036182, 0.999202, 0.000000,
                       0.000011,21.603407,-0.000004, 1.000000;;
                    }
                    Frame Armature_mixamorig_LeftHandIndex1 {
                      FrameTransformMatrix {
                         0.988695, 0.136254, 0.062582, 0.000000,
                        -0.083104, 0.150559, 0.985102, 0.000000,
                         0.124802,-0.979166, 0.160180, 0.000000,
                        -2.341895, 9.909705,-0.291398, 1.000000;;
                      }
                      Frame Armature_mixamorig_LeftHandIndex2 {
                        FrameTransformMatrix {
                           0.997050, 0.076750, 0.000051, 0.000000,
                          -0.029468, 0.382212, 0.923604, 0.000000,
                           0.070867,-0.920882, 0.383347, 0.000000,
                          -0.000008, 3.776703, 0.000003, 1.000000;;
                        }
                        Frame Armature_mixamorig_LeftHandIndex3 {
                          FrameTransformMatrix {
                             0.999418,-0.011416,-0.032154, 0.000000,
                             0.034117, 0.349022, 0.936493, 0.000000,
                             0.000531,-0.937045, 0.349208, 0.000000,
                            -0.000002, 2.543003,-0.000002, 1.000000;;
                          }
                          Frame Armature_mixamorig_LeftHandIndex4 {
                            FrameTransformMatrix {
                               1.000000,-0.000000, 0.000000, 0.000000,
                               0.000000, 1.000000,-0.000000, 0.000000,
                               0.000000, 0.000000, 1.000000, 0.000000,
                               0.000000, 2.529099,-0.000001, 1.000000;;
                            }
                          } // End of Armature_mixamorig_LeftHandIndex4
                        } // End of Armature_mixamorig_LeftHandIndex3
                      } // End of Armature_mixamorig_LeftHandIndex2
                    } // End of Armature_mixamorig_LeftHandIndex1
                    Frame Armature_mixamorig_LeftHandMiddle1 {
                      FrameTransformMatrix {
                         0.994525,-0.041949, 0.095711, 0.000000,
                        -0.093193, 0.058356, 0.993936, 0.000000,
                        -0.047280,-0.997414, 0.054127, 0.000000,
                        -0.000003, 9.700805,-0.000003, 1.000000;;
                      }
                      Frame Armature_mixamorig_LeftHandMiddle2 {
                        FrameTransformMatrix {
                           0.996315, 0.085759, 0.001365, 0.000000,
                          -0.021193, 0.230734, 0.972786, 0.000000,
                           0.083110,-0.969230, 0.231701, 0.000000,
                          -0.000008, 4.014607,-0.000005, 1.000000;;
                        }
                        Frame Armature_mixamorig_LeftHandMiddle3 {
                          FrameTransformMatrix {
                             0.999621,-0.008827,-0.026082, 0.000000,
                             0.027466, 0.386748, 0.921777, 0.000000,
                             0.001951,-0.922143, 0.386843, 0.000000,
                             0.000008, 2.996704, 0.000004, 1.000000;;
                          }
                          Frame Armature_mixamorig_LeftHandMiddle4 {
                            FrameTransformMatrix {
                               1.000000, 0.000000, 0.000000, 0.000000,
                              -0.000000, 1.000000, 0.000000, 0.000000,
                              -0.000000,-0.000000, 1.000000, 0.000000,
                              -0.000005, 2.824993, 0.000001, 1.000000;;
                            }
                          } // End of Armature_mixamorig_LeftHandMiddle4
                        } // End of Armature_mixamorig_LeftHandMiddle3
                      } // End of Armature_mixamorig_LeftHandMiddle2
                    } // End of Armature_mixamorig_LeftHandMiddle1
                    Frame Armature_mixamorig_LeftHandPinky1 {
                      FrameTransformMatrix {
                         0.977772,-0.143378, 0.152986, 0.000000,
                        -0.143677, 0.073233, 0.986911, 0.000000,
                        -0.152705,-0.986955, 0.051005, 0.000000,
                         4.712705, 8.985503,-0.221603, 1.000000;;
                      }
                      Frame Armature_mixamorig_LeftHandPinky2 {
                        FrameTransformMatrix {
                           0.999998, 0.001454, 0.000993, 0.000000,
                          -0.001353, 0.273814, 0.961782, 0.000000,
                           0.001126,-0.961782, 0.273815, 0.000000,
                          -0.000007, 3.562502, 0.000001, 1.000000;;
                        }
                        Frame Armature_mixamorig_LeftHandPinky3 {
                          FrameTransformMatrix {
                             0.999999, 0.001129, 0.000379, 0.000000,
                            -0.001032, 0.661969, 0.749531, 0.000000,
                             0.000595,-0.749530, 0.661970, 0.000000,
                            -0.000004, 2.335207,-0.000001, 1.000000;;
                          }
                          Frame Armature_mixamorig_LeftHandPinky4 {
                            FrameTransformMatrix {
                               1.000000, 0.000000, 0.000000, 0.000000,
                              -0.000000, 1.000000, 0.000000, 0.000000,
                              -0.000000,-0.000000, 1.000000, 0.000000,
                              -0.000003, 2.037283, 0.000003, 1.000000;;
                            }
                          } // End of Armature_mixamorig_LeftHandPinky4
                        } // End of Armature_mixamorig_LeftHandPinky3
                      } // End of Armature_mixamorig_LeftHandPinky2
                    } // End of Armature_mixamorig_LeftHandPinky1
                    Frame Armature_mixamorig_LeftHandRing1 {
                      FrameTransformMatrix {
                         0.994626,-0.067880, 0.078171, 0.000000,
                        -0.078836,-0.007167, 0.996862, 0.000000,
                        -0.067107,-0.997668,-0.012480, 0.000000,
                         2.241706, 9.308405,-0.143495, 1.000000;;
                      }
                      Frame Armature_mixamorig_LeftHandRing2 {
                        FrameTransformMatrix {
                           0.999742, 0.011991, 0.019275, 0.000000,
                          -0.022640, 0.464625, 0.885218, 0.000000,
                           0.001659,-0.885426, 0.464777, 0.000000,
                           0.000011, 4.019397, 0.000005, 1.000000;;
                        }
                        Frame Armature_mixamorig_LeftHandRing3 {
                          FrameTransformMatrix {
                             0.999789,-0.020457, 0.001917, 0.000000,
                             0.004321, 0.300558, 0.953754, 0.000000,
                            -0.020087,-0.953544, 0.300583, 0.000000,
                             0.000014, 2.790808, 0.000001, 1.000000;;
                          }
                          Frame Armature_mixamorig_LeftHandRing4 {
                            FrameTransformMatrix {
                               1.000000, 0.000000,-0.000000, 0.000000,
                              -0.000000, 1.000000,-0.000000, 0.000000,
                              -0.000000,-0.000000, 1.000000, 0.000000,
                               0.000004, 2.540700, 0.000005, 1.000000;;
                            }
                          } // End of Armature_mixamorig_LeftHandRing4
                        } // End of Armature_mixamorig_LeftHandRing3
                      } // End of Armature_mixamorig_LeftHandRing2
                    } // End of Armature_mixamorig_LeftHandRing1
                    Frame Armature_mixamorig_LeftHandThumb1 {
                      FrameTransformMatrix {
                         0.857894, 0.512731, 0.033535, 0.000000,
                        -0.403426, 0.631711, 0.661958, 0.000000,
                         0.318222,-0.581419, 0.748790, 0.000000,
                        -2.370403, 3.545599, 1.908196, 1.000000;;
                      }
                      Frame Armature_mixamorig_LeftHandThumb2 {
                        FrameTransformMatrix {
                           0.922590,-0.322804,-0.211246, 0.000000,
                           0.321792, 0.945959,-0.040132, 0.000000,
                           0.212785,-0.030952, 0.976609, 0.000000,
                           0.000012, 2.808399,-0.000006, 1.000000;;
                        }
                        Frame Armature_mixamorig_LeftHandThumb3 {
                          FrameTransformMatrix {
                             0.590040, 0.029308,-0.806842, 0.000000,
                             0.439596, 0.826561, 0.351499, 0.000000,
                             0.677206,-0.562083, 0.474820, 0.000000,
                            -0.000003, 2.379001,-0.000010, 1.000000;;
                          }
                          Frame Armature_mixamorig_LeftHandThumb4 {
                            FrameTransformMatrix {
                               1.000000, 0.000000, 0.000000, 0.000000,
                              -0.000000, 1.000000, 0.000000, 0.000000,
                               0.000000,-0.000000, 1.000000, 0.000000,
                               0.000006, 2.444996,-0.000010, 1.000000;;
                            }
                          } // End of Armature_mixamorig_LeftHandThumb4
                        } // End of Armature_mixamorig_LeftHandThumb3
                      } // End of Armature_mixamorig_LeftHandThumb2
                    } // End of Armature_mixamorig_LeftHandThumb1
                  } // End of Armature_mixamorig_LeftHand
                  Frame Armature_mixamorig_Shield_joint {
                    FrameTransformMatrix {
                       0.000000, 1.000000,-0.000000, 0.000000,
                       0.000000,-0.000000,-1.000000, 0.000000,
                      -1.000000, 0.000000,-0.000000, 0.000000,
                       0.398209,14.663406,-5.648607, 1.000000;;
                    }
                  } // End of Armature_mixamorig_Shield_joint
                } // End of Armature_mixamorig_LeftForeArm
              } // End of Armature_mixamorig_LeftArm
            } // End of Armature_mixamorig_LeftShoulder
            Frame Armature_mixamorig_Neck {
              FrameTransformMatrix {
                 0.930865, 0.116798,-0.346191, 0.000000,
                -0.086829, 0.991100, 0.100905, 0.000000,
                 0.354896,-0.063870, 0.932721, 0.000000,
                 0.024401,15.862288,-1.675805, 1.000000;;
              }
              Frame Armature_mixamorig_Head {
                FrameTransformMatrix {
                   0.789907,-0.401234,-0.463744, 0.000000,
                   0.205095, 0.885543,-0.416833, 0.000000,
                   0.577913, 0.234147, 0.781788, 0.000000,
                   0.000001, 5.564000, 0.988095, 1.000000;;
                }
                Frame Armature_mixamorig_HeadTop_End {
                  FrameTransformMatrix {
                     1.000000,-0.000000, 0.000000, 0.000000,
                     0.000000, 1.000000,-0.000000, 0.000000,
                    -0.000000, 0.000000, 1.000000, 0.000000,
                     0.000000,18.311903, 3.086901, 1.000000;;
                  }
                } // End of Armature_mixamorig_HeadTop_End
                Frame Armature_mixamorig_LeftEye {
                  FrameTransformMatrix {
                    -0.000000, 0.000000,-1.000000, 0.000000,
                     1.000000,-0.000000,-0.000000, 0.000000,
                    -0.000000,-1.000000,-0.000000, 0.000000,
                     2.284401, 7.935707, 7.063701, 1.000000;;
                  }
                } // End of Armature_mixamorig_LeftEye
                Frame Armature_mixamorig_RightEye {
                  FrameTransformMatrix {
                     0.000000,-0.000000, 1.000000, 0.000000,
                    -1.000000, 0.000000,-0.000000, 0.000000,
                    -0.000000,-1.000000,-0.000000, 0.000000,
                    -2.377499, 7.935695, 7.063701, 1.000000;;
                  }
                } // End of Armature_mixamorig_RightEye
              } // End of Armature_mixamorig_Head
            } // End of Armature_mixamorig_Neck
            Frame Armature_mixamorig_RightShoulder {
              FrameTransformMatrix {
                -0.016440,-0.045183, 0.998843, 0.000000,
                -0.983197,-0.180913,-0.024366, 0.000000,
                 0.181804,-0.982461,-0.041450, 0.000000,
                -5.979199,13.670193,-1.662603, 1.000000;;
              }
              Frame Armature_mixamorig_RightArm {
                FrameTransformMatrix {
                   0.874763, 0.307358,-0.374594, 0.000000,
                   0.048589, 0.713537, 0.698931, 0.000000,
                   0.482108,-0.629600, 0.609242, 0.000000,
                  -0.000002,12.607895,-0.000001, 1.000000;;
                }
                Frame Armature_mixamorig_RightForeArm {
                  FrameTransformMatrix {
                     0.879648,-0.226901, 0.418013, 0.000000,
                     0.198892, 0.973822, 0.110059, 0.000000,
                    -0.432042,-0.013673, 0.901750, 0.000000,
                    -0.000003,25.574308,-0.000014, 1.000000;;
                  }
                  Frame Armature_mixamorig_RightHand {
                    FrameTransformMatrix {
                       0.998866,-0.047603, 0.001311, 0.000000,
                       0.047621, 0.998586,-0.023615, 0.000000,
                      -0.000186, 0.023651, 0.999720, 0.000000,
                       0.000002,21.603512, 0.000003, 1.000000;;
                    }
                    Frame Armature_mixamorig_RightHandIndex1 {
                      FrameTransformMatrix {
                         0.998610, 0.052703,-0.001229, 0.000000,
                        -0.024128, 0.477644, 0.878222, 0.000000,
                         0.046872,-0.876971, 0.478251, 0.000000,
                         2.341906, 9.909601,-0.291393, 1.000000;;
                      }
                      Frame Armature_mixamorig_RightHandIndex2 {
                        FrameTransformMatrix {
                           0.997045,-0.076819, 0.000072, 0.000000,
                           0.030432, 0.395843, 0.917814, 0.000000,
                          -0.070534,-0.915100, 0.397011, 0.000000,
                           0.000002, 3.776710,-0.000002, 1.000000;;
                        }
                        Frame Armature_mixamorig_RightHandIndex3 {
                          FrameTransformMatrix {
                             0.999417, 0.007271, 0.033364, 0.000000,
                            -0.032428, 0.508175, 0.860643, 0.000000,
                            -0.010697,-0.861223, 0.508115, 0.000000,
                             0.000001, 2.542999,-0.000009, 1.000000;;
                          }
                          Frame Armature_mixamorig_RightHandIndex4 {
                            FrameTransformMatrix {
                               1.000000, 0.000000, 0.000000, 0.000000,
                              -0.000000, 1.000000,-0.000000, 0.000000,
                              -0.000000,-0.000000, 1.000000, 0.000000,
                              -0.000001, 2.529002, 0.000002, 1.000000;;
                            }
                          } // End of Armature_mixamorig_RightHandIndex4
                        } // End of Armature_mixamorig_RightHandIndex3
                      } // End of Armature_mixamorig_RightHandIndex2
                    } // End of Armature_mixamorig_RightHandIndex1
                    Frame Armature_mixamorig_RightHandMiddle1 {
                      FrameTransformMatrix {
                         0.999773, 0.001814,-0.021233, 0.000000,
                         0.019054, 0.370196, 0.928758, 0.000000,
                         0.009545,-0.928952, 0.370078, 0.000000,
                         0.000004, 9.700600, 0.000006, 1.000000;;
                      }
                      Frame Armature_mixamorig_RightHandMiddle2 {
                        FrameTransformMatrix {
                           0.996324,-0.085651,-0.001551, 0.000000,
                           0.009758, 0.095488, 0.995383, 0.000000,
                          -0.085108,-0.991739, 0.095973, 0.000000,
                          -0.000006, 4.014605,-0.000003, 1.000000;;
                        }
                        Frame Armature_mixamorig_RightHandMiddle3 {
                          FrameTransformMatrix {
                             0.999604, 0.023170, 0.015974, 0.000000,
                            -0.028127, 0.841341, 0.539773, 0.000000,
                            -0.000933,-0.540008, 0.841659, 0.000000,
                            -0.000002, 2.996703, 0.000006, 1.000000;;
                          }
                          Frame Armature_mixamorig_RightHandMiddle4 {
                            FrameTransformMatrix {
                               1.000000, 0.000000, 0.000000, 0.000000,
                               0.000000, 1.000000, 0.000000, 0.000000,
                              -0.000000, 0.000000, 1.000000, 0.000000,
                              -0.000003, 2.824992, 0.000002, 1.000000;;
                            }
                          } // End of Armature_mixamorig_RightHandMiddle4
                        } // End of Armature_mixamorig_RightHandMiddle3
                      } // End of Armature_mixamorig_RightHandMiddle2
                    } // End of Armature_mixamorig_RightHandMiddle1
                    Frame Armature_mixamorig_RightHandPinky1 {
                      FrameTransformMatrix {
                         0.997592,-0.002313,-0.069315, 0.000000,
                         0.069335, 0.056431, 0.995996, 0.000000,
                         0.001607,-0.998404, 0.056455, 0.000000,
                        -4.712798, 8.985297,-0.221694, 1.000000;;
                      }
                      Frame Armature_mixamorig_RightHandPinky2 {
                        FrameTransformMatrix {
                           0.999999,-0.001180,-0.000662, 0.000000,
                           0.001225, 0.581881, 0.813273, 0.000000,
                          -0.000574,-0.813273, 0.581882, 0.000000,
                           0.000001, 3.562504, 0.000000, 1.000000;;
                        }
                        Frame Armature_mixamorig_RightHandPinky3 {
                          FrameTransformMatrix {
                             1.000000,-0.000675,-0.000098, 0.000000,
                             0.000650, 0.900090, 0.435705, 0.000000,
                            -0.000206,-0.435705, 0.900090, 0.000000,
                            -0.000004, 2.335200,-0.000003, 1.000000;;
                          }
                          Frame Armature_mixamorig_RightHandPinky4 {
                            FrameTransformMatrix {
                               1.000000, 0.000000,-0.000000, 0.000000,
                              -0.000000, 1.000000,-0.000000, 0.000000,
                               0.000000, 0.000000, 1.000000, 0.000000,
                              -0.000003, 2.037306, 0.000002, 1.000000;;
                            }
                          } // End of Armature_mixamorig_RightHandPinky4
                        } // End of Armature_mixamorig_RightHandPinky3
                      } // End of Armature_mixamorig_RightHandPinky2
                    } // End of Armature_mixamorig_RightHandPinky1
                    Frame Armature_mixamorig_RightHandRing1 {
                      FrameTransformMatrix {
                         0.996665, 0.080190, 0.015093, 0.000000,
                        -0.029905, 0.186871, 0.981929, 0.000000,
                         0.075921,-0.979106, 0.188646, 0.000000,
                        -2.241695, 9.308304,-0.143590, 1.000000;;
                      }
                      Frame Armature_mixamorig_RightHandRing2 {
                        FrameTransformMatrix {
                           0.999708,-0.020401,-0.012985, 0.000000,
                           0.018313, 0.287990, 0.957458, 0.000000,
                          -0.015794,-0.957416, 0.288280, 0.000000,
                           0.000000, 4.019391,-0.000006, 1.000000;;
                        }
                        Frame Armature_mixamorig_RightHandRing3 {
                          FrameTransformMatrix {
                             0.999788, 0.020567,-0.001343, 0.000000,
                            -0.015103, 0.775376, 0.631319, 0.000000,
                             0.014025,-0.631164, 0.775522, 0.000000,
                             0.000000, 2.790805, 0.000005, 1.000000;;
                          }
                          Frame Armature_mixamorig_RightHandRing4 {
                            FrameTransformMatrix {
                               1.000000, 0.000000,-0.000000, 0.000000,
                               0.000000, 1.000000,-0.000000, 0.000000,
                              -0.000000,-0.000000, 1.000000, 0.000000,
                               0.000002, 2.540695,-0.000007, 1.000000;;
                            }
                          } // End of Armature_mixamorig_RightHandRing4
                        } // End of Armature_mixamorig_RightHandRing3
                      } // End of Armature_mixamorig_RightHandRing2
                    } // End of Armature_mixamorig_RightHandRing1
                    Frame Armature_mixamorig_RightHandThumb1 {
                      FrameTransformMatrix {
                         0.976732,-0.103456, 0.187858, 0.000000,
                        -0.095406, 0.574892, 0.812648, 0.000000,
                        -0.192072,-0.811662, 0.551645, 0.000000,
                         2.370403, 3.545502, 1.908107, 1.000000;;
                      }
                      Frame Armature_mixamorig_RightHandThumb2 {
                        FrameTransformMatrix {
                           0.951148, 0.004170, 0.308706, 0.000000,
                           0.056214, 0.980855,-0.186449, 0.000000,
                          -0.303574, 0.194694, 0.932704, 0.000000,
                           0.000001, 2.808398,-0.000001, 1.000000;;
                        }
                        Frame Armature_mixamorig_RightHandThumb3 {
                          FrameTransformMatrix {
                             0.927154, 0.226572,-0.298413, 0.000000,
                            -0.296217, 0.930952,-0.213502, 0.000000,
                             0.229434, 0.286344, 0.930251, 0.000000,
                             0.000005, 2.378993, 0.000004, 1.000000;;
                          }
                          Frame Armature_mixamorig_RightHandThumb4 {
                            FrameTransformMatrix {
                               1.000000, 0.000000,-0.000000, 0.000000,
                               0.000000, 1.000000, 0.000000, 0.000000,
                               0.000000, 0.000000, 1.000000, 0.000000,
                              -0.000008, 2.445001, 0.000010, 1.000000;;
                            }
                          } // End of Armature_mixamorig_RightHandThumb4
                        } // End of Armature_mixamorig_RightHandThumb3
                      } // End of Armature_mixamorig_RightHandThumb2
                    } // End of Armature_mixamorig_RightHandThumb1
                    Frame Armature_mixamorig_Sword_joint {
                      FrameTransformMatrix {
                        -0.000000,-1.000000,-0.000000, 0.000000,
                        -0.000000, 0.000000,-1.000000, 0.000000,
                         1.000000,-0.000000,-0.000000, 0.000000,
                        -0.770197, 7.960000, 2.820804, 1.000000;;
                      }
                    } // End of Armature_mixamorig_Sword_joint
                  } // End of Armature_mixamorig_RightHand
                } // End of Armature_mixamorig_RightForeArm
              } // End of Armature_mixamorig_RightArm
            } // End of Armature_mixamorig_RightShoulder
          } // End of Armature_mixamorig_Spine2
        } // End of Armature_mixamorig_Spine1
      } // End of Armature_mixamorig_Spine
    } // End of Armature_mixamorig_Hips
  } // End of Armature
} // End of Root
AnimationSet Global {
  Animation {
    {Armature}
    AnimationKey { // Rotation
      0;
      21;
      0;4;-0.707107, 0.707107, 0.000000, 0.000000;;,
      1;4;-0.707107, 0.707107, 0.000000, 0.000000;;,
      2;4;-0.707107, 0.707107, 0.000000, 0.000000;;,
      3;4;-0.707107, 0.707107, 0.000000, 0.000000;;,
      4;4;-0.707107, 0.707107, 0.000000, 0.000000;;,
      5;4;-0.707107, 0.707107, 0.000000, 0.000000;;,
      6;4;-0.707107, 0.707107, 0.000000, 0.000000;;,
      7;4;-0.707107, 0.707107, 0.000000, 0.000000;;,
      8;4;-0.707107, 0.707107, 0.000000, 0.000000;;,
      9;4;-0.707107, 0.707107, 0.000000, 0.000000;;,
      10;4;-0.707107, 0.707107, 0.000000, 0.000000;;,
      11;4;-0.707107, 0.707107, 0.000000, 0.000000;;,
      12;4;-0.707107, 0.707107, 0.000000, 0.000000;;,
      13;4;-0.707107, 0.707107, 0.000000, 0.000000;;,
      14;4;-0.707107, 0.707107, 0.000000, 0.000000;;,
      15;4;-0.707107, 0.707107, 0.000000, 0.000000;;,
      16;4;-0.707107, 0.707107, 0.000000, 0.000000;;,
      17;4;-0.707107, 0.707107, 0.000000, 0.000000;;,
      18;4;-0.707107, 0.707107, 0.000000, 0.000000;;,
      19;4;-0.707107, 0.707107, 0.000000, 0.000000;;,
      20;4;-0.707107, 0.707107, 0.000000, 0.000000;;;
    }
    AnimationKey { // Scale
      1;
      21;
      0;3; 0.100000, 0.100000, 0.100000;;,
      1;3; 0.100000, 0.100000, 0.100000;;,
      2;3; 0.100000, 0.100000, 0.100000;;,
      3;3; 0.100000, 0.100000, 0.100000;;,
      4;3; 0.100000, 0.100000, 0.100000;;,
      5;3; 0.100000, 0.100000, 0.100000;;,
      6;3; 0.100000, 0.100000, 0.100000;;,
      7;3; 0.100000, 0.100000, 0.100000;;,
      8;3; 0.100000, 0.100000, 0.100000;;,
      9;3; 0.100000, 0.100000, 0.100000;;,
      10;3; 0.100000, 0.100000, 0.100000;;,
      11;3; 0.100000, 0.100000, 0.100000;;,
      12;3; 0.100000, 0.100000, 0.100000;;,
      13;3; 0.100000, 0.100000, 0.100000;;,
      14;3; 0.100000, 0.100000, 0.100000;;,
      15;3; 0.100000, 0.100000, 0.100000;;,
      16;3; 0.100000, 0.100000, 0.100000;;,
      17;3; 0.100000, 0.100000, 0.100000;;,
      18;3; 0.100000, 0.100000, 0.100000;;,
      19;3; 0.100000, 0.100000, 0.100000;;,
      20;3; 0.100000, 0.100000, 0.100000;;;
    }
    AnimationKey { // Position
      2;
      21;
      0;3; 0.000000, 0.000000, 0.000000;;,
      1;3; 0.000000, 0.000000, 0.000000;;,
      2;3; 0.000000, 0.000000, 0.000000;;,
      3;3; 0.000000, 0.000000, 0.000000;;,
      4;3; 0.000000, 0.000000, 0.000000;;,
      5;3; 0.000000, 0.000000, 0.000000;;,
      6;3; 0.000000, 0.000000, 0.000000;;,
      7;3; 0.000000, 0.000000, 0.000000;;,
      8;3; 0.000000, 0.000000, 0.000000;;,
      9;3; 0.000000, 0.000000, 0.000000;;,
      10;3; 0.000000, 0.000000, 0.000000;;,
      11;3; 0.000000, 0.000000, 0.000000;;,
      12;3; 0.000000, 0.000000, 0.000000;;,
      13;3; 0.000000, 0.000000, 0.000000;;,
      14;3; 0.000000, 0.000000, 0.000000;;,
      15;3; 0.000000, 0.000000, 0.000000;;,
      16;3; 0.000000, 0.000000, 0.000000;;,
      17;3; 0.000000, 0.000000, 0.000000;;,
      18;3; 0.000000, 0.000000, 0.000000;;,
      19;3; 0.000000, 0.000000, 0.000000;;,
      20;3; 0.000000, 0.000000, 0.000000;;;
    }
  }
  Animation {
    {Armature_mixamorig_Hips}
    AnimationKey { // Rotation
      0;
      21;
      0;4;-0.831669, 0.088988,-0.546249, 0.044935;;,
      1;4;-0.832404, 0.088349,-0.545336, 0.043655;;,
      2;4;-0.831837, 0.085401,-0.546727, 0.042934;;,
      3;4;-0.827595, 0.080587,-0.553897, 0.042318;;,
      4;4;-0.819455, 0.073951,-0.567044, 0.038543;;,
      5;4;-0.809737, 0.063447,-0.582443, 0.032581;;,
      6;4;-0.803986, 0.054986,-0.591352, 0.029754;;,
      7;4;-0.808079, 0.055943,-0.585572, 0.031362;;,
      8;4;-0.822682, 0.061115,-0.564094, 0.035465;;,
      9;4;-0.841846, 0.062336,-0.534708, 0.038689;;,
      10;4;-0.850640, 0.062197,-0.520489, 0.040430;;,
      11;4;-0.855382, 0.062290,-0.512549, 0.041653;;,
      12;4;-0.858492, 0.062450,-0.507222, 0.042638;;,
      13;4;-0.860526, 0.062320,-0.503743, 0.043061;;,
      14;4;-0.862062, 0.062170,-0.501208, 0.042130;;,
      15;4;-0.863135, 0.062915,-0.499400, 0.040488;;,
      16;4;-0.864074, 0.064070,-0.497760, 0.038812;;,
      17;4;-0.864817, 0.066079,-0.496316, 0.037356;;,
      18;4;-0.865461, 0.068476,-0.494968, 0.035983;;,
      19;4;-0.866096, 0.070877,-0.493616, 0.034610;;,
      20;4;-0.866782, 0.073026,-0.492194, 0.033181;;;
    }
    AnimationKey { // Scale
      1;
      21;
      0;3; 1.000000, 1.000000, 1.000000;;,
      1;3; 1.000000, 1.000000, 1.000000;;,
      2;3; 1.000000, 1.000000, 1.000000;;,
      3;3; 1.000000, 1.000000, 1.000000;;,
      4;3; 1.000000, 1.000000, 1.000000;;,
      5;3; 1.000000, 1.000000, 1.000000;;,
      6;3; 1.000000, 1.000000, 1.000000;;,
      7;3; 1.000000, 1.000000, 1.000000;;,
      8;3; 1.000000, 1.000000, 1.000000;;,
      9;3; 1.000000, 1.000000, 1.000000;;,
      10;3; 1.000000, 1.000000, 1.000000;;,
      11;3; 1.000000, 1.000000, 1.000000;;,
      12;3; 1.000000, 1.000000, 1.000000;;,
      13;3; 1.000000, 1.000000, 1.000000;;,
      14;3; 1.000000, 1.000000, 1.000000;;,
      15;3; 1.000000, 1.000000, 1.000000;;,
      16;3; 1.000000, 1.000000, 1.000000;;,
      17;3; 1.000000, 1.000000, 1.000000;;,
      18;3; 1.000000, 1.000000, 1.000000;;,
      19;3; 1.000000, 1.000000, 1.000000;;,
      20;3; 1.000000, 1.000000, 1.000000;;;
    }
    AnimationKey { // Position
      2;
      21;
      0;3;-0.030437,69.150436, 0.017096;;,
      1;3;-0.030438,69.206757, 0.017096;;,
      2;3;-0.030438,69.331604, 0.017096;;,
      3;3;-0.030438,69.666870, 0.017096;;,
      4;3;-0.030439,70.299240, 0.017096;;,
      5;3;-0.030442,71.481567, 0.017096;;,
      6;3;-0.030444,73.153183, 0.017096;;,
      7;3;-0.030448,75.204399, 0.017096;;,
      8;3;-0.030451,77.110359, 0.017096;;,
      9;3;-0.030454,78.611916, 0.017096;;,
      10;3;-0.030456,79.586243, 0.017096;;,
      11;3;-0.030457,80.400169, 0.017096;;,
      12;3;-0.030458,80.907227, 0.017096;;,
      13;3;-0.030458,81.035156, 0.017096;;,
      14;3;-0.030458,81.083626, 0.017096;;,
      15;3;-0.030458,81.176193, 0.017096;;,
      16;3;-0.030459,81.283646, 0.017096;;,
      17;3;-0.030459,81.376472, 0.017096;;,
      18;3;-0.030458,81.162735, 0.017096;;,
      19;3;-0.030458,80.880585, 0.017096;;,
      20;3;-0.030457,80.561256, 0.017096;;;
    }
  }
  Animation {
    {Armature_mixamorig_Spine}
    AnimationKey { // Rotation
      0;
      21;
      0;4;-0.987507, 0.004951, 0.137518,-0.076777;;,
      1;4;-0.989374, 0.007842, 0.125831,-0.072411;;,
      2;4;-0.991317, 0.009685, 0.112012,-0.068189;;,
      3;4;-0.992457, 0.007398, 0.103691,-0.064982;;,
      4;4;-0.993778, 0.003366, 0.093957,-0.059715;;,
      5;4;-0.994232, 0.003814, 0.091074,-0.056507;;,
      6;4;-0.994528, 0.001802, 0.090884,-0.051484;;,
      7;4;-0.995136,-0.005588, 0.086981,-0.045905;;,
      8;4;-0.996250,-0.011401, 0.075389,-0.040902;;,
      9;4;-0.997367,-0.006333, 0.061862,-0.037310;;,
      10;4;-0.997598, 0.000767, 0.059039,-0.036219;;,
      11;4;-0.997541, 0.005867, 0.059685,-0.036280;;,
      12;4;-0.997469, 0.008131, 0.060754,-0.036023;;,
      13;4;-0.997452, 0.007672, 0.061580,-0.035190;;,
      14;4;-0.997577, 0.007002, 0.060442,-0.033747;;,
      15;4;-0.997844, 0.006636, 0.057049,-0.031772;;,
      16;4;-0.998123, 0.006626, 0.053021,-0.029933;;,
      17;4;-0.998395, 0.007674, 0.048147,-0.028829;;,
      18;4;-0.998646, 0.008511, 0.043775,-0.026770;;,
      19;4;-0.998872, 0.009340, 0.039448,-0.024712;;,
      20;4;-0.999066, 0.011155, 0.033963,-0.024277;;;
    }
    AnimationKey { // Scale
      1;
      21;
      0;3; 1.000000, 1.000000, 1.000000;;,
      1;3; 1.000000, 1.000000, 1.000000;;,
      2;3; 1.000000, 1.000000, 1.000000;;,
      3;3; 1.000000, 1.000000, 1.000000;;,
      4;3; 1.000000, 1.000000, 1.000000;;,
      5;3; 1.000000, 1.000000, 1.000000;;,
      6;3; 1.000000, 1.000000, 1.000000;;,
      7;3; 1.000000, 1.000000, 1.000000;;,
      8;3; 1.000000, 1.000000, 1.000000;;,
      9;3; 1.000000, 1.000000, 1.000000;;,
      10;3; 1.000000, 1.000000, 1.000000;;,
      11;3; 1.000000, 1.000000, 1.000000;;,
      12;3; 1.000000, 1.000000, 1.000000;;,
      13;3; 1.000000, 1.000000, 1.000000;;,
      14;3; 1.000000, 1.000000, 1.000000;;,
      15;3; 1.000000, 1.000000, 1.000000;;,
      16;3; 1.000000, 1.000000, 1.000000;;,
      17;3; 1.000000, 1.000000, 1.000000;;,
      18;3; 1.000000, 1.000000, 1.000000;;,
      19;3; 1.000000, 1.000000, 1.000000;;,
      20;3; 1.000000, 1.000000, 1.000000;;;
    }
    AnimationKey { // Position
      2;
