xof 0303txt 0032

template XSkinMeshHeader {
  <3cf169ce-ff7c-44ab-93c0-f78f62d172e2>
  WORD nMaxSkinWeightsPerVertex;
  WORD nMaxSkinWeightsPerFace;
  WORD nBones;
}

template SkinWeights {
  <6f0d123b-bad2-4167-a0d0-80224f25fabb>
  STRING transformNodeName;
  DWORD nWeights;
  array DWORD vertexIndices[nWeights];
  array float weights[nWeights];
  Matrix4x4 matrixOffset;
}

Frame Root {
  FrameTransformMatrix {
     1.000000, 0.000000, 0.000000, 0.000000,
     0.000000,-0.000000,-1.000000, 0.000000,
     0.000000, 1.000000,-0.000000, 0.000000,
     0.000000, 0.000000, 0.000000, 1.000000;;
  }
  Frame Armature {
    FrameTransformMatrix {
       0.100000, 0.000000, 0.000000, 0.000000,
       0.000000,-0.000000, 0.100000, 0.000000,
       0.000000,-0.100000,-0.000000, 0.000000,
       0.000000, 0.000000, 0.000000, 1.000000;;
    }
    Frame Armature_mixamorig_Hips {
      FrameTransformMatrix {
         0.392204,-0.022478, 0.919604, 0.000000,
        -0.172772, 0.980110, 0.097642, 0.000000,
        -0.903508,-0.197177, 0.380520, 0.000000,
        -0.030566,69.150436, 0.016873, 1.000000;;
      }
      Frame Armature_mixamorig_LeftUpLeg {
        FrameTransformMatrix {
          -0.826015,-0.309171, 0.471261, 0.000000,
           0.557828,-0.328552, 0.762111, 0.000000,
          -0.080794, 0.892450, 0.443824, 0.000000,
           9.789099,-5.875898,-0.583701, 1.000000;;
        }
        Frame Armature_mixamorig_LeftLeg {
          FrameTransformMatrix {
             0.944733,-0.318800,-0.076462, 0.000000,
            -0.015291, 0.190128,-0.981640, 0.000000,
             0.327485, 0.928557, 0.174746, 0.000000,
             0.000002,41.702000,-0.000003, 1.000000;;
          }
          Frame Armature_mixamorig_LeftFoot {
            FrameTransformMatrix {
               0.954402,-0.267141,-0.133238, 0.000000,
               0.195829, 0.223390, 0.954855, 0.000000,
              -0.225317,-0.937407, 0.265518, 0.000000,
              -0.000001,36.981026,-0.000001, 1.000000;;
            }
            Frame Armature_mixamorig_LeftToeBase {
              FrameTransformMatrix {
                 0.992794, 0.026538,-0.116853, 0.000000,
                 0.059069, 0.740066, 0.669935, 0.000000,
                 0.104258,-0.672010, 0.733166, 0.000000,
                 0.000001,16.700533,-0.000001, 1.000000;;
              }
              Frame Armature_mixamorig_LeftToe_End {
                FrameTransformMatrix {
                   1.000000,-0.000000,-0.000000, 0.000000,
                   0.000000, 1.000000, 0.000000, 0.000000,
                   0.000000,-0.000000, 1.000000, 0.000000,
                   0.000002, 7.120427,-0.000000, 1.000000;;
                }
              } // End of Armature_mixamorig_LeftToe_End
            } // End of Armature_mixamorig_LeftToeBase
          } // End of Armature_mixamorig_LeftFoot
        } // End of Armature_mixamorig_LeftLeg
      } // End of Armature_mixamorig_LeftUpLeg
      Frame Armature_mixamorig_RightUpLeg {
        FrameTransformMatrix {
          -0.587399, 0.604914,-0.537594, 0.000000,
          -0.752259,-0.653088, 0.087073, 0.000000,
          -0.298442, 0.455582, 0.838624, 0.000000,
          -9.857701,-5.875892,-0.583701, 1.000000;;
        }
        Frame Armature_mixamorig_RightLeg {
          FrameTransformMatrix {
             0.981102, 0.045099, 0.188160, 0.000000,
             0.033934, 0.917278,-0.396799, 0.000000,
            -0.190490, 0.395686, 0.898413, 0.000000,
            -0.000000,41.701996, 0.000001, 1.000000;;
          }
          Frame Armature_mixamorig_RightFoot {
            FrameTransformMatrix {
               0.767828, 0.632277, 0.103276, 0.000000,
              -0.423161, 0.379491, 0.822752, 0.000000,
               0.481015,-0.675434, 0.558939, 0.000000,
               0.000000,36.981022, 0.000000, 1.000000;;
            }
            Frame Armature_mixamorig_RightToeBase {
              FrameTransformMatrix {
                 0.968874, 0.219012,-0.115399, 0.000000,
                -0.077571, 0.711270, 0.698625, 0.000000,
                 0.235088,-0.667928, 0.706120, 0.000000,
                -0.000001,16.700537, 0.000002, 1.000000;;
              }
              Frame Armature_mixamorig_RightToe_End {
                FrameTransformMatrix {
                   1.000000, 0.000000, 0.000000, 0.000000,
                  -0.000000, 1.000000, 0.000000, 0.000000,
                  -0.000000,-0.000000, 1.000000, 0.000000,
                   0.000005, 7.120430,-0.000000, 1.000000;;
                }
              } // End of Armature_mixamorig_RightToe_End
            } // End of Armature_mixamorig_RightToeBase
          } // End of Armature_mixamorig_RightFoot
        } // End of Armature_mixamorig_RightLeg
      } // End of Armature_mixamorig_RightUpLeg
      Frame Armature_mixamorig_Spine {
        FrameTransformMatrix {
           0.950389,-0.150273,-0.272359, 0.000000,
           0.152997, 0.988162,-0.011338, 0.000000,
           0.270839,-0.030895, 0.962129, 0.000000,
           0.017300,10.574804,-1.117202, 1.000000;;
        }
        Frame Armature_mixamorig_Spine1 {
          FrameTransformMatrix {
             0.999083,-0.035686,-0.023679, 0.000000,
             0.038428, 0.991055, 0.127802, 0.000000,
             0.018907,-0.128595, 0.991517, 0.000000,
             0.000000,12.405996,-0.000001, 1.000000;;
          }
          Frame Armature_mixamorig_Spine2 {
            FrameTransformMatrix {
               0.979229, 0.087991, 0.182669, 0.000000,
              -0.110833, 0.986708, 0.118843, 0.000000,
              -0.169784,-0.136620, 0.975965, 0.000000,
               0.000000,14.178310,-0.000003, 1.000000;;
            }
            Frame Armature_mixamorig_LeftShoulder {
              FrameTransformMatrix {
                 0.212537, 0.034436,-0.976546, 0.000000,
                 0.958607, 0.186436, 0.215207, 0.000000,
                 0.189474,-0.981863, 0.006614, 0.000000,
                 5.935000,13.670196,-1.662598, 1.000000;;
              }
              Frame Armature_mixamorig_LeftArm {
                FrameTransformMatrix {
                   0.908206, 0.330468, 0.256814, 0.000000,
                  -0.329176, 0.942980,-0.049316, 0.000000,
                  -0.258468,-0.039748, 0.965202, 0.000000,
                  -0.000003,12.607900,-0.000011, 1.000000;;
                }
                Frame Armature_mixamorig_LeftForeArm {
                  FrameTransformMatrix {
                    -0.146965, 0.210197, 0.966550, 0.000000,
                    -0.982762, 0.079776,-0.166779, 0.000000,
                    -0.112164,-0.974399, 0.194849, 0.000000,
                     0.000001,25.574308, 0.000003, 1.000000;;
                  }
                  Frame Armature_mixamorig_LeftHand {
                    FrameTransformMatrix {
                       0.999720,-0.015877,-0.017527, 0.000000,
                       0.016499, 0.999219, 0.035903, 0.000000,
                       0.016943,-0.036182, 0.999202, 0.000000,
                       0.000010,21.603405,-0.000001, 1.000000;;
                    }
                    Frame Armature_mixamorig_LeftHandIndex1 {
                      FrameTransformMatrix {
                         0.988695, 0.136254, 0.062582, 0.000000,
                        -0.083104, 0.150559, 0.985102, 0.000000,
                         0.124802,-0.979166, 0.160180, 0.000000,
                        -2.341903, 9.909704,-0.291389, 1.000000;;
                      }
                      Frame Armature_mixamorig_LeftHandIndex2 {
                        FrameTransformMatrix {
                           0.997050, 0.076750, 0.000051, 0.000000,
                          -0.029468, 0.382212, 0.923605, 0.000000,
                           0.070867,-0.920882, 0.383347, 0.000000,
                          -0.000007, 3.776702,-0.000001, 1.000000;;
                        }
                        Frame Armature_mixamorig_LeftHandIndex3 {
                          FrameTransformMatrix {
                             0.999418,-0.011412,-0.032159, 0.000000,
                             0.034120, 0.349111, 0.936460, 0.000000,
                             0.000540,-0.937012, 0.349297, 0.000000,
                             0.000010, 2.542994,-0.000002, 1.000000;;
                          }
                          Frame Armature_mixamorig_LeftHandIndex4 {
                            FrameTransformMatrix {
                               1.000000,-0.000000,-0.000000, 0.000000,
                               0.000000, 1.000000,-0.000000, 0.000000,
                              -0.000000, 0.000000, 1.000000, 0.000000,
                              -0.000006, 2.529099,-0.000004, 1.000000;;
                            }
                          } // End of Armature_mixamorig_LeftHandIndex4
                        } // End of Armature_mixamorig_LeftHandIndex3
                      } // End of Armature_mixamorig_LeftHandIndex2
                    } // End of Armature_mixamorig_LeftHandIndex1
                    Frame Armature_mixamorig_LeftHandMiddle1 {
                      FrameTransformMatrix {
                         0.994525,-0.041949, 0.095711, 0.000000,
                        -0.093193, 0.058355, 0.993937, 0.000000,
                        -0.047280,-0.997414, 0.054127, 0.000000,
                        -0.000005, 9.700806, 0.000004, 1.000000;;
                      }
                      Frame Armature_mixamorig_LeftHandMiddle2 {
                        FrameTransformMatrix {
                           0.996315, 0.085759, 0.001365, 0.000000,
                          -0.021194, 0.230734, 0.972786, 0.000000,
                           0.083110,-0.969230, 0.231701, 0.000000,
                           0.000009, 4.014611, 0.000001, 1.000000;;
                        }
                        Frame Armature_mixamorig_LeftHandMiddle3 {
                          FrameTransformMatrix {
                             0.999621,-0.008824,-0.026083, 0.000000,
                             0.027466, 0.386748, 0.921776, 0.000000,
                             0.001954,-0.922143, 0.386844, 0.000000,
                             0.000004, 2.996705,-0.000005, 1.000000;;
                          }
                          Frame Armature_mixamorig_LeftHandMiddle4 {
                            FrameTransformMatrix {
                               1.000000, 0.000000, 0.000000, 0.000000,
                               0.000000, 1.000000,-0.000000, 0.000000,
                               0.000000, 0.000000, 1.000000, 0.000000,
                               0.000000, 2.824997, 0.000000, 1.000000;;
                            }
                          } // End of Armature_mixamorig_LeftHandMiddle4
                        } // End of Armature_mixamorig_LeftHandMiddle3
                      } // End of Armature_mixamorig_LeftHandMiddle2
                    } // End of Armature_mixamorig_LeftHandMiddle1
                    Frame Armature_mixamorig_LeftHandPinky1 {
                      FrameTransformMatrix {
                         0.977772,-0.143378, 0.152986, 0.000000,
                        -0.143677, 0.073232, 0.986911, 0.000000,
                        -0.152705,-0.986955, 0.051004, 0.000000,
                         4.712696, 8.985504,-0.221596, 1.000000;;
                      }
                      Frame Armature_mixamorig_LeftHandPinky2 {
                        FrameTransformMatrix {
                           0.999998, 0.001453, 0.000993, 0.000000,
                          -0.001353, 0.273814, 0.961782, 0.000000,
                           0.001126,-0.961782, 0.273816, 0.000000,
                          -0.000013, 3.562498, 0.000004, 1.000000;;
                        }
                        Frame Armature_mixamorig_LeftHandPinky3 {
                          FrameTransformMatrix {
                             0.999999, 0.001129, 0.000379, 0.000000,
                            -0.001031, 0.661969, 0.749530, 0.000000,
                             0.000595,-0.749530, 0.661970, 0.000000,
                             0.000010, 2.335204, 0.000002, 1.000000;;
                          }
                          Frame Armature_mixamorig_LeftHandPinky4 {
                            FrameTransformMatrix {
                               1.000000,-0.000000,-0.000000, 0.000000,
                              -0.000000, 1.000000,-0.000000, 0.000000,
                               0.000000,-0.000000, 1.000000, 0.000000,
                              -0.000005, 2.037283, 0.000003, 1.000000;;
                            }
                          } // End of Armature_mixamorig_LeftHandPinky4
                        } // End of Armature_mixamorig_LeftHandPinky3
                      } // End of Armature_mixamorig_LeftHandPinky2
                    } // End of Armature_mixamorig_LeftHandPinky1
                    Frame Armature_mixamorig_LeftHandRing1 {
                      FrameTransformMatrix {
                         0.994628,-0.067880, 0.078155, 0.000000,
                        -0.078819,-0.007166, 0.996863, 0.000000,
                        -0.067107,-0.997668,-0.012478, 0.000000,
                         2.241692, 9.308402,-0.143489, 1.000000;;
                      }
                      Frame Armature_mixamorig_LeftHandRing2 {
                        FrameTransformMatrix {
                           0.999743, 0.011971, 0.019236, 0.000000,
                          -0.022596, 0.464626, 0.885219, 0.000000,
                           0.001659,-0.885426, 0.464777, 0.000000,
                           0.000007, 4.019400,-0.000002, 1.000000;;
                        }
                        Frame Armature_mixamorig_LeftHandRing3 {
                          FrameTransformMatrix {
                             0.999791,-0.020377, 0.001892, 0.000000,
                             0.004321, 0.300558, 0.953754, 0.000000,
                            -0.020003,-0.953546, 0.300583, 0.000000,
                            -0.000005, 2.790809, 0.000004, 1.000000;;
                          }
                          Frame Armature_mixamorig_LeftHandRing4 {
                            FrameTransformMatrix {
                               1.000000, 0.000000,-0.000000, 0.000000,
                              -0.000000, 1.000000, 0.000000, 0.000000,
                              -0.000000,-0.000000, 1.000000, 0.000000,
                               0.000005, 2.540695,-0.000005, 1.000000;;
                            }
                          } // End of Armature_mixamorig_LeftHandRing4
                        } // End of Armature_mixamorig_LeftHandRing3
                      } // End of Armature_mixamorig_LeftHandRing2
                    } // End of Armature_mixamorig_LeftHandRing1
                    Frame Armature_mixamorig_LeftHandThumb1 {
                      FrameTransformMatrix {
                         0.857894, 0.512732, 0.033535, 0.000000,
                        -0.403426, 0.631711, 0.661958, 0.000000,
                         0.318223,-0.581418, 0.748790, 0.000000,
                        -2.370406, 3.545601, 1.908205, 1.000000;;
                      }
                      Frame Armature_mixamorig_LeftHandThumb2 {
                        FrameTransformMatrix {
                           0.922590,-0.322805,-0.211246, 0.000000,
                           0.321792, 0.945959,-0.040132, 0.000000,
                           0.212785,-0.030952, 0.976609, 0.000000,
                          -0.000005, 2.808395,-0.000006, 1.000000;;
                        }
                        Frame Armature_mixamorig_LeftHandThumb3 {
                          FrameTransformMatrix {
                             0.590040, 0.029309,-0.806842, 0.000000,
                             0.439596, 0.826561, 0.351499, 0.000000,
                             0.677206,-0.562083, 0.474820, 0.000000,
                             0.000009, 2.378999,-0.000002, 1.000000;;
                          }
                          Frame Armature_mixamorig_LeftHandThumb4 {
                            FrameTransformMatrix {
                               1.000000,-0.000000,-0.000000, 0.000000,
                               0.000000, 1.000000, 0.000000, 0.000000,
                              -0.000000,-0.000000, 1.000000, 0.000000,
                               0.000000, 2.445004,-0.000008, 1.000000;;
                            }
                          } // End of Armature_mixamorig_LeftHandThumb4
                        } // End of Armature_mixamorig_LeftHandThumb3
                      } // End of Armature_mixamorig_LeftHandThumb2
                    } // End of Armature_mixamorig_LeftHandThumb1
                  } // End of Armature_mixamorig_LeftHand
                  Frame Armature_mixamorig_Shield_joint {
                    FrameTransformMatrix {
                       0.000000, 1.000000,-0.000000, 0.000000,
                       0.000000,-0.000000,-1.000000, 0.000000,
                      -1.000000, 0.000000,-0.000000, 0.000000,
                       0.398207,14.663405,-5.648607, 1.000000;;
                    }
                  } // End of Armature_mixamorig_Shield_joint
                } // End of Armature_mixamorig_LeftForeArm
              } // End of Armature_mixamorig_LeftArm
            } // End of Armature_mixamorig_LeftShoulder
            Frame Armature_mixamorig_Neck {
              FrameTransformMatrix {
                 0.930865, 0.116798,-0.346192, 0.000000,
                -0.086829, 0.991100, 0.100905, 0.000000,
                 0.354896,-0.063870, 0.932722, 0.000000,
                 0.024401,15.862297,-1.675798, 1.000000;;
              }
              Frame Armature_mixamorig_Head {
                FrameTransformMatrix {
                   0.789907,-0.401234,-0.463744, 0.000000,
                   0.205095, 0.885543,-0.416833, 0.000000,
                   0.577913, 0.234147, 0.781787, 0.000000,
                  -0.000005, 5.563989, 0.988111, 1.000000;;
                }
                Frame Armature_mixamorig_HeadTop_End {
                  FrameTransformMatrix {
                     1.000000,-0.000000,-0.000000, 0.000000,
                     0.000000, 1.000000,-0.000000, 0.000000,
                     0.000000, 0.000000, 1.000000, 0.000000,
                    -0.000001,18.311899, 3.086899, 1.000000;;
                  }
                } // End of Armature_mixamorig_HeadTop_End
                Frame Armature_mixamorig_LeftEye {
                  FrameTransformMatrix {
                    -0.000000, 0.000000,-1.000000, 0.000000,
                     1.000000,-0.000000,-0.000000, 0.000000,
                    -0.000000,-1.000000,-0.000000, 0.000000,
                     2.284400, 7.935706, 7.063699, 1.000000;;
                  }
                } // End of Armature_mixamorig_LeftEye
                Frame Armature_mixamorig_RightEye {
                  FrameTransformMatrix {
                     0.000000,-0.000000, 1.000000, 0.000000,
                    -1.000000, 0.000000,-0.000000, 0.000000,
                    -0.000000,-1.000000,-0.000000, 0.000000,
                    -2.377501, 7.935695, 7.063702, 1.000000;;
                  }
                } // End of Armature_mixamorig_RightEye
              } // End of Armature_mixamorig_Head
            } // End of Armature_mixamorig_Neck
            Frame Armature_mixamorig_RightShoulder {
              FrameTransformMatrix {
                -0.016440,-0.045183, 0.998844, 0.000000,
                -0.983198,-0.180909,-0.024366, 0.000000,
                 0.181800,-0.982461,-0.041450, 0.000000,
                -5.979199,13.670202,-1.662598, 1.000000;;
              }
              Frame Armature_mixamorig_RightArm {
                FrameTransformMatrix {
                   0.874763, 0.307358,-0.374594, 0.000000,
                   0.048589, 0.713537, 0.698931, 0.000000,
                   0.482108,-0.629600, 0.609242, 0.000000,
                  -0.000001,12.607895,-0.000001, 1.000000;;
                }
                Frame Armature_mixamorig_RightForeArm {
                  FrameTransformMatrix {
                     0.879649,-0.226901, 0.418012, 0.000000,
                     0.198892, 0.973822, 0.110058, 0.000000,
                    -0.432042,-0.013673, 0.901750, 0.000000,
                    -0.000001,25.574295, 0.000001, 1.000000;;
                  }
                  Frame Armature_mixamorig_RightHand {
                    FrameTransformMatrix {
                       0.998865,-0.047603, 0.001312, 0.000000,
                       0.047621, 0.998586,-0.023615, 0.000000,
                      -0.000186, 0.023651, 0.999720, 0.000000,
                       0.000000,21.603497, 0.000004, 1.000000;;
                    }
                    Frame Armature_mixamorig_RightHandIndex1 {
                      FrameTransformMatrix {
                         0.998602, 0.052850,-0.001267, 0.000000,
                        -0.024165, 0.477642, 0.878222, 0.000000,
                         0.047019,-0.876964, 0.478251, 0.000000,
                         2.341898, 9.909595,-0.291390, 1.000000;;
                      }
                      Frame Armature_mixamorig_RightHandIndex2 {
                        FrameTransformMatrix {
                           0.997045,-0.076819, 0.000072, 0.000000,
                           0.030432, 0.395843, 0.917814, 0.000000,
                          -0.070534,-0.915100, 0.397011, 0.000000,
                           0.000002, 3.776700, 0.000000, 1.000000;;
                        }
                        Frame Armature_mixamorig_RightHandIndex3 {
                          FrameTransformMatrix {
                             0.999417, 0.007271, 0.033364, 0.000000,
                            -0.032428, 0.508176, 0.860643, 0.000000,
                            -0.010697,-0.861223, 0.508115, 0.000000,
                             0.000001, 2.543000,-0.000001, 1.000000;;
                          }
                          Frame Armature_mixamorig_RightHandIndex4 {
                            FrameTransformMatrix {
                               1.000000, 0.000000,-0.000000, 0.000000,
                               0.000000, 1.000000, 0.000000, 0.000000,
                               0.000000,-0.000000, 1.000000, 0.000000,
                               0.000004, 2.529009,-0.000001, 1.000000;;
                            }
                          } // End of Armature_mixamorig_RightHandIndex4
                        } // End of Armature_mixamorig_RightHandIndex3
                      } // End of Armature_mixamorig_RightHandIndex2
                    } // End of Armature_mixamorig_RightHandIndex1
                    Frame Armature_mixamorig_RightHandMiddle1 {
                      FrameTransformMatrix {
                         0.999774, 0.001794,-0.021197, 0.000000,
                         0.019027, 0.370195, 0.928759, 0.000000,
                         0.009513,-0.928952, 0.370077, 0.000000,
                        -0.000002, 9.700596, 0.000010, 1.000000;;
                      }
                      Frame Armature_mixamorig_RightHandMiddle2 {
                        FrameTransformMatrix {
                           0.996312,-0.085790,-0.001716, 0.000000,
                           0.009931, 0.095424, 0.995387, 0.000000,
                          -0.085230,-0.991733, 0.095924, 0.000000,
                          -0.000002, 4.014605,-0.000006, 1.000000;;
                        }
                        Frame Armature_mixamorig_RightHandMiddle3 {
                          FrameTransformMatrix {
                             0.999604, 0.023131, 0.016036, 0.000000,
                            -0.028128, 0.841344, 0.539767, 0.000000,
                            -0.001006,-0.540004, 0.841662, 0.000000,
                             0.000000, 2.996703,-0.000001, 1.000000;;
                          }
                          Frame Armature_mixamorig_RightHandMiddle4 {
                            FrameTransformMatrix {
                               1.000000, 0.000000, 0.000000, 0.000000,
                              -0.000000, 1.000000, 0.000000, 0.000000,
                               0.000000,-0.000000, 1.000000, 0.000000,
                               0.000000, 2.824984,-0.000002, 1.000000;;
                            }
                          } // End of Armature_mixamorig_RightHandMiddle4
                        } // End of Armature_mixamorig_RightHandMiddle3
                      } // End of Armature_mixamorig_RightHandMiddle2
                    } // End of Armature_mixamorig_RightHandMiddle1
                    Frame Armature_mixamorig_RightHandPinky1 {
                      FrameTransformMatrix {
                         0.997592,-0.002200,-0.069322, 0.000000,
                         0.069336, 0.056431, 0.995996, 0.000000,
                         0.001721,-0.998404, 0.056448, 0.000000,
                        -4.712806, 8.985300,-0.221692, 1.000000;;
                      }
                      Frame Armature_mixamorig_RightHandPinky2 {
                        FrameTransformMatrix {
                           0.999999,-0.001232,-0.000555, 0.000000,
                           0.001168, 0.581885, 0.813270, 0.000000,
                          -0.000679,-0.813270, 0.581886, 0.000000,
                           0.000003, 3.562501, 0.000004, 1.000000;;
                        }
                        Frame Armature_mixamorig_RightHandPinky3 {
                          FrameTransformMatrix {
                             1.000000,-0.000682,-0.000091, 0.000000,
                             0.000654, 0.900089, 0.435705, 0.000000,
                            -0.000215,-0.435705, 0.900089, 0.000000,
                            -0.000001, 2.335201,-0.000006, 1.000000;;
                          }
                          Frame Armature_mixamorig_RightHandPinky4 {
                            FrameTransformMatrix {
                               1.000000,-0.000000, 0.000000, 0.000000,
                               0.000000, 1.000000,-0.000000, 0.000000,
                              -0.000000, 0.000000, 1.000000, 0.000000,
                              -0.000003, 2.037306,-0.000014, 1.000000;;
                            }
                          } // End of Armature_mixamorig_RightHandPinky4
                        } // End of Armature_mixamorig_RightHandPinky3
                      } // End of Armature_mixamorig_RightHandPinky2
                    } // End of Armature_mixamorig_RightHandPinky1
                    Frame Armature_mixamorig_RightHandRing1 {
                      FrameTransformMatrix {
                         0.996667, 0.080164, 0.015098, 0.000000,
                        -0.029905, 0.186871, 0.981929, 0.000000,
                         0.075895,-0.979108, 0.188646, 0.000000,
                        -2.241705, 9.308300,-0.143586, 1.000000;;
                      }
                      Frame Armature_mixamorig_RightHandRing2 {
                        FrameTransformMatrix {
                           0.999710,-0.020375,-0.012844, 0.000000,
                           0.018171, 0.288055, 0.957442, 0.000000,
                          -0.015808,-0.957397, 0.288341, 0.000000,
                          -0.000005, 4.019386,-0.000004, 1.000000;;
                        }
                        Frame Armature_mixamorig_RightHandRing3 {
                          FrameTransformMatrix {
                             0.999788, 0.020539,-0.001365, 0.000000,
                            -0.015067, 0.775377, 0.631319, 0.000000,
                             0.014025,-0.631164, 0.775522, 0.000000,
                             0.000002, 2.790807, 0.000006, 1.000000;;
                          }
                          Frame Armature_mixamorig_RightHandRing4 {
                            FrameTransformMatrix {
                               1.000000,-0.000000, 0.000000, 0.000000,
                               0.000000, 1.000000, 0.000000, 0.000000,
                               0.000000, 0.000000, 1.000000, 0.000000,
                               0.000004, 2.540703, 0.000003, 1.000000;;
                            }
                          } // End of Armature_mixamorig_RightHandRing4
                        } // End of Armature_mixamorig_RightHandRing3
                      } // End of Armature_mixamorig_RightHandRing2
                    } // End of Armature_mixamorig_RightHandRing1
                    Frame Armature_mixamorig_RightHandThumb1 {
                      FrameTransformMatrix {
                         0.976732,-0.103456, 0.187858, 0.000000,
                        -0.095406, 0.574892, 0.812648, 0.000000,
                        -0.192071,-0.811662, 0.551645, 0.000000,
                         2.370398, 3.545496, 1.908108, 1.000000;;
                      }
                      Frame Armature_mixamorig_RightHandThumb2 {
                        FrameTransformMatrix {
                           0.951148, 0.004170, 0.308706, 0.000000,
                           0.056213, 0.980855,-0.186449, 0.000000,
                          -0.303574, 0.194694, 0.932704, 0.000000,
                           0.000006, 2.808388,-0.000002, 1.000000;;
                        }
                        Frame Armature_mixamorig_RightHandThumb3 {
                          FrameTransformMatrix {
                             0.927154, 0.226572,-0.298413, 0.000000,
                            -0.296217, 0.930952,-0.213502, 0.000000,
                             0.229434, 0.286344, 0.930251, 0.000000,
                            -0.000002, 2.378987,-0.000001, 1.000000;;
                          }
                          Frame Armature_mixamorig_RightHandThumb4 {
                            FrameTransformMatrix {
                               1.000000, 0.000000,-0.000000, 0.000000,
                               0.000000, 1.000000, 0.000000, 0.000000,
                              -0.000000, 0.000000, 1.000000, 0.000000,
                               0.000006, 2.445006, 0.000002, 1.000000;;
                            }
                          } // End of Armature_mixamorig_RightHandThumb4
                        } // End of Armature_mixamorig_RightHandThumb3
                      } // End of Armature_mixamorig_RightHandThumb2
                    } // End of Armature_mixamorig_RightHandThumb1
                    Frame Armature_mixamorig_Sword_joint {
                      FrameTransformMatrix {
                         0.000000,-1.000000,-0.000000, 0.000000,
                        -0.000000, 0.000000,-1.000000, 0.000000,
                         1.000000,-0.000000,-0.000000, 0.000000,
                        -0.770205, 7.960001, 2.820807, 1.000000;;
                      }
                    } // End of Armature_mixamorig_Sword_joint
                  } // End of Armature_mixamorig_RightHand
                } // End of Armature_mixamorig_RightForeArm
              } // End of Armature_mixamorig_RightArm
            } // End of Armature_mixamorig_RightShoulder
          } // End of Armature_mixamorig_Spine2
        } // End of Armature_mixamorig_Spine1
      } // End of Armature_mixamorig_Spine
    } // End of Armature_mixamorig_Hips
  } // End of Armature
} // End of Root
AnimationSet Global {
  Animation {
    {Armature}
    AnimationKey { // Rotation
      0;
      24;
      0;4;-0.707107, 0.707107, 0.000000, 0.000000;;,
      1;4;-0.707107, 0.707107, 0.000000, 0.000000;;,
      2;4;-0.707107, 0.707107, 0.000000, 0.000000;;,
      3;4;-0.707107, 0.707107, 0.000000, 0.000000;;,
      4;4;-0.707107, 0.707107, 0.000000, 0.000000;;,
      5;4;-0.707107, 0.707107, 0.000000, 0.000000;;,
      6;4;-0.707107, 0.707107, 0.000000, 0.000000;;,
      7;4;-0.707107, 0.707107, 0.000000, 0.000000;;,
      8;4;-0.707107, 0.707107, 0.000000, 0.000000;;,
      9;4;-0.707107, 0.707107, 0.000000, 0.000000;;,
      10;4;-0.707107, 0.707107, 0.000000, 0.000000;;,
      11;4;-0.707107, 0.707107, 0.000000, 0.000000;;,
      12;4;-0.707107, 0.707107, 0.000000, 0.000000;;,
      13;4;-0.707107, 0.707107, 0.000000, 0.000000;;,
      14;4;-0.707107, 0.707107, 0.000000, 0.000000;;,
      15;4;-0.707107, 0.707107, 0.000000, 0.000000;;,
      16;4;-0.707107, 0.707107, 0.000000, 0.000000;;,
      17;4;-0.707107, 0.707107, 0.000000, 0.000000;;,
      18;4;-0.707107, 0.707107, 0.000000, 0.000000;;,
      19;4;-0.707107, 0.707107, 0.000000, 0.000000;;,
      20;4;-0.707107, 0.707107, 0.000000, 0.000000;;,
      21;4;-0.707107, 0.707107, 0.000000, 0.000000;;,
      22;4;-0.707107, 0.707107, 0.000000, 0.000000;;,
      23;4;-0.707107, 0.707107, 0.000000, 0.000000;;;
    }
    AnimationKey { // Scale
      1;
      24;
      0;3; 0.100000, 0.100000, 0.100000;;,
      1;3; 0.100000, 0.100000, 0.100000;;,
      2;3; 0.100000, 0.100000, 0.100000;;,
      3;3; 0.100000, 0.100000, 0.100000;;,
      4;3; 0.100000, 0.100000, 0.100000;;,
      5;3; 0.100000, 0.100000, 0.100000;;,
      6;3; 0.100000, 0.100000, 0.100000;;,
      7;3; 0.100000, 0.100000, 0.100000;;,
      8;3; 0.100000, 0.100000, 0.100000;;,
      9;3; 0.100000, 0.100000, 0.100000;;,
      10;3; 0.100000, 0.100000, 0.100000;;,
      11;3; 0.100000, 0.100000, 0.100000;;,
      12;3; 0.100000, 0.100000, 0.100000;;,
      13;3; 0.100000, 0.100000, 0.100000;;,
      14;3; 0.100000, 0.100000, 0.100000;;,
      15;3; 0.100000, 0.100000, 0.100000;;,
      16;3; 0.100000, 0.100000, 0.100000;;,
      17;3; 0.100000, 0.100000, 0.100000;;,
      18;3; 0.100000, 0.100000, 0.100000;;,
      19;3; 0.100000, 0.100000, 0.100000;;,
      20;3; 0.100000, 0.100000, 0.100000;;,
      21;3; 0.100000, 0.100000, 0.100000;;,
      22;3; 0.100000, 0.100000, 0.100000;;,
      23;3; 0.100000, 0.100000, 0.100000;;;
    }
    AnimationKey { // Position
      2;
      24;
      0;3; 0.000000, 0.000000, 0.000000;;,
      1;3; 0.000000, 0.000000, 0.000000;;,
      2;3; 0.000000, 0.000000, 0.000000;;,
      3;3; 0.000000, 0.000000, 0.000000;;,
      4;3; 0.000000, 0.000000, 0.000000;;,
      5;3; 0.000000, 0.000000, 0.000000;;,
      6;3; 0.000000, 0.000000, 0.000000;;,
      7;3; 0.000000, 0.000000, 0.000000;;,
      8;3; 0.000000, 0.000000, 0.000000;;,
      9;3; 0.000000, 0.000000, 0.000000;;,
      10;3; 0.000000, 0.000000, 0.000000;;,
      11;3; 0.000000, 0.000000, 0.000000;;,
      12;3; 0.000000, 0.000000, 0.000000;;,
      13;3; 0.000000, 0.000000, 0.000000;;,
      14;3; 0.000000, 0.000000, 0.000000;;,
      15;3; 0.000000, 0.000000, 0.000000;;,
      16;3; 0.000000, 0.000000, 0.000000;;,
      17;3; 0.000000, 0.000000, 0.000000;;,
      18;3; 0.000000, 0.000000, 0.000000;;,
      19;3; 0.000000, 0.000000, 0.000000;;,
      20;3; 0.000000, 0.000000, 0.000000;;,
      21;3; 0.000000, 0.000000, 0.000000;;,
      22;3; 0.000000, 0.000000, 0.000000;;,
      23;3; 0.000000, 0.000000, 0.000000;;;
    }
  }
  Animation {
    {Armature_mixamorig_Hips}
    AnimationKey { // Rotation
      0;
      24;
      0;4;-0.829583, 0.088846,-0.549406, 0.045292;;,
      1;4;-0.836328, 0.089905,-0.538511, 0.049776;;,
      2;4;-0.843390, 0.087341,-0.527318, 0.054775;;,
      3;4;-0.853104, 0.074964,-0.513436, 0.054556;;,
      4;4;-0.864887, 0.056084,-0.496569, 0.047382;;,
      5;4;-0.876138, 0.037002,-0.479076, 0.038715;;,
      6;4;-0.884337, 0.016695,-0.465412, 0.032584;;,
      7;4;-0.885417,-0.001918,-0.463474, 0.034991;;,
      8;4;-0.880041,-0.010668,-0.472597, 0.045455;;,
      9;4;-0.875606, 0.002395,-0.479981, 0.054096;;,
      10;4;-0.872074, 0.014013,-0.485784, 0.057478;;,
      11;4;-0.867382, 0.028662,-0.493663, 0.055883;;,
      12;4;-0.862855, 0.045680,-0.500876, 0.050169;;,
      13;4;-0.859009, 0.059605,-0.506678, 0.042755;;,
      14;4;-0.855944, 0.068780,-0.510967, 0.039260;;,
      15;4;-0.853960, 0.074456,-0.513294, 0.041688;;,
      16;4;-0.851580, 0.078678,-0.516170, 0.046799;;,
      17;4;-0.847879, 0.083679,-0.521158, 0.049937;;,
      18;4;-0.843280, 0.086127,-0.528274, 0.048866;;,
      19;4;-0.838902, 0.088126,-0.535113, 0.046156;;,
      20;4;-0.835247, 0.089924,-0.540729, 0.043452;;,
      21;4;-0.832240, 0.090819,-0.545302, 0.042116;;,
      22;4;-0.830584, 0.090108,-0.547850, 0.043263;;,
      23;4;-0.829583, 0.088846,-0.549406, 0.045292;;;
    }
    AnimationKey { // Scale
      1;
      24;
      0;3; 1.000000, 1.000000, 1.000000;;,
      1;3; 1.000000, 1.000000, 1.000000;;,
      2;3; 1.000000, 1.000000, 1.000000;;,
      3;3; 1.000000, 1.000000, 1.000000;;,
      4;3; 1.000000, 1.000000, 1.000000;;,
      5;3; 1.000000, 1.000000, 1.000000;;,
      6;3; 1.000000, 1.000000, 1.000000;;,
      7;3; 1.000000, 1.000000, 1.000000;;,
      8;3; 1.000000, 1.000000, 1.000000;;,
      9;3; 1.000000, 1.000000, 1.000000;;,
      10;3; 1.000000, 1.000000, 1.000000;;,
      11;3; 1.000000, 1.000000, 1.000000;;,
      12;3; 1.000000, 1.000000, 1.000000;;,
      13;3; 1.000000, 1.000000, 1.000000;;,
      14;3; 1.000000, 1.000000, 1.000000;;,
      15;3; 1.000000, 1.000000, 1.000000;;,
      16;3; 1.000000, 1.000000, 1.000000;;,
      17;3; 1.000000, 1.000000, 1.000000;;,
      18;3; 1.000000, 1.000000, 1.000000;;,
      19;3; 1.000000, 1.000000, 1.000000;;,
      20;3; 1.000000, 1.000000, 1.000000;;,
      21;3; 1.000000, 1.000000, 1.000000;;,
      22;3; 1.000000, 1.000000, 1.000000;;,
      23;3; 1.000000, 1.000000, 1.000000;;;
    }
    AnimationKey { // Position
      2;
      24;
      0;3;-0.030566,69.150436, 0.016873;;,
      1;3;-0.030566,69.313553, 0.016873;;,
      2;3;-0.030567,69.586998, 0.016873;;,
      3;3;-0.030568,70.090729, 0.016873;;,
      4;3;-0.030569,70.707893, 0.016873;;,
      5;3;-0.030570,71.295189, 0.016873;;,
      6;3;-0.030571,71.882355, 0.016873;;,
      7;3;-0.030572,72.431465, 0.016873;;,
      8;3;-0.030573,72.848633, 0.016873;;,
      9;3;-0.030573,72.903786, 0.016873;;,
      10;3;-0.030573,72.780464, 0.016873;;,
      11;3;-0.030572,72.492744, 0.016873;;,
      12;3;-0.030571,72.098328, 0.016873;;,
      13;3;-0.030571,71.636841, 0.016873;;,
      14;3;-0.030570,71.183777, 0.016873;;,
      15;3;-0.030569,70.701324, 0.016873;;,
      16;3;-0.030568,70.178993, 0.016873;;,
      17;3;-0.030567,69.724152, 0.016873;;,
      18;3;-0.030567,69.474129, 0.016873;;,
      19;3;-0.030567,69.352608, 0.016873;;,
      20;3;-0.030566,69.296280, 0.016873;;,
      21;3;-0.030566,69.238785, 0.016873;;,
      22;3;-0.030566,69.186760, 0.016873;;,
      23;3;-0.030566,69.150429, 0.016873;;;
    }
  }
  Animation {
    {Armature_mixamorig_Spine}
    AnimationKey { // Rotation
      0;
      24;
      0;4;-0.987507, 0.004951, 0.137517,-0.076777;;,
      1;4;-0.987796,-0.006644, 0.144527,-0.057686;;,
      2;4;-0.987366,-0.021143, 0.152852,-0.036028;;,
      3;4;-0.987053,-0.031659, 0.156572,-0.014468;;,
      4;4;-0.987388,-0.035041, 0.154341, 0.003881;;,
      5;4;-0.987250,-0.038009, 0.153351, 0.019394;;,
      6;4;-0.987015,-0.037137, 0.153247, 0.030633;;,
      7;4;-0.987153,-0.028751, 0.153763, 0.032541;;,
      8;4;-0.987843,-0.018402, 0.152154, 0.026005;;,
      9;4;-0.988857,-0.022684, 0.145420, 0.022357;;,
      10;4;-0.989214,-0.022543, 0.143454, 0.019170;;,
      11;4;-0.990081,-0.022580, 0.138170, 0.011805;;,
      12;4;-0.991493,-0.023724, 0.127982, 0.000563;;,
      13;4;-0.992830,-0.023921, 0.116266,-0.014110;;,
      14;4;-0.993459,-0.023655, 0.107420,-0.030668;;,
      15;4;-0.993415,-0.023627, 0.101747,-0.047070;;,
      16;4;-0.992956,-0.023004, 0.098649,-0.061461;;,
      17;4;-0.992184,-0.021007, 0.099763,-0.071947;;,
      18;4;-0.991422,-0.017500, 0.103778,-0.077506;;,
      19;4;-0.990685,-0.013230, 0.109694,-0.079601;;,
      20;4;-0.989978,-0.008679, 0.116539,-0.079287;;,
      21;4;-0.989209,-0.004011, 0.123981,-0.077966;;,
      22;4;-0.988378, 0.000581, 0.131223,-0.076745;;,
      23;4;-0.987507, 0.004951, 0.137518,-0.076777;;;
    }
