xof 0303txt 0032

template XSkinMeshHeader {
  <3cf169ce-ff7c-44ab-93c0-f78f62d172e2>
  WORD nMaxSkinWeightsPerVertex;
  WORD nMaxSkinWeightsPerFace;
  WORD nBones;
}

template SkinWeights {
  <6f0d123b-bad2-4167-a0d0-80224f25fabb>
  STRING transformNodeName;
  DWORD nWeights;
  array DWORD vertexIndices[nWeights];
  array float weights[nWeights];
  Matrix4x4 matrixOffset;
}

Frame Root {
  FrameTransformMatrix {
     1.000000, 0.000000, 0.000000, 0.000000,
     0.000000,-0.000000,-1.000000, 0.000000,
     0.000000, 1.000000,-0.000000, 0.000000,
     0.000000, 0.000000, 0.000000, 1.000000;;
  }
  Frame Armature {
    FrameTransformMatrix {
       0.100000, 0.000000, 0.000000, 0.000000,
       0.000000,-0.000000, 0.100000, 0.000000,
       0.000000,-0.100000,-0.000000, 0.000000,
       0.000000, 0.000000, 0.000000, 1.000000;;
    }
    Frame Armature_mixamorig_Hips {
      FrameTransformMatrix {
         0.158653,-0.016181,-0.987202, 0.000000,
         0.089285, 0.996004,-0.001976, 0.000000,
         0.983289,-0.087828, 0.159464, 0.000000,
         0.047555,92.188950,-0.046440, 1.000000;;
      }
      Frame Armature_mixamorig_LeftUpLeg {
        FrameTransformMatrix {
          -0.966402, 0.064476, 0.248804, 0.000000,
           0.026578,-0.937772, 0.346214, 0.000000,
           0.255659, 0.341213, 0.904496, 0.000000,
           9.789101,-5.875896,-0.583701, 1.000000;;
        }
        Frame Armature_mixamorig_LeftLeg {
          FrameTransformMatrix {
             0.998723,-0.050397, 0.003415, 0.000000,
             0.036377, 0.670681,-0.740853, 0.000000,
             0.035047, 0.740032, 0.671658, 0.000000,
            -0.000000,41.702007,-0.000001, 1.000000;;
          }
          Frame Armature_mixamorig_LeftFoot {
            FrameTransformMatrix {
               0.995603, 0.072019,-0.059896, 0.000000,
               0.014401, 0.514140, 0.857585, 0.000000,
               0.092557,-0.854677, 0.510842, 0.000000,
               0.000000,36.981026,-0.000002, 1.000000;;
            }
            Frame Armature_mixamorig_LeftToeBase {
              FrameTransformMatrix {
                 0.988460, 0.010839,-0.151089, 0.000000,
                 0.128184, 0.471601, 0.872446, 0.000000,
                 0.080711,-0.881746, 0.464769, 0.000000,
                -0.000000,16.700535,-0.000000, 1.000000;;
              }
              Frame Armature_mixamorig_LeftToe_End {
                FrameTransformMatrix {
                   1.000000,-0.000000,-0.000000, 0.000000,
                   0.000000, 1.000000, 0.000000, 0.000000,
                   0.000000,-0.000000, 1.000000, 0.000000,
                  -0.000000, 7.120427, 0.000000, 1.000000;;
                }
              } // End of Armature_mixamorig_LeftToe_End
            } // End of Armature_mixamorig_LeftToeBase
          } // End of Armature_mixamorig_LeftFoot
        } // End of Armature_mixamorig_LeftLeg
      } // End of Armature_mixamorig_LeftUpLeg
      Frame Armature_mixamorig_RightUpLeg {
        FrameTransformMatrix {
          -0.993305, 0.085782, 0.077372, 0.000000,
          -0.014083,-0.754718, 0.655861, 0.000000,
           0.114662, 0.650418, 0.750826, 0.000000,
          -9.857699,-5.875898,-0.583701, 1.000000;;
        }
        Frame Armature_mixamorig_RightLeg {
          FrameTransformMatrix {
             0.992497,-0.114877, 0.041867, 0.000000,
             0.067228, 0.226709,-0.971640, 0.000000,
             0.102127, 0.967164, 0.232731, 0.000000,
             0.000000,41.702007,-0.000001, 1.000000;;
          }
          Frame Armature_mixamorig_RightFoot {
            FrameTransformMatrix {
               0.991352, 0.114471, 0.064169, 0.000000,
              -0.126963, 0.712972, 0.689602, 0.000000,
               0.033189,-0.691786, 0.721340, 0.000000,
              -0.000000,36.981022, 0.000000, 1.000000;;
            }
            Frame Armature_mixamorig_RightToeBase {
              FrameTransformMatrix {
                 0.983704,-0.031565, 0.177001, 0.000000,
                -0.083277, 0.792504, 0.604154, 0.000000,
                -0.159344,-0.609050, 0.776961, 0.000000,
                 0.000001,16.700537,-0.000000, 1.000000;;
              }
              Frame Armature_mixamorig_RightToe_End {
                FrameTransformMatrix {
                   1.000000, 0.000000, 0.000000, 0.000000,
                  -0.000000, 1.000000, 0.000000, 0.000000,
                  -0.000000,-0.000000, 1.000000, 0.000000,
                  -0.000001, 7.120428,-0.000000, 1.000000;;
                }
              } // End of Armature_mixamorig_RightToe_End
            } // End of Armature_mixamorig_RightToeBase
          } // End of Armature_mixamorig_RightFoot
        } // End of Armature_mixamorig_RightLeg
      } // End of Armature_mixamorig_RightUpLeg
      Frame Armature_mixamorig_Spine {
        FrameTransformMatrix {
           0.999769,-0.005631, 0.020744, 0.000000,
          -0.000724, 0.955710, 0.294309, 0.000000,
          -0.021483,-0.294256, 0.955485, 0.000000,
           0.017300,10.574800,-1.117201, 1.000000;;
        }
        Frame Armature_mixamorig_Spine1 {
          FrameTransformMatrix {
             0.999547, 0.025277, 0.016323, 0.000000,
            -0.025818, 0.999095, 0.033794, 0.000000,
            -0.015454,-0.034200, 0.999296, 0.000000,
             0.000001,12.405996, 0.000001, 1.000000;;
          }
          Frame Armature_mixamorig_Spine2 {
            FrameTransformMatrix {
               0.999463, 0.027515, 0.017799, 0.000000,
              -0.029715, 0.989954, 0.138230, 0.000000,
              -0.013817,-0.138685, 0.990240, 0.000000,
              -0.000000,14.178309,-0.000001, 1.000000;;
            }
            Frame Armature_mixamorig_LeftShoulder {
              FrameTransformMatrix {
                 0.162218, 0.011708,-0.986685, 0.000000,
                 0.973262,-0.166692, 0.158033, 0.000000,
                -0.162622,-0.985939,-0.038435, 0.000000,
                 5.935000,13.670191,-1.662591, 1.000000;;
              }
              Frame Armature_mixamorig_LeftArm {
                FrameTransformMatrix {
                   0.971641, 0.069201,-0.226109, 0.000000,
                   0.147343, 0.570703, 0.807830, 0.000000,
                   0.184944,-0.818236, 0.544322, 0.000000,
                  -0.000017,12.607901,-0.000001, 1.000000;;
                }
                Frame Armature_mixamorig_LeftForeArm {
                  FrameTransformMatrix {
                     0.036849, 0.998718, 0.034697, 0.000000,
                    -0.998001, 0.038562,-0.050063, 0.000000,
                    -0.051337,-0.032782, 0.998143, 0.000000,
                     0.000000,25.574306,-0.000007, 1.000000;;
                  }
                  Frame Armature_mixamorig_LeftHand {
                    FrameTransformMatrix {
                       0.998851,-0.047766, 0.003780, 0.000000,
                       0.047550, 0.978423,-0.201066, 0.000000,
                       0.005906, 0.201015, 0.979570, 0.000000,
                       0.000000,21.603409, 0.000001, 1.000000;;
                    }
                    Frame Armature_mixamorig_LeftHandIndex1 {
                      FrameTransformMatrix {
                         0.998625,-0.052403, 0.001238, 0.000000,
                         0.023978, 0.477694, 0.878199, 0.000000,
                        -0.046612,-0.876962, 0.478293, 0.000000,
                        -2.341906, 9.909708,-0.291389, 1.000000;;
                      }
                      Frame Armature_mixamorig_LeftHandIndex2 {
                        FrameTransformMatrix {
                           0.997039, 0.076899, 0.000050, 0.000000,
                          -0.030576, 0.395833, 0.917813, 0.000000,
                           0.070560,-0.915097, 0.397012, 0.000000,
                           0.000006, 3.776709,-0.000004, 1.000000;;
                        }
                        Frame Armature_mixamorig_LeftHandIndex3 {
                          FrameTransformMatrix {
                             0.999418,-0.007233,-0.033325, 0.000000,
                             0.032376, 0.508152, 0.860659, 0.000000,
                             0.010709,-0.861237, 0.508090, 0.000000,
                            -0.000003, 2.542995,-0.000003, 1.000000;;
                          }
                          Frame Armature_mixamorig_LeftHandIndex4 {
                            FrameTransformMatrix {
                               1.000000,-0.000000,-0.000000, 0.000000,
                              -0.000000, 1.000000,-0.000000, 0.000000,
                               0.000000, 0.000000, 1.000000, 0.000000,
                              -0.000002, 2.529104, 0.000002, 1.000000;;
                            }
                          } // End of Armature_mixamorig_LeftHandIndex4
                        } // End of Armature_mixamorig_LeftHandIndex3
                      } // End of Armature_mixamorig_LeftHandIndex2
                    } // End of Armature_mixamorig_LeftHandIndex1
                    Frame Armature_mixamorig_LeftHandMiddle1 {
                      FrameTransformMatrix {
                         0.999767,-0.002002, 0.021500, 0.000000,
                        -0.019232, 0.370204, 0.928751, 0.000000,
                        -0.009819,-0.928948, 0.370079, 0.000000,
                        -0.000009, 9.700806, 0.000003, 1.000000;;
                      }
                      Frame Armature_mixamorig_LeftHandMiddle2 {
                        FrameTransformMatrix {
                           0.996322, 0.085668, 0.001615, 0.000000,
                          -0.009820, 0.095431, 0.995388, 0.000000,
                           0.085119,-0.991743, 0.095921, 0.000000,
                          -0.000001, 4.014606,-0.000000, 1.000000;;
                        }
                        Frame Armature_mixamorig_LeftHandMiddle3 {
                          FrameTransformMatrix {
                             0.999604,-0.023097,-0.016041, 0.000000,
                             0.028103, 0.841141, 0.540084, 0.000000,
                             0.001019,-0.540322, 0.841458, 0.000000,
                             0.000006, 2.996709, 0.000000, 1.000000;;
                          }
                          Frame Armature_mixamorig_LeftHandMiddle4 {
                            FrameTransformMatrix {
                               1.000000, 0.000000, 0.000000, 0.000000,
                              -0.000000, 1.000000, 0.000000, 0.000000,
                               0.000000, 0.000000, 1.000000, 0.000000,
                              -0.000004, 2.824995,-0.000001, 1.000000;;
                            }
                          } // End of Armature_mixamorig_LeftHandMiddle4
                        } // End of Armature_mixamorig_LeftHandMiddle3
                      } // End of Armature_mixamorig_LeftHandMiddle2
                    } // End of Armature_mixamorig_LeftHandMiddle1
                    Frame Armature_mixamorig_LeftHandPinky1 {
                      FrameTransformMatrix {
                         0.997594, 0.001987, 0.069301, 0.000000,
                        -0.069303, 0.056401, 0.996000, 0.000000,
                        -0.001930,-0.998406, 0.056403, 0.000000,
                         4.712690, 8.985502,-0.221598, 1.000000;;
                      }
                      Frame Armature_mixamorig_LeftHandPinky2 {
                        FrameTransformMatrix {
                           0.999999, 0.001147, 0.000591, 0.000000,
                          -0.001148, 0.581893, 0.813264, 0.000000,
                           0.000589,-0.813264, 0.581894, 0.000000,
                           0.000004, 3.562502, 0.000009, 1.000000;;
                        }
                        Frame Armature_mixamorig_LeftHandPinky3 {
                          FrameTransformMatrix {
                             1.000000, 0.000614, 0.000141, 0.000000,
                            -0.000614, 0.900092, 0.435699, 0.000000,
                             0.000141,-0.435699, 0.900092, 0.000000,
                             0.000008, 2.335202,-0.000002, 1.000000;;
                          }
                          Frame Armature_mixamorig_LeftHandPinky4 {
                            FrameTransformMatrix {
                               1.000000, 0.000000, 0.000000, 0.000000,
                              -0.000000, 1.000000,-0.000000, 0.000000,
                              -0.000000,-0.000000, 1.000000, 0.000000,
                               0.000005, 2.037281,-0.000008, 1.000000;;
                            }
                          } // End of Armature_mixamorig_LeftHandPinky4
                        } // End of Armature_mixamorig_LeftHandPinky3
                      } // End of Armature_mixamorig_LeftHandPinky2
                    } // End of Armature_mixamorig_LeftHandPinky1
                    Frame Armature_mixamorig_LeftHandRing1 {
                      FrameTransformMatrix {
                         0.996633,-0.080601,-0.015073, 0.000000,
                         0.029966, 0.186897, 0.981922, 0.000000,
                        -0.076327,-0.979067, 0.188683, 0.000000,
                         2.241695, 9.308405,-0.143489, 1.000000;;
                      }
                      Frame Armature_mixamorig_LeftHandRing2 {
                        FrameTransformMatrix {
                           0.999712, 0.020273, 0.012805, 0.000000,
                          -0.018106, 0.288086, 0.957433, 0.000000,
                           0.015721,-0.957390, 0.288370, 0.000000,
                           0.000001, 4.019393, 0.000002, 1.000000;;
                        }
                        Frame Armature_mixamorig_LeftHandRing3 {
                          FrameTransformMatrix {
                             0.999784,-0.020754, 0.001201, 0.000000,
                             0.015337, 0.775373, 0.631317, 0.000000,
                            -0.014034,-0.631162, 0.775524, 0.000000,
                            -0.000010, 2.790809,-0.000003, 1.000000;;
                          }
                          Frame Armature_mixamorig_LeftHandRing4 {
                            FrameTransformMatrix {
                               1.000000, 0.000000,-0.000000, 0.000000,
                              -0.000000, 1.000000, 0.000000, 0.000000,
                               0.000000,-0.000000, 1.000000, 0.000000,
                              -0.000005, 2.540695,-0.000001, 1.000000;;
                            }
                          } // End of Armature_mixamorig_LeftHandRing4
                        } // End of Armature_mixamorig_LeftHandRing3
                      } // End of Armature_mixamorig_LeftHandRing2
                    } // End of Armature_mixamorig_LeftHandRing1
                    Frame Armature_mixamorig_LeftHandThumb1 {
                      FrameTransformMatrix {
                         0.975556, 0.108367,-0.191174, 0.000000,
                         0.095390, 0.574893, 0.812649, 0.000000,
                         0.197969,-0.811021, 0.550503, 0.000000,
                        -2.370409, 3.545600, 1.908200, 1.000000;;
                      }
                      Frame Armature_mixamorig_LeftHandThumb2 {
                        FrameTransformMatrix {
                           0.951179,-0.005349,-0.308594, 0.000000,
                          -0.055084, 0.980855,-0.186786, 0.000000,
                           0.303685, 0.194665, 0.932674, 0.000000,
                           0.000005, 2.808406,-0.000000, 1.000000;;
                        }
                        Frame Armature_mixamorig_LeftHandThumb3 {
                          FrameTransformMatrix {
                             0.926683,-0.228386, 0.298493, 0.000000,
                             0.297613, 0.930925,-0.211674, 0.000000,
                            -0.229531, 0.284990, 0.930643, 0.000000,
                             0.000002, 2.378995, 0.000001, 1.000000;;
                          }
                          Frame Armature_mixamorig_LeftHandThumb4 {
                            FrameTransformMatrix {
                               1.000000,-0.000000, 0.000000, 0.000000,
                               0.000000, 1.000000, 0.000000, 0.000000,
                               0.000000,-0.000000, 1.000000, 0.000000,
                               0.000000, 2.445013,-0.000002, 1.000000;;
                            }
                          } // End of Armature_mixamorig_LeftHandThumb4
                        } // End of Armature_mixamorig_LeftHandThumb3
                      } // End of Armature_mixamorig_LeftHandThumb2
                    } // End of Armature_mixamorig_LeftHandThumb1
                  } // End of Armature_mixamorig_LeftHand
                  Frame Armature_mixamorig_Shield_joint {
                    FrameTransformMatrix {
                      -0.000000, 1.000000,-0.000000, 0.000000,
                       0.000000,-0.000000,-1.000000, 0.000000,
                      -1.000000, 0.000000,-0.000000, 0.000000,
                       0.398195,14.663405,-5.648604, 1.000000;;
                    }
                  } // End of Armature_mixamorig_Shield_joint
                } // End of Armature_mixamorig_LeftForeArm
              } // End of Armature_mixamorig_LeftArm
            } // End of Armature_mixamorig_LeftShoulder
            Frame Armature_mixamorig_Neck {
              FrameTransformMatrix {
                 0.972749, 0.099901, 0.209234, 0.000000,
                -0.101190, 0.994857,-0.004565, 0.000000,
                -0.208613,-0.016732, 0.977855, 0.000000,
                 0.024400,15.862285,-1.675796, 1.000000;;
              }
              Frame Armature_mixamorig_Head {
                FrameTransformMatrix {
                   0.863160, 0.232826, 0.448049, 0.000000,
                  -0.138810, 0.962572,-0.232779, 0.000000,
                  -0.485476, 0.138732, 0.863172, 0.000000,
                  -0.000003, 5.563989, 0.988094, 1.000000;;
                }
                Frame Armature_mixamorig_HeadTop_End {
                  FrameTransformMatrix {
                     1.000000,-0.000000, 0.000000, 0.000000,
                    -0.000000, 1.000000,-0.000000, 0.000000,
                     0.000000, 0.000000, 1.000000, 0.000000,
                     0.000004,18.311903, 3.086897, 1.000000;;
                  }
                } // End of Armature_mixamorig_HeadTop_End
                Frame Armature_mixamorig_LeftEye {
                  FrameTransformMatrix {
                    -0.000000,-0.000000,-1.000000, 0.000000,
                     1.000000,-0.000000, 0.000000, 0.000000,
                    -0.000000,-1.000000, 0.000000, 0.000000,
                     2.284404, 7.935700, 7.063697, 1.000000;;
                  }
                } // End of Armature_mixamorig_LeftEye
                Frame Armature_mixamorig_RightEye {
                  FrameTransformMatrix {
                     0.000000, 0.000000, 1.000000, 0.000000,
                    -1.000000, 0.000000,-0.000000, 0.000000,
                    -0.000000,-1.000000, 0.000000, 0.000000,
                    -2.377495, 7.935699, 7.063697, 1.000000;;
                  }
                } // End of Armature_mixamorig_RightEye
              } // End of Armature_mixamorig_Head
            } // End of Armature_mixamorig_Neck
            Frame Armature_mixamorig_RightShoulder {
              FrameTransformMatrix {
                 0.346375, 0.005616, 0.938079, 0.000000,
                -0.936129, 0.066798, 0.345255, 0.000000,
                -0.060723,-0.997751, 0.028395, 0.000000,
                -5.979199,13.670189,-1.662591, 1.000000;;
              }
              Frame Armature_mixamorig_RightArm {
                FrameTransformMatrix {
                   0.981726,-0.174099, 0.076840, 0.000000,
                   0.053615, 0.640461, 0.766117, 0.000000,
                  -0.182593,-0.747997, 0.638091, 0.000000,
                   0.000002,12.607893,-0.000003, 1.000000;;
                }
                Frame Armature_mixamorig_RightForeArm {
                  FrameTransformMatrix {
                    -0.025197,-0.861917,-0.506423, 0.000000,
                     0.975021, 0.090640,-0.202778, 0.000000,
                     0.220680,-0.498882, 0.838104, 0.000000,
                    -0.000002,25.574308, 0.000001, 1.000000;;
                  }
                  Frame Armature_mixamorig_RightHand {
                    FrameTransformMatrix {
                       0.919034,-0.392901,-0.031691, 0.000000,
                       0.392903, 0.906638, 0.153733, 0.000000,
                      -0.031669,-0.153738, 0.987604, 0.000000,
                       0.000005,21.603502, 0.000002, 1.000000;;
                    }
                    Frame Armature_mixamorig_RightHandIndex1 {
                      FrameTransformMatrix {
                         0.988692,-0.136270,-0.062597, 0.000000,
                         0.083111, 0.150484, 0.985113, 0.000000,
                        -0.124822,-0.979176, 0.160108, 0.000000,
                         2.341899, 9.909601,-0.291402, 1.000000;;
                      }
                      Frame Armature_mixamorig_RightHandIndex2 {
                        FrameTransformMatrix {
                           0.997049,-0.076773,-0.000107, 0.000000,
                           0.029529, 0.382206, 0.923605, 0.000000,
                          -0.070868,-0.920883, 0.383345, 0.000000,
                          -0.000002, 3.776699,-0.000001, 1.000000;;
                        }
                        Frame Armature_mixamorig_RightHandIndex3 {
                          FrameTransformMatrix {
                             0.999422, 0.011482, 0.031991, 0.000000,
                            -0.033987, 0.348789, 0.936585, 0.000000,
                            -0.000404,-0.937131, 0.348978, 0.000000,
                             0.000006, 2.542991, 0.000003, 1.000000;;
                          }
                          Frame Armature_mixamorig_RightHandIndex4 {
                            FrameTransformMatrix {
                               1.000000,-0.000000, 0.000000, 0.000000,
                               0.000000, 1.000000, 0.000000, 0.000000,
                              -0.000000,-0.000000, 1.000000, 0.000000,
                               0.000011, 2.529000,-0.000007, 1.000000;;
                            }
                          } // End of Armature_mixamorig_RightHandIndex4
                        } // End of Armature_mixamorig_RightHandIndex3
                      } // End of Armature_mixamorig_RightHandIndex2
                    } // End of Armature_mixamorig_RightHandIndex1
                    Frame Armature_mixamorig_RightHandMiddle1 {
                      FrameTransformMatrix {
                         0.994526, 0.041967,-0.095687, 0.000000,
                         0.093169, 0.058320, 0.993941, 0.000000,
                         0.047294,-0.997415, 0.054091, 0.000000,
                         0.000001, 9.700602,-0.000001, 1.000000;;
                      }
                      Frame Armature_mixamorig_RightHandMiddle2 {
                        FrameTransformMatrix {
                           0.996323,-0.085663,-0.001373, 0.000000,
                           0.021186, 0.230818, 0.972766, 0.000000,
                          -0.083013,-0.969219, 0.231784, 0.000000,
                           0.000006, 4.014605, 0.000000, 1.000000;;
                        }
                        Frame Armature_mixamorig_RightHandMiddle3 {
                          FrameTransformMatrix {
                             0.999617, 0.009203, 0.026099, 0.000000,
                            -0.027627, 0.386746, 0.921772, 0.000000,
                            -0.001611,-0.922140, 0.386852, 0.000000,
                             0.000012, 2.996707, 0.000003, 1.000000;;
                          }
                          Frame Armature_mixamorig_RightHandMiddle4 {
                            FrameTransformMatrix {
                               1.000000,-0.000000, 0.000000, 0.000000,
                              -0.000000, 1.000000,-0.000000, 0.000000,
                              -0.000000,-0.000000, 1.000000, 0.000000,
                               0.000004, 2.824986, 0.000003, 1.000000;;
                            }
                          } // End of Armature_mixamorig_RightHandMiddle4
                        } // End of Armature_mixamorig_RightHandMiddle3
                      } // End of Armature_mixamorig_RightHandMiddle2
                    } // End of Armature_mixamorig_RightHandMiddle1
                    Frame Armature_mixamorig_RightHandPinky1 {
                      FrameTransformMatrix {
                         0.977750, 0.143463,-0.153045, 0.000000,
                         0.143719, 0.073318, 0.986899, 0.000000,
                         0.152804,-0.986936, 0.051068, 0.000000,
                        -4.712805, 8.985294,-0.221699, 1.000000;;
                      }
                      Frame Armature_mixamorig_RightHandPinky2 {
                        FrameTransformMatrix {
                           0.999999,-0.001428,-0.000958, 0.000000,
                           0.001312, 0.273865, 0.961767, 0.000000,
                          -0.001111,-0.961767, 0.273866, 0.000000,
                          -0.000009, 3.562502,-0.000001, 1.000000;;
                        }
                        Frame Armature_mixamorig_RightHandPinky3 {
                          FrameTransformMatrix {
                             0.999999,-0.001063,-0.000434, 0.000000,
                             0.001029, 0.661959, 0.749539, 0.000000,
                            -0.000509,-0.749539, 0.661960, 0.000000,
                            -0.000002, 2.335206, 0.000001, 1.000000;;
                          }
                          Frame Armature_mixamorig_RightHandPinky4 {
                            FrameTransformMatrix {
                               1.000000, 0.000000, 0.000000, 0.000000,
                              -0.000000, 1.000000,-0.000000, 0.000000,
                               0.000000, 0.000000, 1.000000, 0.000000,
                               0.000002, 2.037297, 0.000002, 1.000000;;
                            }
                          } // End of Armature_mixamorig_RightHandPinky4
                        } // End of Armature_mixamorig_RightHandPinky3
                      } // End of Armature_mixamorig_RightHandPinky2
                    } // End of Armature_mixamorig_RightHandPinky1
                    Frame Armature_mixamorig_RightHandRing1 {
                      FrameTransformMatrix {
                         0.994607, 0.068007,-0.078301, 0.000000,
                         0.078968,-0.007168, 0.996852, 0.000000,
                         0.067232,-0.997659,-0.012500, 0.000000,
                        -2.241707, 9.308306,-0.143594, 1.000000;;
                      }
                      Frame Armature_mixamorig_RightHandRing2 {
                        FrameTransformMatrix {
                           0.999738,-0.012186,-0.019369, 0.000000,
                           0.022813, 0.464621, 0.885216, 0.000000,
                          -0.001788,-0.885426, 0.464777, 0.000000,
                          -0.000002, 4.019395, 0.000003, 1.000000;;
                        }
                        Frame Armature_mixamorig_RightHandRing3 {
                          FrameTransformMatrix {
                             0.999789, 0.020457,-0.002021, 0.000000,
                            -0.004222, 0.300548, 0.953757, 0.000000,
                             0.020118,-0.953547, 0.300570, 0.000000,
                             0.000003, 2.790809, 0.000001, 1.000000;;
                          }
                          Frame Armature_mixamorig_RightHandRing4 {
                            FrameTransformMatrix {
                               1.000000, 0.000000,-0.000000, 0.000000,
                              -0.000000, 1.000000,-0.000000, 0.000000,
                               0.000000, 0.000000, 1.000000, 0.000000,
                               0.000000, 2.540695, 0.000005, 1.000000;;
                            }
                          } // End of Armature_mixamorig_RightHandRing4
                        } // End of Armature_mixamorig_RightHandRing3
                      } // End of Armature_mixamorig_RightHandRing2
                    } // End of Armature_mixamorig_RightHandRing1
                    Frame Armature_mixamorig_RightHandThumb1 {
                      FrameTransformMatrix {
                         0.859805,-0.509202,-0.038050, 0.000000,
                         0.403413, 0.631711, 0.661966, 0.000000,
                        -0.313038,-0.584512, 0.748568, 0.000000,
                         2.370400, 3.545501, 1.908100, 1.000000;;
                      }
                      Frame Armature_mixamorig_RightHandThumb2 {
                        FrameTransformMatrix {
                           0.922601, 0.322985, 0.210920, 0.000000,
                          -0.321543, 0.945960,-0.042079, 0.000000,
                          -0.213113,-0.028998, 0.976597, 0.000000,
                           0.000000, 2.808402,-0.000001, 1.000000;;
                        }
                        Frame Armature_mixamorig_RightHandThumb3 {
                          FrameTransformMatrix {
                             0.589256,-0.025921, 0.807530, 0.000000,
                            -0.441713, 0.826555, 0.348851, 0.000000,
                            -0.676511,-0.562259, 0.475603, 0.000000,
                            -0.000016, 2.378997, 0.000002, 1.000000;;
                          }
                          Frame Armature_mixamorig_RightHandThumb4 {
                            FrameTransformMatrix {
                               1.000000, 0.000000, 0.000000, 0.000000,
                               0.000000, 1.000000,-0.000000, 0.000000,
                              -0.000000, 0.000000, 1.000000, 0.000000,
                               0.000000, 2.445007, 0.000011, 1.000000;;
                            }
                          } // End of Armature_mixamorig_RightHandThumb4
                        } // End of Armature_mixamorig_RightHandThumb3
                      } // End of Armature_mixamorig_RightHandThumb2
                    } // End of Armature_mixamorig_RightHandThumb1
                    Frame Armature_mixamorig_Sword_joint {
                      FrameTransformMatrix {
                         0.000000,-1.000000,-0.000000, 0.000000,
                        -0.000000, 0.000000,-1.000000, 0.000000,
                         1.000000, 0.000000,-0.000000, 0.000000,
                        -0.770206, 7.959996, 2.820796, 1.000000;;
                      }
                    } // End of Armature_mixamorig_Sword_joint
                  } // End of Armature_mixamorig_RightHand
                } // End of Armature_mixamorig_RightForeArm
              } // End of Armature_mixamorig_RightArm
            } // End of Armature_mixamorig_RightShoulder
          } // End of Armature_mixamorig_Spine2
        } // End of Armature_mixamorig_Spine1
      } // End of Armature_mixamorig_Spine
    } // End of Armature_mixamorig_Hips
  } // End of Armature
} // End of Root
AnimationSet Global {
  Animation {
    {Armature}
    AnimationKey { // Rotation
      0;
      30;
      0;4;-0.707107, 0.707107, 0.000000, 0.000000;;,
      1;4;-0.707107, 0.707107, 0.000000, 0.000000;;,
      2;4;-0.707107, 0.707107, 0.000000, 0.000000;;,
      3;4;-0.707107, 0.707107, 0.000000, 0.000000;;,
      4;4;-0.707107, 0.707107, 0.000000, 0.000000;;,
      5;4;-0.707107, 0.707107, 0.000000, 0.000000;;,
      6;4;-0.707107, 0.707107, 0.000000, 0.000000;;,
      7;4;-0.707107, 0.707107, 0.000000, 0.000000;;,
      8;4;-0.707107, 0.707107, 0.000000, 0.000000;;,
      9;4;-0.707107, 0.707107, 0.000000, 0.000000;;,
      10;4;-0.707107, 0.707107, 0.000000, 0.000000;;,
      11;4;-0.707107, 0.707107, 0.000000, 0.000000;;,
      12;4;-0.707107, 0.707107, 0.000000, 0.000000;;,
      13;4;-0.707107, 0.707107, 0.000000, 0.000000;;,
      14;4;-0.707107, 0.707107, 0.000000, 0.000000;;,
      15;4;-0.707107, 0.707107, 0.000000, 0.000000;;,
      16;4;-0.707107, 0.707107, 0.000000, 0.000000;;,
      17;4;-0.707107, 0.707107, 0.000000, 0.000000;;,
      18;4;-0.707107, 0.707107, 0.000000, 0.000000;;,
      19;4;-0.707107, 0.707107, 0.000000, 0.000000;;,
      20;4;-0.707107, 0.707107, 0.000000, 0.000000;;,
      21;4;-0.707107, 0.707107, 0.000000, 0.000000;;,
      22;4;-0.707107, 0.707107, 0.000000, 0.000000;;,
      23;4;-0.707107, 0.707107, 0.000000, 0.000000;;,
      24;4;-0.707107, 0.707107, 0.000000, 0.000000;;,
      25;4;-0.707107, 0.707107, 0.000000, 0.000000;;,
      26;4;-0.707107, 0.707107, 0.000000, 0.000000;;,
      27;4;-0.707107, 0.707107, 0.000000, 0.000000;;,
      28;4;-0.707107, 0.707107, 0.000000, 0.000000;;,
      29;4;-0.707107, 0.707107, 0.000000, 0.000000;;;
    }
    AnimationKey { // Scale
      1;
      30;
      0;3; 0.100000, 0.100000, 0.100000;;,
      1;3; 0.100000, 0.100000, 0.100000;;,
      2;3; 0.100000, 0.100000, 0.100000;;,
      3;3; 0.100000, 0.100000, 0.100000;;,
      4;3; 0.100000, 0.100000, 0.100000;;,
      5;3; 0.100000, 0.100000, 0.100000;;,
      6;3; 0.100000, 0.100000, 0.100000;;,
      7;3; 0.100000, 0.100000, 0.100000;;,
      8;3; 0.100000, 0.100000, 0.100000;;,
      9;3; 0.100000, 0.100000, 0.100000;;,
      10;3; 0.100000, 0.100000, 0.100000;;,
      11;3; 0.100000, 0.100000, 0.100000;;,
      12;3; 0.100000, 0.100000, 0.100000;;,
      13;3; 0.100000, 0.100000, 0.100000;;,
      14;3; 0.100000, 0.100000, 0.100000;;,
      15;3; 0.100000, 0.100000, 0.100000;;,
      16;3; 0.100000, 0.100000, 0.100000;;,
      17;3; 0.100000, 0.100000, 0.100000;;,
      18;3; 0.100000, 0.100000, 0.100000;;,
      19;3; 0.100000, 0.100000, 0.100000;;,
      20;3; 0.100000, 0.100000, 0.100000;;,
      21;3; 0.100000, 0.100000, 0.100000;;,
      22;3; 0.100000, 0.100000, 0.100000;;,
      23;3; 0.100000, 0.100000, 0.100000;;,
      24;3; 0.100000, 0.100000, 0.100000;;,
      25;3; 0.100000, 0.100000, 0.100000;;,
      26;3; 0.100000, 0.100000, 0.100000;;,
      27;3; 0.100000, 0.100000, 0.100000;;,
      28;3; 0.100000, 0.100000, 0.100000;;,
      29;3; 0.100000, 0.100000, 0.100000;;;
    }
    AnimationKey { // Position
      2;
      30;
      0;3; 0.000000, 0.000000, 0.000000;;,
      1;3; 0.000000, 0.000000, 0.000000;;,
      2;3; 0.000000, 0.000000, 0.000000;;,
      3;3; 0.000000, 0.000000, 0.000000;;,
      4;3; 0.000000, 0.000000, 0.000000;;,
      5;3; 0.000000, 0.000000, 0.000000;;,
      6;3; 0.000000, 0.000000, 0.000000;;,
      7;3; 0.000000, 0.000000, 0.000000;;,
      8;3; 0.000000, 0.000000, 0.000000;;,
      9;3; 0.000000, 0.000000, 0.000000;;,
      10;3; 0.000000, 0.000000, 0.000000;;,
      11;3; 0.000000, 0.000000, 0.000000;;,
      12;3; 0.000000, 0.000000, 0.000000;;,
      13;3; 0.000000, 0.000000, 0.000000;;,
      14;3; 0.000000, 0.000000, 0.000000;;,
      15;3; 0.000000, 0.000000, 0.000000;;,
      16;3; 0.000000, 0.000000, 0.000000;;,
      17;3; 0.000000, 0.000000, 0.000000;;,
      18;3; 0.000000, 0.000000, 0.000000;;,
      19;3; 0.000000, 0.000000, 0.000000;;,
      20;3; 0.000000, 0.000000, 0.000000;;,
      21;3; 0.000000, 0.000000, 0.000000;;,
      22;3; 0.000000, 0.000000, 0.000000;;,
      23;3; 0.000000, 0.000000, 0.000000;;,
      24;3; 0.000000, 0.000000, 0.000000;;,
      25;3; 0.000000, 0.000000, 0.000000;;,
      26;3; 0.000000, 0.000000, 0.000000;;,
      27;3; 0.000000, 0.000000, 0.000000;;,
      28;3; 0.000000, 0.000000, 0.000000;;,
      29;3; 0.000000, 0.000000, 0.000000;;;
    }
  }
  Animation {
    {Armature_mixamorig_Hips}
    AnimationKey { // Rotation
      0;
      30;
      0;4;-0.760612, 0.028218, 0.647666,-0.034665;;,
      1;4;-0.768492, 0.030293, 0.637632,-0.043907;;,
      2;4;-0.772370, 0.031861, 0.632730,-0.045627;;,
      3;4;-0.776214, 0.033428, 0.627800,-0.047344;;,
      4;4;-0.782195, 0.037498, 0.620436,-0.042703;;,
      5;4;-0.785490, 0.042037, 0.616652,-0.031282;;,
      6;4;-0.785101, 0.041839, 0.617505,-0.023505;;,
      7;4;-0.784665, 0.041640, 0.618321,-0.015725;;,
      8;4;-0.776008, 0.037632, 0.629599,-0.000728;;,
      9;4;-0.770420, 0.035617, 0.636525, 0.004499;;,
      10;4;-0.764747, 0.033598, 0.643381, 0.009725;;,
      11;4;-0.756377, 0.028825, 0.653444, 0.008612;;,
      12;4;-0.755781, 0.030784, 0.654093, 0.003261;;,
      13;4;-0.756230, 0.034728, 0.653383, 0.000783;;,
      14;4;-0.756662, 0.038671, 0.652659,-0.001694;;,
      15;4;-0.755948, 0.057379, 0.652099,-0.004120;;,
      16;4;-0.755072, 0.075459, 0.651248,-0.007035;;,
      17;4;-0.754805, 0.082675, 0.650652,-0.009310;;,
      18;4;-0.754495, 0.089886, 0.650018,-0.011585;;,
      19;4;-0.755869, 0.090012, 0.648171,-0.020854;;,
      20;4;-0.754566, 0.080784, 0.650720,-0.025831;;,
      21;4;-0.753594, 0.074178, 0.652680,-0.024532;;,
      22;4;-0.752585, 0.067569, 0.654607,-0.023233;;,
      23;4;-0.752451, 0.051846, 0.656404,-0.016206;;,
      24;4;-0.754517, 0.041050, 0.654839,-0.014357;;,
      25;4;-0.755797, 0.038584, 0.653445,-0.017084;;,
      26;4;-0.757065, 0.036116, 0.652039,-0.019812;;,
      27;4;-0.758883, 0.032135, 0.649871,-0.027061;;,
      28;4;-0.759746, 0.030176, 0.648785,-0.030864;;,
      29;4;-0.760594, 0.028217, 0.647687,-0.034666;;;
    }
    AnimationKey { // Scale
      1;
      30;
      0;3; 1.000000, 1.000000, 1.000000;;,
      1;3; 1.000000, 1.000000, 1.000000;;,
      2;3; 1.000000, 1.000000, 1.000000;;,
      3;3; 1.000000, 1.000000, 1.000000;;,
      4;3; 1.000000, 1.000000, 1.000000;;,
      5;3; 1.000000, 1.000000, 1.000000;;,
      6;3; 1.000000, 1.000000, 1.000000;;,
      7;3; 1.000000, 1.000000, 1.000000;;,
      8;3; 1.000000, 1.000000, 1.000000;;,
      9;3; 1.000000, 1.000000, 1.000000;;,
      10;3; 1.000000, 1.000000, 1.000000;;,
      11;3; 1.000000, 1.000000, 1.000000;;,
      12;3; 1.000000, 1.000000, 1.000000;;,
      13;3; 1.000000, 1.000000, 1.000000;;,
      14;3; 1.000000, 1.000000, 1.000000;;,
      15;3; 1.000000, 1.000000, 1.000000;;,
      16;3; 1.000000, 1.000000, 1.000000;;,
      17;3; 1.000000, 1.000000, 1.000000;;,
      18;3; 1.000000, 1.000000, 1.000000;;,
      19;3; 1.000000, 1.000000, 1.000000;;,
      20;3; 1.000000, 1.000000, 1.000000;;,
      21;3; 1.000000, 1.000000, 1.000000;;,
      22;3; 1.000000, 1.000000, 1.000000;;,
      23;3; 1.000000, 1.000000, 1.000000;;,
      24;3; 1.000000, 1.000000, 1.000000;;,
      25;3; 1.000000, 1.000000, 1.000000;;,
      26;3; 1.000000, 1.000000, 1.000000;;,
      27;3; 1.000000, 1.000000, 1.000000;;,
      28;3; 1.000000, 1.000000, 1.000000;;,
      29;3; 1.000000, 1.000000, 1.000000;;;
    }
    AnimationKey { // Position
      2;
      30;
      0;3; 0.047555,92.188950,-0.046440;;,
      1;3; 0.047552,93.975708,-0.046440;;,
      2;3; 0.047551,94.851608,-0.046440;;,
      3;3; 0.047549,95.727516,-0.046440;;,
      4;3; 0.047547,96.903267,-0.046440;;,
      5;3; 0.047547,97.072609,-0.046440;;,
      6;3; 0.047548,96.619225,-0.046440;;,
      7;3; 0.047548,96.165840,-0.046440;;,
      8;3; 0.047552,94.103371,-0.046440;;,
      9;3; 0.047554,92.854942,-0.046440;;,
      10;3; 0.047556,91.606506,-0.046440;;,
      11;3; 0.047561,89.207123,-0.046440;;,
      12;3; 0.047561,88.928352,-0.046440;;,
      13;3; 0.047560,89.338966,-0.046440;;,
      14;3; 0.047560,89.749580,-0.046440;;,
      15;3; 0.047556,91.945045,-0.046440;;,
      16;3; 0.047552,94.222725,-0.046440;;,
      17;3; 0.047550,95.331573,-0.046440;;,
      18;3; 0.047548,96.440430,-0.046440;;,
      19;3; 0.047545,97.875244,-0.046440;;,
      20;3; 0.047545,98.021248,-0.046440;;,
      21;3; 0.047547,97.206139,-0.046440;;,
      22;3; 0.047548,96.391037,-0.046440;;,
