xof 0303txt 0032

template XSkinMeshHeader {
  <3cf169ce-ff7c-44ab-93c0-f78f62d172e2>
  WORD nMaxSkinWeightsPerVertex;
  WORD nMaxSkinWeightsPerFace;
  WORD nBones;
}

template SkinWeights {
  <6f0d123b-bad2-4167-a0d0-80224f25fabb>
  STRING transformNodeName;
  DWORD nWeights;
  array DWORD vertexIndices[nWeights];
  array float weights[nWeights];
  Matrix4x4 matrixOffset;
}

Frame Root {
  FrameTransformMatrix {
     1.000000, 0.000000, 0.000000, 0.000000,
     0.000000,-0.000000,-1.000000, 0.000000,
     0.000000, 1.000000,-0.000000, 0.000000,
     0.000000, 0.000000, 0.000000, 1.000000;;
  }
  Frame Armature {
    FrameTransformMatrix {
       0.100000, 0.000000, 0.000000, 0.000000,
       0.000000,-0.000000, 0.100000, 0.000000,
       0.000000,-0.100000,-0.000000, 0.000000,
       0.000000, 0.000000, 0.000000, 1.000000;;
    }
    Frame Armature_mixamorig_Hips {
      FrameTransformMatrix {
         0.158631, 0.016426, 0.987202, 0.000000,
        -0.089316, 0.996001,-0.002221, 0.000000,
        -0.983290,-0.087821, 0.159463, 0.000000,
        -0.036347,92.230675, 0.013955, 1.000000;;
      }
      Frame Armature_mixamorig_LeftUpLeg {
        FrameTransformMatrix {
          -0.993349,-0.085420,-0.077196, 0.000000,
           0.014017,-0.755241, 0.655260, 0.000000,
          -0.114281, 0.649858, 0.751368, 0.000000,
           9.789100,-5.875900,-0.583700, 1.000000;;
        }
        Frame Armature_mixamorig_LeftLeg {
          FrameTransformMatrix {
             0.992488, 0.114947,-0.041883, 0.000000,
            -0.067444, 0.228449,-0.971217, 0.000000,
            -0.102070, 0.966746, 0.234486, 0.000000,
             0.000000,41.702000, 0.000001, 1.000000;;
          }
          Frame Armature_mixamorig_LeftFoot {
            FrameTransformMatrix {
               0.991356,-0.114449,-0.064140, 0.000000,
               0.126961, 0.713663, 0.688888, 0.000000,
              -0.033068,-0.691077, 0.722025, 0.000000,
               0.000001,36.981030,-0.000001, 1.000000;;
            }
            Frame Armature_mixamorig_LeftToeBase {
              FrameTransformMatrix {
                 0.983704, 0.031566,-0.177001, 0.000000,
                 0.083277, 0.792503, 0.604156, 0.000000,
                 0.159345,-0.609051, 0.776960, 0.000000,
                 0.000001,16.700535,-0.000000, 1.000000;;
              }
              Frame Armature_mixamorig_LeftToe_End {
                FrameTransformMatrix {
                   1.000000,-0.000000,-0.000000, 0.000000,
                   0.000000, 1.000000, 0.000000, 0.000000,
                   0.000000,-0.000000, 1.000000, 0.000000,
                   0.000001, 7.120427, 0.000000, 1.000000;;
                }
              } // End of Armature_mixamorig_LeftToe_End
            } // End of Armature_mixamorig_LeftToeBase
          } // End of Armature_mixamorig_LeftFoot
        } // End of Armature_mixamorig_LeftLeg
      } // End of Armature_mixamorig_LeftUpLeg
      Frame Armature_mixamorig_RightUpLeg {
        FrameTransformMatrix {
          -0.966447,-0.064289,-0.248674, 0.000000,
          -0.026458,-0.938108, 0.345313, 0.000000,
          -0.255498, 0.340325, 0.904876, 0.000000,
          -9.857700,-5.875904,-0.583700, 1.000000;;
        }
        Frame Armature_mixamorig_RightLeg {
          FrameTransformMatrix {
             0.998730, 0.050279,-0.003377, 0.000000,
            -0.036352, 0.672443,-0.739256, 0.000000,
            -0.034898, 0.738439, 0.673416, 0.000000,
             0.000001,41.702000, 0.000002, 1.000000;;
          }
          Frame Armature_mixamorig_RightFoot {
            FrameTransformMatrix {
               0.995620,-0.071730, 0.059965, 0.000000,
              -0.014477, 0.515368, 0.856847, 0.000000,
              -0.092366,-0.853961, 0.512073, 0.000000,
               0.000000,36.981018, 0.000001, 1.000000;;
            }
            Frame Armature_mixamorig_RightToeBase {
              FrameTransformMatrix {
                 0.988460,-0.010838, 0.151091, 0.000000,
                -0.128186, 0.471602, 0.872445, 0.000000,
                -0.080710,-0.881745, 0.464771, 0.000000,
                -0.000000,16.700535, 0.000000, 1.000000;;
              }
              Frame Armature_mixamorig_RightToe_End {
                FrameTransformMatrix {
                   1.000000, 0.000000, 0.000000, 0.000000,
                  -0.000000, 1.000000, 0.000000, 0.000000,
                  -0.000000,-0.000000, 1.000000, 0.000000,
                   0.000000, 7.120428,-0.000000, 1.000000;;
                }
              } // End of Armature_mixamorig_RightToe_End
            } // End of Armature_mixamorig_RightToeBase
          } // End of Armature_mixamorig_RightFoot
        } // End of Armature_mixamorig_RightLeg
      } // End of Armature_mixamorig_RightUpLeg
      Frame Armature_mixamorig_Spine {
        FrameTransformMatrix {
           0.999764, 0.002435,-0.021581, 0.000000,
           0.004024, 0.955720, 0.294251, 0.000000,
           0.021341,-0.294269, 0.955484, 0.000000,
           0.017300,10.574798,-1.117200, 1.000000;;
        }
        Frame Armature_mixamorig_Spine1 {
          FrameTransformMatrix {
             0.999546,-0.025278,-0.016426, 0.000000,
             0.025821, 0.999097, 0.033742, 0.000000,
             0.015559,-0.034150, 0.999296, 0.000000,
             0.000000,12.405992, 0.000003, 1.000000;;
          }
          Frame Armature_mixamorig_Spine2 {
            FrameTransformMatrix {
               0.999541,-0.024452,-0.017869, 0.000000,
               0.026691, 0.990041, 0.138228, 0.000000,
               0.014311,-0.138642, 0.990239, 0.000000,
               0.000001,14.178304,-0.000002, 1.000000;;
            }
            Frame Armature_mixamorig_LeftShoulder {
              FrameTransformMatrix {
                 0.346376,-0.005616,-0.938079, 0.000000,
                 0.936130, 0.066769, 0.345257, 0.000000,
                 0.060696,-0.997752, 0.028385, 0.000000,
                 5.935000,13.670195,-1.662611, 1.000000;;
              }
              Frame Armature_mixamorig_LeftArm {
                FrameTransformMatrix {
                   0.981726, 0.174094,-0.076847, 0.000000,
                  -0.053611, 0.640479, 0.766102, 0.000000,
                   0.182592,-0.747982, 0.638109, 0.000000,
                   0.000002,12.607900, 0.000022, 1.000000;;
                }
                Frame Armature_mixamorig_LeftForeArm {
                  FrameTransformMatrix {
                    -0.025196, 0.861920, 0.506418, 0.000000,
                    -0.975021, 0.090639,-0.202777, 0.000000,
                    -0.220678,-0.498877, 0.838107, 0.000000,
                     0.000003,25.574318, 0.000007, 1.000000;;
                  }
                  Frame Armature_mixamorig_LeftHand {
                    FrameTransformMatrix {
                       0.919034, 0.392905, 0.031672, 0.000000,
                      -0.392903, 0.906637, 0.153737, 0.000000,
                       0.031689,-0.153734, 0.987604, 0.000000,
                       0.000001,21.603397, 0.000003, 1.000000;;
                    }
                    Frame Armature_mixamorig_LeftHandIndex1 {
                      FrameTransformMatrix {
                         0.988690, 0.136286, 0.062599, 0.000000,
                        -0.083122, 0.150530, 0.985105, 0.000000,
                         0.124833,-0.979166, 0.160156, 0.000000,
                        -2.341893, 9.909710,-0.291394, 1.000000;;
                      }
                      Frame Armature_mixamorig_LeftHandIndex2 {
                        FrameTransformMatrix {
                           0.997046, 0.076805, 0.000118, 0.000000,
                          -0.029551, 0.382205, 0.923605, 0.000000,
                           0.070893,-0.920880, 0.383345, 0.000000,
                           0.000004, 3.776700, 0.000001, 1.000000;;
                        }
                        Frame Armature_mixamorig_LeftHandIndex3 {
                          FrameTransformMatrix {
                             0.999424,-0.011449,-0.031947, 0.000000,
                             0.033934, 0.348763, 0.936596, 0.000000,
                             0.000419,-0.937141, 0.348951, 0.000000,
                             0.000003, 2.542997,-0.000001, 1.000000;;
                          }
                          Frame Armature_mixamorig_LeftHandIndex4 {
                            FrameTransformMatrix {
                               1.000000,-0.000000,-0.000000, 0.000000,
                               0.000000, 1.000000,-0.000000, 0.000000,
                               0.000000, 0.000000, 1.000000, 0.000000,
                              -0.000005, 2.529099,-0.000001, 1.000000;;
                            }
                          } // End of Armature_mixamorig_LeftHandIndex4
                        } // End of Armature_mixamorig_LeftHandIndex3
                      } // End of Armature_mixamorig_LeftHandIndex2
                    } // End of Armature_mixamorig_LeftHandIndex1
                    Frame Armature_mixamorig_LeftHandMiddle1 {
                      FrameTransformMatrix {
                         0.994525,-0.041947, 0.095711, 0.000000,
                        -0.093193, 0.058355, 0.993937, 0.000000,
                        -0.047278,-0.997414, 0.054126, 0.000000,
                         0.000002, 9.700809, 0.000000, 1.000000;;
                      }
                      Frame Armature_mixamorig_LeftHandMiddle2 {
                        FrameTransformMatrix {
                           0.996322, 0.085674, 0.001389, 0.000000,
                          -0.021201, 0.230784, 0.972774, 0.000000,
                           0.083021,-0.969226, 0.231752, 0.000000,
                          -0.000002, 4.014602,-0.000005, 1.000000;;
                        }
                        Frame Armature_mixamorig_LeftHandMiddle3 {
                          FrameTransformMatrix {
                             0.999618,-0.009183,-0.026083, 0.000000,
                             0.027604, 0.386755, 0.921769, 0.000000,
                             0.001623,-0.922137, 0.386861, 0.000000,
                             0.000000, 2.996702, 0.000001, 1.000000;;
                          }
                          Frame Armature_mixamorig_LeftHandMiddle4 {
                            FrameTransformMatrix {
                               1.000000, 0.000000,-0.000000, 0.000000,
                               0.000000, 1.000000, 0.000000, 0.000000,
                               0.000000,-0.000000, 1.000000, 0.000000,
                              -0.000009, 2.824994, 0.000000, 1.000000;;
                            }
                          } // End of Armature_mixamorig_LeftHandMiddle4
                        } // End of Armature_mixamorig_LeftHandMiddle3
                      } // End of Armature_mixamorig_LeftHandMiddle2
                    } // End of Armature_mixamorig_LeftHandMiddle1
                    Frame Armature_mixamorig_LeftHandPinky1 {
                      FrameTransformMatrix {
                         0.977751,-0.143442, 0.153062, 0.000000,
                        -0.143738, 0.073319, 0.986896, 0.000000,
                        -0.152784,-0.986939, 0.051069, 0.000000,
                         4.712705, 8.985506,-0.221601, 1.000000;;
                      }
                      Frame Armature_mixamorig_LeftHandPinky2 {
                        FrameTransformMatrix {
                           0.999999, 0.001447, 0.000972, 0.000000,
                          -0.001331, 0.273864, 0.961767, 0.000000,
                           0.001126,-0.961767, 0.273865, 0.000000,
                          -0.000003, 3.562496,-0.000001, 1.000000;;
                        }
                        Frame Armature_mixamorig_LeftHandPinky3 {
                          FrameTransformMatrix {
                             0.999999, 0.001077, 0.000440, 0.000000,
                            -0.001043, 0.661960, 0.749539, 0.000000,
                             0.000516,-0.749539, 0.661960, 0.000000,
                            -0.000001, 2.335207, 0.000002, 1.000000;;
                          }
                          Frame Armature_mixamorig_LeftHandPinky4 {
                            FrameTransformMatrix {
                               1.000000, 0.000000,-0.000000, 0.000000,
                               0.000000, 1.000000,-0.000000, 0.000000,
                              -0.000000, 0.000000, 1.000000, 0.000000,
                               0.000001, 2.037282,-0.000002, 1.000000;;
                            }
                          } // End of Armature_mixamorig_LeftHandPinky4
                        } // End of Armature_mixamorig_LeftHandPinky3
                      } // End of Armature_mixamorig_LeftHandPinky2
                    } // End of Armature_mixamorig_LeftHandPinky1
                    Frame Armature_mixamorig_LeftHandRing1 {
                      FrameTransformMatrix {
                         0.994608,-0.067986, 0.078319, 0.000000,
                        -0.078985,-0.007167, 0.996850, 0.000000,
                        -0.067211,-0.997661,-0.012498, 0.000000,
                         2.241705, 9.308408,-0.143494, 1.000000;;
                      }
                      Frame Armature_mixamorig_LeftHandRing2 {
                        FrameTransformMatrix {
                           0.999738, 0.012209, 0.019385, 0.000000,
                          -0.022838, 0.464640, 0.885205, 0.000000,
                           0.001800,-0.885416, 0.464797, 0.000000,
                           0.000006, 4.019393,-0.000003, 1.000000;;
                        }
                        Frame Armature_mixamorig_LeftHandRing3 {
                          FrameTransformMatrix {
                             0.999789,-0.020446, 0.002033, 0.000000,
                             0.004207, 0.300525, 0.953765, 0.000000,
                            -0.020112,-0.953555, 0.300548, 0.000000,
                             0.000006, 2.790814, 0.000001, 1.000000;;
                          }
                          Frame Armature_mixamorig_LeftHandRing4 {
                            FrameTransformMatrix {
                               1.000000, 0.000000,-0.000000, 0.000000,
                              -0.000000, 1.000000,-0.000000, 0.000000,
                              -0.000000, 0.000000, 1.000000, 0.000000,
                               0.000000, 2.540696, 0.000004, 1.000000;;
                            }
                          } // End of Armature_mixamorig_LeftHandRing4
                        } // End of Armature_mixamorig_LeftHandRing3
                      } // End of Armature_mixamorig_LeftHandRing2
                    } // End of Armature_mixamorig_LeftHandRing1
                    Frame Armature_mixamorig_LeftHandThumb1 {
                      FrameTransformMatrix {
                         0.857894, 0.512731, 0.033535, 0.000000,
                        -0.403426, 0.631711, 0.661958, 0.000000,
                         0.318222,-0.581419, 0.748790, 0.000000,
                        -2.370399, 3.545602, 1.908197, 1.000000;;
                      }
                      Frame Armature_mixamorig_LeftHandThumb2 {
                        FrameTransformMatrix {
                           0.922590,-0.322804,-0.211246, 0.000000,
                           0.321792, 0.945960,-0.040132, 0.000000,
                           0.212785,-0.030952, 0.976609, 0.000000,
                           0.000005, 2.808396,-0.000005, 1.000000;;
                        }
                        Frame Armature_mixamorig_LeftHandThumb3 {
                          FrameTransformMatrix {
                             0.590039, 0.029309,-0.806842, 0.000000,
                             0.439596, 0.826561, 0.351499, 0.000000,
                             0.677207,-0.562083, 0.474820, 0.000000,
                            -0.000001, 2.379000,-0.000003, 1.000000;;
                          }
                          Frame Armature_mixamorig_LeftHandThumb4 {
                            FrameTransformMatrix {
                               1.000000, 0.000000, 0.000000, 0.000000,
                              -0.000000, 1.000000, 0.000000, 0.000000,
                               0.000000,-0.000000, 1.000000, 0.000000,
                               0.000001, 2.445005, 0.000011, 1.000000;;
                            }
                          } // End of Armature_mixamorig_LeftHandThumb4
                        } // End of Armature_mixamorig_LeftHandThumb3
                      } // End of Armature_mixamorig_LeftHandThumb2
                    } // End of Armature_mixamorig_LeftHandThumb1
                  } // End of Armature_mixamorig_LeftHand
                  Frame Armature_mixamorig_Shield_joint {
                    FrameTransformMatrix {
                       0.000000, 1.000000,-0.000000, 0.000000,
                       0.000000,-0.000000,-1.000000, 0.000000,
                      -1.000000,-0.000000,-0.000000, 0.000000,
                       0.398202,14.663394,-5.648601, 1.000000;;
                    }
                  } // End of Armature_mixamorig_Shield_joint
                } // End of Armature_mixamorig_LeftForeArm
              } // End of Armature_mixamorig_LeftArm
            } // End of Armature_mixamorig_LeftShoulder
            Frame Armature_mixamorig_Neck {
              FrameTransformMatrix {
                 0.972749,-0.099902,-0.209234, 0.000000,
                 0.101190, 0.994857,-0.004565, 0.000000,
                 0.208614,-0.016732, 0.977855, 0.000000,
                 0.024400,15.862288,-1.675806, 1.000000;;
              }
              Frame Armature_mixamorig_Head {
                FrameTransformMatrix {
                   0.863160,-0.232826,-0.448049, 0.000000,
                   0.138810, 0.962572,-0.232779, 0.000000,
                   0.485476, 0.138732, 0.863172, 0.000000,
                   0.000004, 5.564000, 0.988089, 1.000000;;
                }
                Frame Armature_mixamorig_HeadTop_End {
                  FrameTransformMatrix {
                     1.000000,-0.000000, 0.000000, 0.000000,
                     0.000000, 1.000000, 0.000000, 0.000000,
                    -0.000000, 0.000000, 1.000000, 0.000000,
                    -0.000001,18.311909, 3.086897, 1.000000;;
                  }
                } // End of Armature_mixamorig_HeadTop_End
                Frame Armature_mixamorig_LeftEye {
                  FrameTransformMatrix {
                    -0.000000, 0.000000,-1.000000, 0.000000,
                     1.000000,-0.000000, 0.000000, 0.000000,
                    -0.000000,-1.000000,-0.000000, 0.000000,
                     2.284399, 7.935712, 7.063699, 1.000000;;
                  }
                } // End of Armature_mixamorig_LeftEye
                Frame Armature_mixamorig_RightEye {
                  FrameTransformMatrix {
                    -0.000000,-0.000000, 1.000000, 0.000000,
                    -1.000000, 0.000000,-0.000000, 0.000000,
                    -0.000000,-1.000000,-0.000000, 0.000000,
                    -2.377502, 7.935699, 7.063702, 1.000000;;
                  }
                } // End of Armature_mixamorig_RightEye
              } // End of Armature_mixamorig_Head
            } // End of Armature_mixamorig_Neck
            Frame Armature_mixamorig_RightShoulder {
              FrameTransformMatrix {
                 0.162216,-0.011708, 0.986686, 0.000000,
                -0.973267,-0.166662, 0.158033, 0.000000,
                 0.162593,-0.985945,-0.038430, 0.000000,
                -5.979200,13.670200,-1.662612, 1.000000;;
              }
              Frame Armature_mixamorig_RightArm {
                FrameTransformMatrix {
                   0.971641,-0.069210, 0.226105, 0.000000,
                  -0.147338, 0.570684, 0.807843, 0.000000,
                  -0.184946,-0.818248, 0.544303, 0.000000,
                  -0.000009,12.607894,-0.000005, 1.000000;;
                }
                Frame Armature_mixamorig_RightForeArm {
                  FrameTransformMatrix {
                     0.036849,-0.998718,-0.034702, 0.000000,
                     0.998001, 0.038562,-0.050062, 0.000000,
                     0.051336,-0.032788, 0.998143, 0.000000,
                    -0.000002,25.574284, 0.000004, 1.000000;;
                  }
                  Frame Armature_mixamorig_RightHand {
                    FrameTransformMatrix {
                       0.998852, 0.047762,-0.003798, 0.000000,
                      -0.047550, 0.978422,-0.201070, 0.000000,
                      -0.005887, 0.201020, 0.979569, 0.000000,
                       0.000001,21.603506,-0.000002, 1.000000;;
                    }
                    Frame Armature_mixamorig_RightHandIndex1 {
                      FrameTransformMatrix {
                         0.998625, 0.052414,-0.001240, 0.000000,
                        -0.023980, 0.477655, 0.878220, 0.000000,
                         0.046623,-0.876983, 0.478255, 0.000000,
                         2.341896, 9.909597,-0.291396, 1.000000;;
                      }
                      Frame Armature_mixamorig_RightHandIndex2 {
                        FrameTransformMatrix {
                           0.997041,-0.076868,-0.000040, 0.000000,
                           0.030554, 0.395833, 0.917814, 0.000000,
                          -0.070534,-0.915100, 0.397011, 0.000000,
                           0.000006, 3.776702,-0.000002, 1.000000;;
                        }
                        Frame Armature_mixamorig_RightHandIndex3 {
                          FrameTransformMatrix {
                             0.999417, 0.007271, 0.033364, 0.000000,
                            -0.032428, 0.508176, 0.860643, 0.000000,
                            -0.010697,-0.861223, 0.508115, 0.000000,
                            -0.000001, 2.543004, 0.000004, 1.000000;;
                          }
                          Frame Armature_mixamorig_RightHandIndex4 {
                            FrameTransformMatrix {
                               1.000000, 0.000000,-0.000000, 0.000000,
                              -0.000000, 1.000000, 0.000000, 0.000000,
                              -0.000000, 0.000000, 1.000000, 0.000000,
                               0.000006, 2.529008,-0.000001, 1.000000;;
                            }
                          } // End of Armature_mixamorig_RightHandIndex4
                        } // End of Armature_mixamorig_RightHandIndex3
                      } // End of Armature_mixamorig_RightHandIndex2
                    } // End of Armature_mixamorig_RightHandIndex1
                    Frame Armature_mixamorig_RightHandMiddle1 {
                      FrameTransformMatrix {
                         0.999767, 0.002023,-0.021482, 0.000000,
                         0.019207, 0.370172, 0.928765, 0.000000,
                         0.009831,-0.928961, 0.370047, 0.000000,
                        -0.000001, 9.700600, 0.000004, 1.000000;;
                      }
                      Frame Armature_mixamorig_RightHandMiddle2 {
                        FrameTransformMatrix {
                           0.996323,-0.085656,-0.001597, 0.000000,
                           0.009803, 0.095465, 0.995385, 0.000000,
                          -0.085108,-0.991741, 0.095954, 0.000000,
                          -0.000004, 4.014599,-0.000005, 1.000000;;
                        }
                        Frame Armature_mixamorig_RightHandMiddle3 {
                          FrameTransformMatrix {
                             0.999604, 0.023112, 0.016047, 0.000000,
                            -0.028119, 0.841136, 0.540093, 0.000000,
                            -0.001015,-0.540330, 0.841452, 0.000000,
                            -0.000013, 2.996705,-0.000005, 1.000000;;
                          }
                          Frame Armature_mixamorig_RightHandMiddle4 {
                            FrameTransformMatrix {
                               1.000000, 0.000000, 0.000000, 0.000000,
                              -0.000000, 1.000000,-0.000000, 0.000000,
                               0.000000, 0.000000, 1.000000, 0.000000,
                               0.000000, 2.824990,-0.000002, 1.000000;;
                            }
                          } // End of Armature_mixamorig_RightHandMiddle4
                        } // End of Armature_mixamorig_RightHandMiddle3
                      } // End of Armature_mixamorig_RightHandMiddle2
                    } // End of Armature_mixamorig_RightHandMiddle1
                    Frame Armature_mixamorig_RightHandPinky1 {
                      FrameTransformMatrix {
                         0.997595,-0.001966,-0.069285, 0.000000,
                         0.069285, 0.056400, 0.996001, 0.000000,
                         0.001950,-0.998406, 0.056400, 0.000000,
                        -4.712798, 8.985293,-0.221698, 1.000000;;
                      }
                      Frame Armature_mixamorig_RightHandPinky2 {
                        FrameTransformMatrix {
                           0.999999,-0.001131,-0.000583, 0.000000,
                           0.001132, 0.581894, 0.813264, 0.000000,
                          -0.000581,-0.813264, 0.581895, 0.000000,
                          -0.000004, 3.562495,-0.000005, 1.000000;;
                        }
                        Frame Armature_mixamorig_RightHandPinky3 {
                          FrameTransformMatrix {
                             1.000000,-0.000606,-0.000139, 0.000000,
                             0.000606, 0.900092, 0.435700, 0.000000,
                            -0.000139,-0.435700, 0.900092, 0.000000,
                            -0.000008, 2.335206,-0.000003, 1.000000;;
                          }
                          Frame Armature_mixamorig_RightHandPinky4 {
                            FrameTransformMatrix {
                               1.000000, 0.000000, 0.000000, 0.000000,
                              -0.000000, 1.000000,-0.000000, 0.000000,
                              -0.000000, 0.000000, 1.000000, 0.000000,
                              -0.000004, 2.037303, 0.000000, 1.000000;;
                            }
                          } // End of Armature_mixamorig_RightHandPinky4
                        } // End of Armature_mixamorig_RightHandPinky3
                      } // End of Armature_mixamorig_RightHandPinky2
                    } // End of Armature_mixamorig_RightHandPinky1
                    Frame Armature_mixamorig_RightHandRing1 {
                      FrameTransformMatrix {
                         0.996631, 0.080621, 0.015087, 0.000000,
                        -0.029983, 0.186897, 0.981922, 0.000000,
                         0.076344,-0.979066, 0.188685, 0.000000,
                        -2.241698, 9.308297,-0.143590, 1.000000;;
                      }
                      Frame Armature_mixamorig_RightHandRing2 {
                        FrameTransformMatrix {
                           0.999713,-0.020250,-0.012785, 0.000000,
                           0.018079, 0.288065, 0.957440, 0.000000,
                          -0.015705,-0.957397, 0.288349, 0.000000,
                           0.000005, 4.019385, 0.000005, 1.000000;;
                        }
                        Frame Armature_mixamorig_RightHandRing3 {
                          FrameTransformMatrix {
                             0.999784, 0.020757,-0.001198, 0.000000,
                            -0.015342, 0.775388, 0.631298, 0.000000,
                             0.014033,-0.631143, 0.775539, 0.000000,
                            -0.000003, 2.790809, 0.000007, 1.000000;;
                          }
                          Frame Armature_mixamorig_RightHandRing4 {
                            FrameTransformMatrix {
                               1.000000, 0.000000,-0.000000, 0.000000,
                               0.000000, 1.000000, 0.000000, 0.000000,
                               0.000000, 0.000000, 1.000000, 0.000000,
                               0.000001, 2.540692,-0.000002, 1.000000;;
                            }
                          } // End of Armature_mixamorig_RightHandRing4
                        } // End of Armature_mixamorig_RightHandRing3
                      } // End of Armature_mixamorig_RightHandRing2
                    } // End of Armature_mixamorig_RightHandRing1
                    Frame Armature_mixamorig_RightHandThumb1 {
                      FrameTransformMatrix {
                         0.976732,-0.103456, 0.187858, 0.000000,
                        -0.095406, 0.574892, 0.812648, 0.000000,
                        -0.192071,-0.811663, 0.551645, 0.000000,
                         2.370402, 3.545497, 1.908104, 1.000000;;
                      }
                      Frame Armature_mixamorig_RightHandThumb2 {
                        FrameTransformMatrix {
                           0.951148, 0.004170, 0.308706, 0.000000,
                           0.056214, 0.980855,-0.186449, 0.000000,
                          -0.303574, 0.194694, 0.932704, 0.000000,
                          -0.000001, 2.808389,-0.000003, 1.000000;;
                        }
                        Frame Armature_mixamorig_RightHandThumb3 {
                          FrameTransformMatrix {
                             0.927105, 0.226645,-0.298511, 0.000000,
                            -0.296312, 0.930931,-0.213463, 0.000000,
                             0.229512, 0.286355, 0.930228, 0.000000,
                             0.000005, 2.379001,-0.000002, 1.000000;;
                          }
                          Frame Armature_mixamorig_RightHandThumb4 {
                            FrameTransformMatrix {
                               1.000000,-0.000000, 0.000000, 0.000000,
                              -0.000000, 1.000000,-0.000000, 0.000000,
                               0.000000, 0.000000, 1.000000, 0.000000,
                               0.000010, 2.445000, 0.000007, 1.000000;;
                            }
                          } // End of Armature_mixamorig_RightHandThumb4
                        } // End of Armature_mixamorig_RightHandThumb3
                      } // End of Armature_mixamorig_RightHandThumb2
                    } // End of Armature_mixamorig_RightHandThumb1
                    Frame Armature_mixamorig_Sword_joint {
                      FrameTransformMatrix {
                         0.000000,-1.000000,-0.000000, 0.000000,
                        -0.000000, 0.000000,-1.000000, 0.000000,
                         1.000000,-0.000000,-0.000000, 0.000000,
                        -0.770203, 7.959996, 2.820801, 1.000000;;
                      }
                    } // End of Armature_mixamorig_Sword_joint
                  } // End of Armature_mixamorig_RightHand
                } // End of Armature_mixamorig_RightForeArm
              } // End of Armature_mixamorig_RightArm
            } // End of Armature_mixamorig_RightShoulder
          } // End of Armature_mixamorig_Spine2
        } // End of Armature_mixamorig_Spine1
      } // End of Armature_mixamorig_Spine
    } // End of Armature_mixamorig_Hips
  } // End of Armature
} // End of Root
AnimationSet Global {
  Animation {
    {Armature}
    AnimationKey { // Rotation
      0;
      30;
      0;4;-0.707107, 0.707107, 0.000000, 0.000000;;,
      1;4;-0.707107, 0.707107, 0.000000, 0.000000;;,
      2;4;-0.707107, 0.707107, 0.000000, 0.000000;;,
      3;4;-0.707107, 0.707107, 0.000000, 0.000000;;,
      4;4;-0.707107, 0.707107, 0.000000, 0.000000;;,
      5;4;-0.707107, 0.707107, 0.000000, 0.000000;;,
      6;4;-0.707107, 0.707107, 0.000000, 0.000000;;,
      7;4;-0.707107, 0.707107, 0.000000, 0.000000;;,
      8;4;-0.707107, 0.707107, 0.000000, 0.000000;;,
      9;4;-0.707107, 0.707107, 0.000000, 0.000000;;,
      10;4;-0.707107, 0.707107, 0.000000, 0.000000;;,
      11;4;-0.707107, 0.707107, 0.000000, 0.000000;;,
      12;4;-0.707107, 0.707107, 0.000000, 0.000000;;,
      13;4;-0.707107, 0.707107, 0.000000, 0.000000;;,
      14;4;-0.707107, 0.707107, 0.000000, 0.000000;;,
      15;4;-0.707107, 0.707107, 0.000000, 0.000000;;,
      16;4;-0.707107, 0.707107, 0.000000, 0.000000;;,
      17;4;-0.707107, 0.707107, 0.000000, 0.000000;;,
      18;4;-0.707107, 0.707107, 0.000000, 0.000000;;,
      19;4;-0.707107, 0.707107, 0.000000, 0.000000;;,
      20;4;-0.707107, 0.707107, 0.000000, 0.000000;;,
      21;4;-0.707107, 0.707107, 0.000000, 0.000000;;,
      22;4;-0.707107, 0.707107, 0.000000, 0.000000;;,
      23;4;-0.707107, 0.707107, 0.000000, 0.000000;;,
      24;4;-0.707107, 0.707107, 0.000000, 0.000000;;,
      25;4;-0.707107, 0.707107, 0.000000, 0.000000;;,
      26;4;-0.707107, 0.707107, 0.000000, 0.000000;;,
      27;4;-0.707107, 0.707107, 0.000000, 0.000000;;,
      28;4;-0.707107, 0.707107, 0.000000, 0.000000;;,
      29;4;-0.707107, 0.707107, 0.000000, 0.000000;;;
    }
    AnimationKey { // Scale
      1;
      30;
      0;3; 0.100000, 0.100000, 0.100000;;,
      1;3; 0.100000, 0.100000, 0.100000;;,
      2;3; 0.100000, 0.100000, 0.100000;;,
      3;3; 0.100000, 0.100000, 0.100000;;,
      4;3; 0.100000, 0.100000, 0.100000;;,
      5;3; 0.100000, 0.100000, 0.100000;;,
      6;3; 0.100000, 0.100000, 0.100000;;,
      7;3; 0.100000, 0.100000, 0.100000;;,
      8;3; 0.100000, 0.100000, 0.100000;;,
      9;3; 0.100000, 0.100000, 0.100000;;,
      10;3; 0.100000, 0.100000, 0.100000;;,
      11;3; 0.100000, 0.100000, 0.100000;;,
      12;3; 0.100000, 0.100000, 0.100000;;,
      13;3; 0.100000, 0.100000, 0.100000;;,
      14;3; 0.100000, 0.100000, 0.100000;;,
      15;3; 0.100000, 0.100000, 0.100000;;,
      16;3; 0.100000, 0.100000, 0.100000;;,
      17;3; 0.100000, 0.100000, 0.100000;;,
      18;3; 0.100000, 0.100000, 0.100000;;,
      19;3; 0.100000, 0.100000, 0.100000;;,
      20;3; 0.100000, 0.100000, 0.100000;;,
      21;3; 0.100000, 0.100000, 0.100000;;,
      22;3; 0.100000, 0.100000, 0.100000;;,
      23;3; 0.100000, 0.100000, 0.100000;;,
      24;3; 0.100000, 0.100000, 0.100000;;,
      25;3; 0.100000, 0.100000, 0.100000;;,
      26;3; 0.100000, 0.100000, 0.100000;;,
      27;3; 0.100000, 0.100000, 0.100000;;,
      28;3; 0.100000, 0.100000, 0.100000;;,
      29;3; 0.100000, 0.100000, 0.100000;;;
    }
    AnimationKey { // Position
      2;
      30;
      0;3; 0.000000, 0.000000, 0.000000;;,
      1;3; 0.000000, 0.000000, 0.000000;;,
      2;3; 0.000000, 0.000000, 0.000000;;,
      3;3; 0.000000, 0.000000, 0.000000;;,
      4;3; 0.000000, 0.000000, 0.000000;;,
      5;3; 0.000000, 0.000000, 0.000000;;,
      6;3; 0.000000, 0.000000, 0.000000;;,
      7;3; 0.000000, 0.000000, 0.000000;;,
      8;3; 0.000000, 0.000000, 0.000000;;,
      9;3; 0.000000, 0.000000, 0.000000;;,
      10;3; 0.000000, 0.000000, 0.000000;;,
      11;3; 0.000000, 0.000000, 0.000000;;,
      12;3; 0.000000, 0.000000, 0.000000;;,
      13;3; 0.000000, 0.000000, 0.000000;;,
      14;3; 0.000000, 0.000000, 0.000000;;,
      15;3; 0.000000, 0.000000, 0.000000;;,
      16;3; 0.000000, 0.000000, 0.000000;;,
      17;3; 0.000000, 0.000000, 0.000000;;,
      18;3; 0.000000, 0.000000, 0.000000;;,
      19;3; 0.000000, 0.000000, 0.000000;;,
      20;3; 0.000000, 0.000000, 0.000000;;,
      21;3; 0.000000, 0.000000, 0.000000;;,
      22;3; 0.000000, 0.000000, 0.000000;;,
      23;3; 0.000000, 0.000000, 0.000000;;,
      24;3; 0.000000, 0.000000, 0.000000;;,
      25;3; 0.000000, 0.000000, 0.000000;;,
      26;3; 0.000000, 0.000000, 0.000000;;,
      27;3; 0.000000, 0.000000, 0.000000;;,
      28;3; 0.000000, 0.000000, 0.000000;;,
      29;3; 0.000000, 0.000000, 0.000000;;;
    }
  }
  Animation {
    {Armature_mixamorig_Hips}
    AnimationKey { // Rotation
      0;
      30;
      0;4;-0.760607, 0.028135,-0.647670, 0.034756;;,
      1;4;-0.768481, 0.030230,-0.637643, 0.043979;;,
      2;4;-0.772359, 0.031810,-0.632743, 0.045685;;,
      3;4;-0.776201, 0.033390,-0.627814, 0.047388;;,
      4;4;-0.782181, 0.037497,-0.620455, 0.042703;;,
      5;4;-0.783846, 0.039780,-0.618575, 0.036976;;,
      6;4;-0.785478, 0.042062,-0.616668, 0.031248;;,
      7;4;-0.784658, 0.041675,-0.618328, 0.015679;;,
      8;4;-0.776007, 0.037667,-0.629598, 0.000683;;,
      9;4;-0.770421, 0.035647,-0.636522,-0.004538;;,
      10;4;-0.764749, 0.033623,-0.643376,-0.009757;;,
      11;4;-0.756375, 0.028837,-0.653445,-0.008630;;,
      12;4;-0.755771, 0.030774,-0.654104,-0.003255;;,
      13;4;-0.756220, 0.034707,-0.653396,-0.000765;;,
      14;4;-0.756651, 0.038639,-0.652674, 0.001725;;,
      15;4;-0.755943, 0.057342,-0.652108, 0.004156;;,
      16;4;-0.755539, 0.066385,-0.651707, 0.005616;;,
      17;4;-0.755072, 0.075421,-0.651251, 0.007074;;,
      18;4;-0.754497, 0.089859,-0.650019, 0.011613;;,
      19;4;-0.755874, 0.089977,-0.648168, 0.020892;;,
      20;4;-0.755236, 0.085356,-0.649450, 0.023391;;,
      21;4;-0.754576, 0.080733,-0.650713, 0.025889;;,
      22;4;-0.752594, 0.067508,-0.654601, 0.023301;;,
      23;4;-0.752459, 0.051773,-0.656399, 0.016287;;,
      24;4;-0.753503, 0.046369,-0.655628, 0.015370;;,
      25;4;-0.754523, 0.040963,-0.654835, 0.014453;;,
      26;4;-0.757068, 0.036011,-0.652038, 0.019928;;,
      27;4;-0.757983, 0.034017,-0.650961, 0.023557;;,
      28;4;-0.758883, 0.032023,-0.649871, 0.027186;;,
      29;4;-0.760590, 0.028134,-0.647691, 0.034757;;;
    }
    AnimationKey { // Scale
      1;
      30;
      0;3; 1.000000, 1.000000, 1.000000;;,
      1;3; 1.000000, 1.000000, 1.000000;;,
      2;3; 1.000000, 1.000000, 1.000000;;,
      3;3; 1.000000, 1.000000, 1.000000;;,
      4;3; 1.000000, 1.000000, 1.000000;;,
      5;3; 1.000000, 1.000000, 1.000000;;,
      6;3; 1.000000, 1.000000, 1.000000;;,
      7;3; 1.000000, 1.000000, 1.000000;;,
      8;3; 1.000000, 1.000000, 1.000000;;,
      9;3; 1.000000, 1.000000, 1.000000;;,
      10;3; 1.000000, 1.000000, 1.000000;;,
      11;3; 1.000000, 1.000000, 1.000000;;,
      12;3; 1.000000, 1.000000, 1.000000;;,
      13;3; 1.000000, 1.000000, 1.000000;;,
      14;3; 1.000000, 1.000000, 1.000000;;,
      15;3; 1.000000, 1.000000, 1.000000;;,
      16;3; 1.000000, 1.000000, 1.000000;;,
      17;3; 1.000000, 1.000000, 1.000000;;,
      18;3; 1.000000, 1.000000, 1.000000;;,
      19;3; 1.000000, 1.000000, 1.000000;;,
      20;3; 1.000000, 1.000000, 1.000000;;,
      21;3; 1.000000, 1.000000, 1.000000;;,
      22;3; 1.000000, 1.000000, 1.000000;;,
      23;3; 1.000000, 1.000000, 1.000000;;,
      24;3; 1.000000, 1.000000, 1.000000;;,
      25;3; 1.000000, 1.000000, 1.000000;;,
      26;3; 1.000000, 1.000000, 1.000000;;,
      27;3; 1.000000, 1.000000, 1.000000;;,
      28;3; 1.000000, 1.000000, 1.000000;;,
      29;3; 1.000000, 1.000000, 1.000000;;;
    }
    AnimationKey { // Position
      2;
      30;
      0;3;-0.036347,92.230675, 0.013955;;,
      1;3;-0.036350,94.021431, 0.013955;;,
      2;3;-0.036351,94.894096, 0.013955;;,
      3;3;-0.036353,95.766754, 0.013955;;,
      4;3;-0.036355,96.932106, 0.013955;;,
      5;3;-0.036355,97.011482, 0.013955;;,
      6;3;-0.036355,97.090858, 0.013955;;,
      7;3;-0.036354,96.179474, 0.013955;;,
      8;3;-0.036350,94.121063, 0.013955;;,
      9;3;-0.036348,92.876579, 0.013955;;,
      10;3;-0.036346,91.632103, 0.013955;;,
      11;3;-0.036342,89.243454, 0.013955;;,
      12;3;-0.036341,88.968430, 0.013955;;,
      13;3;-0.036342,89.377350, 0.013955;;,
      14;3;-0.036343,89.786263, 0.013955;;,
      15;3;-0.036346,91.971008, 0.013955;;,
      16;3;-0.036348,93.102890, 0.013955;;,
      17;3;-0.036350,94.234764, 0.013955;;,
      18;3;-0.036354,96.443344, 0.013955;;,
      19;3;-0.036357,97.881989, 0.013955;;,
      20;3;-0.036357,97.960060, 0.013955;;,
      21;3;-0.036357,98.038132, 0.013955;;,
      22;3;-0.036354,96.414719, 0.013955;;,
