xof 0303txt 0032

template XSkinMeshHeader {
  <3cf169ce-ff7c-44ab-93c0-f78f62d172e2>
  WORD nMaxSkinWeightsPerVertex;
  WORD nMaxSkinWeightsPerFace;
  WORD nBones;
}

template SkinWeights {
  <6f0d123b-bad2-4167-a0d0-80224f25fabb>
  STRING transformNodeName;
  DWORD nWeights;
  array DWORD vertexIndices[nWeights];
  array float weights[nWeights];
  Matrix4x4 matrixOffset;
}

Frame Root {
  FrameTransformMatrix {
     1.000000, 0.000000, 0.000000, 0.000000,
     0.000000,-0.000000,-1.000000, 0.000000,
     0.000000, 1.000000,-0.000000, 0.000000,
     0.000000, 0.000000, 0.000000, 1.000000;;
  }
  Frame Armature {
    FrameTransformMatrix {
       0.100000, 0.000000, 0.000000, 0.000000,
       0.000000,-0.000000, 0.100000, 0.000000,
       0.000000,-0.100000,-0.000000, 0.000000,
       0.000000, 0.000000, 0.000000, 1.000000;;
    }
    Frame Armature_mixamorig_Hips {
      FrameTransformMatrix {
         0.993455,-0.032635,-0.109464, 0.000000,
         0.077507, 0.896536, 0.436138, 0.000000,
         0.083905,-0.441767, 0.893197, 0.000000,
         0.002497,93.132660, 0.035827, 1.000000;;
      }
      Frame Armature_mixamorig_LeftUpLeg {
        FrameTransformMatrix {
          -0.984084,-0.091421, 0.152372, 0.000000,
           0.095471,-0.995242, 0.019458, 0.000000,
           0.149878, 0.033695, 0.988071, 0.000000,
           9.789099,-5.875901,-0.583701, 1.000000;;
        }
        Frame Armature_mixamorig_LeftLeg {
          FrameTransformMatrix {
             0.998008, 0.014184,-0.061468, 0.000000,
            -0.042875, 0.867268,-0.495992, 0.000000,
             0.046274, 0.497640, 0.866149, 0.000000,
            -0.000003,41.701996, 0.000001, 1.000000;;
          }
          Frame Armature_mixamorig_LeftFoot {
            FrameTransformMatrix {
               0.997124,-0.041883,-0.063165, 0.000000,
               0.074791, 0.678624, 0.730668, 0.000000,
               0.012263,-0.733291, 0.679805, 0.000000,
               0.000000,36.981022,-0.000003, 1.000000;;
            }
            Frame Armature_mixamorig_LeftToeBase {
              FrameTransformMatrix {
                 0.943920,-0.011756, 0.329966, 0.000000,
                -0.204052, 0.764900, 0.610976, 0.000000,
                -0.259574,-0.644042, 0.719605, 0.000000,
                -0.000001,16.700539,-0.000005, 1.000000;;
              }
              Frame Armature_mixamorig_LeftToe_End {
                FrameTransformMatrix {
                   1.000000,-0.000000, 0.000000, 0.000000,
                   0.000000, 1.000000, 0.000000, 0.000000,
                   0.000000,-0.000000, 1.000000, 0.000000,
                  -0.000004, 7.120427, 0.000005, 1.000000;;
                }
              } // End of Armature_mixamorig_LeftToe_End
            } // End of Armature_mixamorig_LeftToeBase
          } // End of Armature_mixamorig_LeftFoot
        } // End of Armature_mixamorig_LeftLeg
      } // End of Armature_mixamorig_LeftUpLeg
      Frame Armature_mixamorig_RightUpLeg {
        FrameTransformMatrix {
          -0.984916,-0.004729,-0.172959, 0.000000,
          -0.166381,-0.248632, 0.954144, 0.000000,
          -0.047518, 0.968587, 0.244077, 0.000000,
          -9.857700,-5.875900,-0.583701, 1.000000;;
        }
        Frame Armature_mixamorig_RightLeg {
          FrameTransformMatrix {
             0.996864, 0.076517,-0.020190, 0.000000,
            -0.048447, 0.388360,-0.920233, 0.000000,
            -0.062573, 0.918325, 0.390849, 0.000000,
            -0.000002,41.701992,-0.000001, 1.000000;;
          }
          Frame Armature_mixamorig_RightFoot {
            FrameTransformMatrix {
               0.998684, 0.006884, 0.050816, 0.000000,
              -0.044742, 0.601164, 0.797872, 0.000000,
              -0.025056,-0.799096, 0.600681, 0.000000,
              -0.000001,36.981022,-0.000001, 1.000000;;
            }
            Frame Armature_mixamorig_RightToeBase {
              FrameTransformMatrix {
                 0.995933, 0.080243, 0.040979, 0.000000,
                -0.084656, 0.677656, 0.730490, 0.000000,
                 0.030848,-0.730988, 0.681693, 0.000000,
                 0.000000,16.700537, 0.000001, 1.000000;;
              }
              Frame Armature_mixamorig_RightToe_End {
                FrameTransformMatrix {
                   1.000000, 0.000000, 0.000000, 0.000000,
                  -0.000000, 1.000000, 0.000000, 0.000000,
                  -0.000000,-0.000000, 1.000000, 0.000000,
                  -0.000001, 7.120427,-0.000001, 1.000000;;
                }
              } // End of Armature_mixamorig_RightToe_End
            } // End of Armature_mixamorig_RightToeBase
          } // End of Armature_mixamorig_RightFoot
        } // End of Armature_mixamorig_RightLeg
      } // End of Armature_mixamorig_RightUpLeg
      Frame Armature_mixamorig_Spine {
        FrameTransformMatrix {
           0.929542, 0.058188, 0.364095, 0.000000,
          -0.122553, 0.980085, 0.156248, 0.000000,
          -0.347753,-0.189860, 0.918162, 0.000000,
           0.017300,10.574796,-1.117202, 1.000000;;
        }
        Frame Armature_mixamorig_Spine1 {
          FrameTransformMatrix {
             0.994880,-0.005593, 0.100911, 0.000000,
             0.003118, 0.999691, 0.024673, 0.000000,
            -0.101018,-0.024232, 0.994589, 0.000000,
             0.000001,12.406000, 0.000002, 1.000000;;
          }
          Frame Armature_mixamorig_Spine2 {
            FrameTransformMatrix {
               0.994875,-0.001271, 0.101100, 0.000000,
              -0.011781, 0.991653, 0.128398, 0.000000,
              -0.100419,-0.128932, 0.986556, 0.000000,
              -0.000001,14.178322,-0.000002, 1.000000;;
            }
            Frame Armature_mixamorig_LeftShoulder {
              FrameTransformMatrix {
                 0.326469, 0.029906,-0.944735, 0.000000,
                 0.938596,-0.128275, 0.320287, 0.000000,
                -0.111608,-0.991287,-0.069948, 0.000000,
                 5.935005,13.670192,-1.662595, 1.000000;;
              }
              Frame Armature_mixamorig_LeftArm {
                FrameTransformMatrix {
                   0.603771, 0.201229, 0.771341, 0.000000,
                  -0.457744, 0.879705, 0.128802, 0.000000,
                  -0.652634,-0.430844, 0.623251, 0.000000,
                  -0.000001,12.607907, 0.000010, 1.000000;;
                }
                Frame Armature_mixamorig_LeftForeArm {
                  FrameTransformMatrix {
                     0.247883, 0.845671, 0.472646, 0.000000,
                    -0.964486, 0.261357, 0.038205, 0.000000,
                    -0.091220,-0.465330, 0.880424, 0.000000,
                     0.000002,25.574314, 0.000000, 1.000000;;
                  }
                  Frame Armature_mixamorig_LeftHand {
                    FrameTransformMatrix {
                       0.868065, 0.495740,-0.026554, 0.000000,
                      -0.495051, 0.860364,-0.121238, 0.000000,
                      -0.037257, 0.118388, 0.992268, 0.000000,
                      -0.000009,21.603409,-0.000009, 1.000000;;
                    }
                    Frame Armature_mixamorig_LeftHandIndex1 {
                      FrameTransformMatrix {
                         0.991294, 0.108586, 0.074466, 0.000000,
                        -0.131308, 0.773572, 0.619955, 0.000000,
                         0.009714,-0.624336, 0.781096, 0.000000,
                        -2.341903, 9.909710,-0.291398, 1.000000;;
                      }
                      Frame Armature_mixamorig_LeftHandIndex2 {
                        FrameTransformMatrix {
                           0.997040, 0.076882, 0.000021, 0.000000,
                          -0.057006, 0.739093, 0.671187, 0.000000,
                           0.051586,-0.669201, 0.741289, 0.000000,
                           0.000018, 3.776700,-0.000007, 1.000000;;
                        }
                        Frame Armature_mixamorig_LeftHandIndex3 {
                          FrameTransformMatrix {
                             0.999424,-0.033708,-0.003977, 0.000000,
                             0.033940, 0.993390, 0.109652, 0.000000,
                             0.000255,-0.109724, 0.993962, 0.000000,
                             0.000005, 2.542998,-0.000005, 1.000000;;
                          }
                          Frame Armature_mixamorig_LeftHandIndex4 {
                            FrameTransformMatrix {
                               1.000000, 0.000000, 0.000000, 0.000000,
                              -0.000000, 1.000000,-0.000000, 0.000000,
                              -0.000000, 0.000000, 1.000000, 0.000000,
                              -0.000007, 2.529104, 0.000006, 1.000000;;
                            }
                          } // End of Armature_mixamorig_LeftHandIndex4
                        } // End of Armature_mixamorig_LeftHandIndex3
                      } // End of Armature_mixamorig_LeftHandIndex2
                    } // End of Armature_mixamorig_LeftHandIndex1
                    Frame Armature_mixamorig_LeftHandMiddle1 {
                      FrameTransformMatrix {
                         0.999250, 0.037015, 0.011413, 0.000000,
                        -0.035965, 0.777209, 0.628214, 0.000000,
                         0.014383,-0.628153, 0.777957, 0.000000,
                        -0.000007, 9.700809,-0.000001, 1.000000;;
                      }
                      Frame Armature_mixamorig_LeftHandMiddle2 {
                        FrameTransformMatrix {
                           0.996352, 0.085336, 0.000865, 0.000000,
                          -0.054615, 0.629817, 0.774821, 0.000000,
                           0.065575,-0.772041, 0.632180, 0.000000,
                          -0.000003, 4.014594, 0.000001, 1.000000;;
                        }
                        Frame Armature_mixamorig_LeftHandMiddle3 {
                          FrameTransformMatrix {
                             0.999596,-0.026681,-0.009832, 0.000000,
                             0.028422, 0.947885, 0.317343, 0.000000,
                             0.000852,-0.317494, 0.948260, 0.000000,
                             0.000007, 2.996705,-0.000010, 1.000000;;
                          }
                          Frame Armature_mixamorig_LeftHandMiddle4 {
                            FrameTransformMatrix {
                               1.000000,-0.000000, 0.000000, 0.000000,
                              -0.000000, 1.000000,-0.000000, 0.000000,
                              -0.000000, 0.000000, 1.000000, 0.000000,
                               0.000006, 2.824994,-0.000005, 1.000000;;
                            }
                          } // End of Armature_mixamorig_LeftHandMiddle4
                        } // End of Armature_mixamorig_LeftHandMiddle3
                      } // End of Armature_mixamorig_LeftHandMiddle2
                    } // End of Armature_mixamorig_LeftHandMiddle1
                    Frame Armature_mixamorig_LeftHandPinky1 {
                      FrameTransformMatrix {
                         0.990339, 0.093299, 0.102587, 0.000000,
                        -0.138100, 0.596753, 0.790452, 0.000000,
                         0.012530,-0.796982, 0.603873, 0.000000,
                         4.712698, 8.985508,-0.221601, 1.000000;;
                      }
                      Frame Armature_mixamorig_LeftHandPinky2 {
                        FrameTransformMatrix {
                           0.999999, 0.001412, 0.000977, 0.000000,
                          -0.001341, 0.286580, 0.958055, 0.000000,
                           0.001073,-0.958055, 0.286581, 0.000000,
                          -0.000001, 3.562499,-0.000015, 1.000000;;
                        }
                        Frame Armature_mixamorig_LeftHandPinky3 {
                          FrameTransformMatrix {
                             1.000000, 0.000694, 0.000182, 0.000000,
                            -0.000693, 0.870704, 0.491807, 0.000000,
                             0.000183,-0.491807, 0.870704, 0.000000,
                             0.000002, 2.335198, 0.000007, 1.000000;;
                          }
                          Frame Armature_mixamorig_LeftHandPinky4 {
                            FrameTransformMatrix {
                               1.000000, 0.000000, 0.000000, 0.000000,
                              -0.000000, 1.000000,-0.000000, 0.000000,
                              -0.000000, 0.000000, 1.000000, 0.000000,
                              -0.000002, 2.037292,-0.000001, 1.000000;;
                            }
                          } // End of Armature_mixamorig_LeftHandPinky4
                        } // End of Armature_mixamorig_LeftHandPinky3
                      } // End of Armature_mixamorig_LeftHandPinky2
                    } // End of Armature_mixamorig_LeftHandPinky1
                    Frame Armature_mixamorig_LeftHandRing1 {
                      FrameTransformMatrix {
                         0.999939,-0.003801, 0.010382, 0.000000,
                        -0.007470, 0.459970, 0.887903, 0.000000,
                        -0.008150,-0.887926, 0.459914, 0.000000,
                         2.241695, 9.308412,-0.143495, 1.000000;;
                      }
                      Frame Armature_mixamorig_LeftHandRing2 {
                        FrameTransformMatrix {
                           0.999744, 0.016951, 0.015008, 0.000000,
                          -0.022609, 0.712828, 0.700975, 0.000000,
                           0.001184,-0.701134, 0.713028, 0.000000,
                           0.000006, 4.019394, 0.000001, 1.000000;;
                        }
                        Frame Armature_mixamorig_LeftHandRing3 {
                          FrameTransformMatrix {
                             0.999773,-0.021264, 0.000938, 0.000000,
                             0.020219, 0.962567, 0.270288, 0.000000,
                            -0.006650,-0.270208, 0.962779, 0.000000,
                            -0.000002, 2.790799,-0.000006, 1.000000;;
                          }
                          Frame Armature_mixamorig_LeftHandRing4 {
                            FrameTransformMatrix {
                               1.000000, 0.000000, 0.000000, 0.000000,
                              -0.000000, 1.000000, 0.000000, 0.000000,
                               0.000000, 0.000000, 1.000000, 0.000000,
                              -0.000007, 2.540692, 0.000011, 1.000000;;
                            }
                          } // End of Armature_mixamorig_LeftHandRing4
                        } // End of Armature_mixamorig_LeftHandRing3
                      } // End of Armature_mixamorig_LeftHandRing2
                    } // End of Armature_mixamorig_LeftHandRing1
                    Frame Armature_mixamorig_LeftHandThumb1 {
                      FrameTransformMatrix {
                         0.865766, 0.491568,-0.093859, 0.000000,
                        -0.457348, 0.853307, 0.250400, 0.000000,
                         0.203179,-0.173861, 0.963582, 0.000000,
                        -2.370404, 3.545609, 1.908193, 1.000000;;
                      }
                      Frame Armature_mixamorig_LeftHandThumb2 {
                        FrameTransformMatrix {
                           0.954992,-0.274752,-0.111807, 0.000000,
                           0.291755, 0.938075, 0.186800, 0.000000,
                           0.053560,-0.211013, 0.976015, 0.000000,
                           0.000006, 2.808394,-0.000000, 1.000000;;
                        }
                        Frame Armature_mixamorig_LeftHandThumb3 {
                          FrameTransformMatrix {
                             0.618159, 0.106484,-0.778807, 0.000000,
                             0.121190, 0.966025, 0.228273, 0.000000,
                             0.776655,-0.235493, 0.584252, 0.000000,
                             0.000001, 2.378999, 0.000006, 1.000000;;
                          }
                          Frame Armature_mixamorig_LeftHandThumb4 {
                            FrameTransformMatrix {
                               1.000000,-0.000000, 0.000000, 0.000000,
                              -0.000000, 1.000000, 0.000000, 0.000000,
                              -0.000000,-0.000000, 1.000000, 0.000000,
                              -0.000003, 2.445002, 0.000011, 1.000000;;
                            }
                          } // End of Armature_mixamorig_LeftHandThumb4
                        } // End of Armature_mixamorig_LeftHandThumb3
                      } // End of Armature_mixamorig_LeftHandThumb2
                    } // End of Armature_mixamorig_LeftHandThumb1
                  } // End of Armature_mixamorig_LeftHand
                  Frame Armature_mixamorig_Shield_joint {
                    FrameTransformMatrix {
                       0.000000, 1.000000,-0.000000, 0.000000,
                       0.000000,-0.000000,-1.000000, 0.000000,
                      -1.000000, 0.000000,-0.000000, 0.000000,
                       0.398189,14.663403,-5.648608, 1.000000;;
                    }
                  } // End of Armature_mixamorig_Shield_joint
                } // End of Armature_mixamorig_LeftForeArm
              } // End of Armature_mixamorig_LeftArm
            } // End of Armature_mixamorig_LeftShoulder
            Frame Armature_mixamorig_Neck {
              FrameTransformMatrix {
                 0.986954,-0.066785,-0.146496, 0.000000,
                 0.050578, 0.992455,-0.111694, 0.000000,
                 0.152850, 0.102828, 0.982885, 0.000000,
                 0.024403,15.862290,-1.675804, 1.000000;;
              }
              Frame Armature_mixamorig_Head {
                FrameTransformMatrix {
                   0.972767, 0.005254,-0.231725, 0.000000,
                  -0.099329, 0.912740,-0.396281, 0.000000,
                   0.209423, 0.408506, 0.888406, 0.000000,
                   0.000001, 5.564006, 0.988093, 1.000000;;
                }
                Frame Armature_mixamorig_HeadTop_End {
                  FrameTransformMatrix {
                     1.000000,-0.000000, 0.000000, 0.000000,
                    -0.000000, 1.000000,-0.000000, 0.000000,
                    -0.000000, 0.000000, 1.000000, 0.000000,
                    -0.000001,18.311899, 3.086905, 1.000000;;
                  }
                } // End of Armature_mixamorig_HeadTop_End
                Frame Armature_mixamorig_LeftEye {
                  FrameTransformMatrix {
                    -0.000000,-0.000000,-1.000000, 0.000000,
                     1.000000,-0.000000,-0.000000, 0.000000,
                    -0.000000,-1.000000, 0.000000, 0.000000,
                     2.284400, 7.935709, 7.063703, 1.000000;;
                  }
                } // End of Armature_mixamorig_LeftEye
                Frame Armature_mixamorig_RightEye {
                  FrameTransformMatrix {
                     0.000000,-0.000000, 1.000000, 0.000000,
                    -1.000000, 0.000000,-0.000000, 0.000000,
                    -0.000000,-1.000000, 0.000000, 0.000000,
                    -2.377501, 7.935705, 7.063698, 1.000000;;
                  }
                } // End of Armature_mixamorig_RightEye
              } // End of Armature_mixamorig_Head
            } // End of Armature_mixamorig_Neck
            Frame Armature_mixamorig_RightShoulder {
              FrameTransformMatrix {
                 0.066722,-0.039201, 0.997001, 0.000000,
                -0.934637,-0.352253, 0.048698, 0.000000,
                 0.349288,-0.935083,-0.060141, 0.000000,
                -5.979199,13.670200,-1.662601, 1.000000;;
              }
              Frame Armature_mixamorig_RightArm {
                FrameTransformMatrix {
                   0.811718,-0.547249,-0.204041, 0.000000,
                   0.566319, 0.652055, 0.504090, 0.000000,
                  -0.142817,-0.524731, 0.839202, 0.000000,
                  -0.000001,12.607895, 0.000004, 1.000000;;
                }
                Frame Armature_mixamorig_RightForeArm {
                  FrameTransformMatrix {
                     0.410491,-0.879691,-0.240084, 0.000000,
                     0.897461, 0.436365,-0.064420, 0.000000,
                     0.161434,-0.189022, 0.968612, 0.000000,
                     0.000003,25.574297, 0.000010, 1.000000;;
                  }
                  Frame Armature_mixamorig_RightHand {
                    FrameTransformMatrix {
                       0.945280,-0.324649,-0.032381, 0.000000,
                       0.324063, 0.922783, 0.208455, 0.000000,
                      -0.037794,-0.207542, 0.977496, 0.000000,
                       0.000001,21.603506,-0.000006, 1.000000;;
                    }
                    Frame Armature_mixamorig_RightHandIndex1 {
                      FrameTransformMatrix {
                         0.998625, 0.052413,-0.001240, 0.000000,
                        -0.023980, 0.477655, 0.878220, 0.000000,
                         0.046622,-0.876983, 0.478255, 0.000000,
                         2.341892, 9.909598,-0.291397, 1.000000;;
                      }
                      Frame Armature_mixamorig_RightHandIndex2 {
                        FrameTransformMatrix {
                           0.997041,-0.076867,-0.000040, 0.000000,
                           0.030554, 0.395833, 0.917814, 0.000000,
                          -0.070534,-0.915100, 0.397011, 0.000000,
                           0.000000, 3.776705,-0.000004, 1.000000;;
                        }
                        Frame Armature_mixamorig_RightHandIndex3 {
                          FrameTransformMatrix {
                             0.999417, 0.007271, 0.033364, 0.000000,
                            -0.032428, 0.508175, 0.860643, 0.000000,
                            -0.010697,-0.861223, 0.508115, 0.000000,
                             0.000014, 2.542998, 0.000004, 1.000000;;
                          }
                          Frame Armature_mixamorig_RightHandIndex4 {
                            FrameTransformMatrix {
                               1.000000,-0.000000,-0.000000, 0.000000,
                               0.000000, 1.000000, 0.000000, 0.000000,
                               0.000000,-0.000000, 1.000000, 0.000000,
                               0.000003, 2.529005,-0.000004, 1.000000;;
                            }
                          } // End of Armature_mixamorig_RightHandIndex4
                        } // End of Armature_mixamorig_RightHandIndex3
                      } // End of Armature_mixamorig_RightHandIndex2
                    } // End of Armature_mixamorig_RightHandIndex1
                    Frame Armature_mixamorig_RightHandMiddle1 {
                      FrameTransformMatrix {
                         0.999767, 0.002023,-0.021482, 0.000000,
                         0.019208, 0.370172, 0.928765, 0.000000,
                         0.009831,-0.928961, 0.370047, 0.000000,
                        -0.000015, 9.700604,-0.000003, 1.000000;;
                      }
                      Frame Armature_mixamorig_RightHandMiddle2 {
                        FrameTransformMatrix {
                           0.996323,-0.085656,-0.001597, 0.000000,
                           0.009803, 0.095465, 0.995384, 0.000000,
                          -0.085108,-0.991741, 0.095954, 0.000000,
                          -0.000004, 4.014598, 0.000000, 1.000000;;
                        }
                        Frame Armature_mixamorig_RightHandMiddle3 {
                          FrameTransformMatrix {
                             0.999606, 0.023266, 0.015672, 0.000000,
                            -0.028045, 0.841138, 0.540093, 0.000000,
                            -0.000617,-0.540320, 0.841460, 0.000000,
                             0.000002, 2.996704, 0.000002, 1.000000;;
                          }
                          Frame Armature_mixamorig_RightHandMiddle4 {
                            FrameTransformMatrix {
                               1.000000, 0.000000,-0.000000, 0.000000,
                               0.000000, 1.000000, 0.000000, 0.000000,
                               0.000000,-0.000000, 1.000000, 0.000000,
                              -0.000006, 2.824988,-0.000001, 1.000000;;
                            }
                          } // End of Armature_mixamorig_RightHandMiddle4
                        } // End of Armature_mixamorig_RightHandMiddle3
                      } // End of Armature_mixamorig_RightHandMiddle2
                    } // End of Armature_mixamorig_RightHandMiddle1
                    Frame Armature_mixamorig_RightHandPinky1 {
                      FrameTransformMatrix {
                         0.997591,-0.001995,-0.069341, 0.000000,
                         0.069343, 0.056399, 0.995997, 0.000000,
                         0.001923,-0.998406, 0.056402, 0.000000,
                        -4.712812, 8.985298,-0.221703, 1.000000;;
                      }
                      Frame Armature_mixamorig_RightHandPinky2 {
                        FrameTransformMatrix {
                           0.999999,-0.001131,-0.000583, 0.000000,
                           0.001132, 0.581894, 0.813264, 0.000000,
                          -0.000581,-0.813264, 0.581895, 0.000000,
                           0.000001, 3.562505,-0.000002, 1.000000;;
                        }
                        Frame Armature_mixamorig_RightHandPinky3 {
                          FrameTransformMatrix {
                             1.000000,-0.000606,-0.000139, 0.000000,
                             0.000606, 0.900092, 0.435699, 0.000000,
                            -0.000139,-0.435699, 0.900092, 0.000000,
                            -0.000007, 2.335203,-0.000003, 1.000000;;
                          }
                          Frame Armature_mixamorig_RightHandPinky4 {
                            FrameTransformMatrix {
                               1.000000, 0.000000, 0.000000, 0.000000,
                              -0.000000, 1.000000,-0.000000, 0.000000,
                              -0.000000, 0.000000, 1.000000, 0.000000,
                               0.000004, 2.037299, 0.000004, 1.000000;;
                            }
                          } // End of Armature_mixamorig_RightHandPinky4
                        } // End of Armature_mixamorig_RightHandPinky3
                      } // End of Armature_mixamorig_RightHandPinky2
                    } // End of Armature_mixamorig_RightHandPinky1
                    Frame Armature_mixamorig_RightHandRing1 {
                      FrameTransformMatrix {
                         0.996652, 0.080351, 0.015139, 0.000000,
                        -0.029983, 0.186897, 0.981922, 0.000000,
                         0.076069,-0.979088, 0.188680, 0.000000,
                        -2.241714, 9.308308,-0.143596, 1.000000;;
                      }
                      Frame Armature_mixamorig_RightHandRing2 {
                        FrameTransformMatrix {
                           0.999715,-0.020158,-0.012772, 0.000000,
                           0.018041, 0.288066, 0.957441, 0.000000,
                          -0.015621,-0.957398, 0.288348, 0.000000,
                           0.000003, 4.019390, 0.000002, 1.000000;;
                        }
                        Frame Armature_mixamorig_RightHandRing3 {
                          FrameTransformMatrix {
                             0.999784, 0.020757,-0.001198, 0.000000,
                            -0.015342, 0.775388, 0.631299, 0.000000,
                             0.014033,-0.631144, 0.775539, 0.000000,
                            -0.000010, 2.790809,-0.000005, 1.000000;;
                          }
                          Frame Armature_mixamorig_RightHandRing4 {
                            FrameTransformMatrix {
                               1.000000,-0.000000, 0.000000, 0.000000,
                              -0.000000, 1.000000,-0.000000, 0.000000,
                              -0.000000, 0.000000, 1.000000, 0.000000,
                              -0.000013, 2.540696, 0.000000, 1.000000;;
                            }
                          } // End of Armature_mixamorig_RightHandRing4
                        } // End of Armature_mixamorig_RightHandRing3
                      } // End of Armature_mixamorig_RightHandRing2
                    } // End of Armature_mixamorig_RightHandRing1
                    Frame Armature_mixamorig_RightHandThumb1 {
                      FrameTransformMatrix {
                         0.976732,-0.103456, 0.187858, 0.000000,
                        -0.095406, 0.574892, 0.812648, 0.000000,
                        -0.192072,-0.811663, 0.551645, 0.000000,
                         2.370396, 3.545501, 1.908099, 1.000000;;
                      }
                      Frame Armature_mixamorig_RightHandThumb2 {
                        FrameTransformMatrix {
                           0.951148, 0.004170, 0.308707, 0.000000,
                           0.056214, 0.980855,-0.186449, 0.000000,
                          -0.303574, 0.194694, 0.932704, 0.000000,
                           0.000008, 2.808393,-0.000004, 1.000000;;
                        }
                        Frame Armature_mixamorig_RightHandThumb3 {
                          FrameTransformMatrix {
                             0.927105, 0.226645,-0.298510, 0.000000,
                            -0.296312, 0.930931,-0.213463, 0.000000,
                             0.229512, 0.286355, 0.930228, 0.000000,
                             0.000003, 2.379001, 0.000001, 1.000000;;
                          }
                          Frame Armature_mixamorig_RightHandThumb4 {
                            FrameTransformMatrix {
                               1.000000,-0.000000,-0.000000, 0.000000,
                              -0.000000, 1.000000, 0.000000, 0.000000,
                               0.000000, 0.000000, 1.000000, 0.000000,
                              -0.000003, 2.445002, 0.000004, 1.000000;;
                            }
                          } // End of Armature_mixamorig_RightHandThumb4
                        } // End of Armature_mixamorig_RightHandThumb3
                      } // End of Armature_mixamorig_RightHandThumb2
                    } // End of Armature_mixamorig_RightHandThumb1
                    Frame Armature_mixamorig_Sword_joint {
                      FrameTransformMatrix {
                        -0.000000,-1.000000,-0.000000, 0.000000,
                        -0.000000, 0.000000,-1.000000, 0.000000,
                         1.000000, 0.000000, 0.000000, 0.000000,
                        -0.770212, 7.960000, 2.820795, 1.000000;;
                      }
                    } // End of Armature_mixamorig_Sword_joint
                  } // End of Armature_mixamorig_RightHand
                } // End of Armature_mixamorig_RightForeArm
              } // End of Armature_mixamorig_RightArm
            } // End of Armature_mixamorig_RightShoulder
          } // End of Armature_mixamorig_Spine2
        } // End of Armature_mixamorig_Spine1
      } // End of Armature_mixamorig_Spine
    } // End of Armature_mixamorig_Hips
  } // End of Armature
} // End of Root
AnimationSet Global {
  Animation {
    {Armature}
    AnimationKey { // Rotation
      0;
      35;
      0;4;-0.707107, 0.707107, 0.000000, 0.000000;;,
      1;4;-0.707107, 0.707107, 0.000000, 0.000000;;,
      2;4;-0.707107, 0.707107, 0.000000, 0.000000;;,
      3;4;-0.707107, 0.707107, 0.000000, 0.000000;;,
      4;4;-0.707107, 0.707107, 0.000000, 0.000000;;,
      5;4;-0.707107, 0.707107, 0.000000, 0.000000;;,
      6;4;-0.707107, 0.707107, 0.000000, 0.000000;;,
      7;4;-0.707107, 0.707107, 0.000000, 0.000000;;,
      8;4;-0.707107, 0.707107, 0.000000, 0.000000;;,
      9;4;-0.707107, 0.707107, 0.000000, 0.000000;;,
      10;4;-0.707107, 0.707107, 0.000000, 0.000000;;,
      11;4;-0.707107, 0.707107, 0.000000, 0.000000;;,
      12;4;-0.707107, 0.707107, 0.000000, 0.000000;;,
      13;4;-0.707107, 0.707107, 0.000000, 0.000000;;,
      14;4;-0.707107, 0.707107, 0.000000, 0.000000;;,
      15;4;-0.707107, 0.707107, 0.000000, 0.000000;;,
      16;4;-0.707107, 0.707107, 0.000000, 0.000000;;,
      17;4;-0.707107, 0.707107, 0.000000, 0.000000;;,
      18;4;-0.707107, 0.707107, 0.000000, 0.000000;;,
      19;4;-0.707107, 0.707107, 0.000000, 0.000000;;,
      20;4;-0.707107, 0.707107, 0.000000, 0.000000;;,
      21;4;-0.707107, 0.707107, 0.000000, 0.000000;;,
      22;4;-0.707107, 0.707107, 0.000000, 0.000000;;,
      23;4;-0.707107, 0.707107, 0.000000, 0.000000;;,
      24;4;-0.707107, 0.707107, 0.000000, 0.000000;;,
      25;4;-0.707107, 0.707107, 0.000000, 0.000000;;,
      26;4;-0.707107, 0.707107, 0.000000, 0.000000;;,
      27;4;-0.707107, 0.707107, 0.000000, 0.000000;;,
      28;4;-0.707107, 0.707107, 0.000000, 0.000000;;,
      29;4;-0.707107, 0.707107, 0.000000, 0.000000;;,
      30;4;-0.707107, 0.707107, 0.000000, 0.000000;;,
      31;4;-0.707107, 0.707107, 0.000000, 0.000000;;,
      32;4;-0.707107, 0.707107, 0.000000, 0.000000;;,
      33;4;-0.707107, 0.707107, 0.000000, 0.000000;;,
      34;4;-0.707107, 0.707107, 0.000000, 0.000000;;;
    }
    AnimationKey { // Scale
      1;
      35;
      0;3; 0.100000, 0.100000, 0.100000;;,
      1;3; 0.100000, 0.100000, 0.100000;;,
      2;3; 0.100000, 0.100000, 0.100000;;,
      3;3; 0.100000, 0.100000, 0.100000;;,
      4;3; 0.100000, 0.100000, 0.100000;;,
      5;3; 0.100000, 0.100000, 0.100000;;,
      6;3; 0.100000, 0.100000, 0.100000;;,
      7;3; 0.100000, 0.100000, 0.100000;;,
      8;3; 0.100000, 0.100000, 0.100000;;,
      9;3; 0.100000, 0.100000, 0.100000;;,
      10;3; 0.100000, 0.100000, 0.100000;;,
      11;3; 0.100000, 0.100000, 0.100000;;,
      12;3; 0.100000, 0.100000, 0.100000;;,
      13;3; 0.100000, 0.100000, 0.100000;;,
      14;3; 0.100000, 0.100000, 0.100000;;,
      15;3; 0.100000, 0.100000, 0.100000;;,
      16;3; 0.100000, 0.100000, 0.100000;;,
      17;3; 0.100000, 0.100000, 0.100000;;,
      18;3; 0.100000, 0.100000, 0.100000;;,
      19;3; 0.100000, 0.100000, 0.100000;;,
      20;3; 0.100000, 0.100000, 0.100000;;,
      21;3; 0.100000, 0.100000, 0.100000;;,
      22;3; 0.100000, 0.100000, 0.100000;;,
      23;3; 0.100000, 0.100000, 0.100000;;,
      24;3; 0.100000, 0.100000, 0.100000;;,
      25;3; 0.100000, 0.100000, 0.100000;;,
      26;3; 0.100000, 0.100000, 0.100000;;,
      27;3; 0.100000, 0.100000, 0.100000;;,
      28;3; 0.100000, 0.100000, 0.100000;;,
      29;3; 0.100000, 0.100000, 0.100000;;,
      30;3; 0.100000, 0.100000, 0.100000;;,
      31;3; 0.100000, 0.100000, 0.100000;;,
      32;3; 0.100000, 0.100000, 0.100000;;,
      33;3; 0.100000, 0.100000, 0.100000;;,
      34;3; 0.100000, 0.100000, 0.100000;;;
    }
    AnimationKey { // Position
      2;
      35;
      0;3; 0.000000, 0.000000, 0.000000;;,
      1;3; 0.000000, 0.000000, 0.000000;;,
      2;3; 0.000000, 0.000000, 0.000000;;,
      3;3; 0.000000, 0.000000, 0.000000;;,
      4;3; 0.000000, 0.000000, 0.000000;;,
      5;3; 0.000000, 0.000000, 0.000000;;,
      6;3; 0.000000, 0.000000, 0.000000;;,
      7;3; 0.000000, 0.000000, 0.000000;;,
      8;3; 0.000000, 0.000000, 0.000000;;,
      9;3; 0.000000, 0.000000, 0.000000;;,
      10;3; 0.000000, 0.000000, 0.000000;;,
      11;3; 0.000000, 0.000000, 0.000000;;,
      12;3; 0.000000, 0.000000, 0.000000;;,
      13;3; 0.000000, 0.000000, 0.000000;;,
      14;3; 0.000000, 0.000000, 0.000000;;,
      15;3; 0.000000, 0.000000, 0.000000;;,
      16;3; 0.000000, 0.000000, 0.000000;;,
      17;3; 0.000000, 0.000000, 0.000000;;,
      18;3; 0.000000, 0.000000, 0.000000;;,
      19;3; 0.000000, 0.000000, 0.000000;;,
      20;3; 0.000000, 0.000000, 0.000000;;,
      21;3; 0.000000, 0.000000, 0.000000;;,
      22;3; 0.000000, 0.000000, 0.000000;;,
      23;3; 0.000000, 0.000000, 0.000000;;,
      24;3; 0.000000, 0.000000, 0.000000;;,
      25;3; 0.000000, 0.000000, 0.000000;;,
      26;3; 0.000000, 0.000000, 0.000000;;,
      27;3; 0.000000, 0.000000, 0.000000;;,
      28;3; 0.000000, 0.000000, 0.000000;;,
      29;3; 0.000000, 0.000000, 0.000000;;,
      30;3; 0.000000, 0.000000, 0.000000;;,
      31;3; 0.000000, 0.000000, 0.000000;;,
      32;3; 0.000000, 0.000000, 0.000000;;,
      33;3; 0.000000, 0.000000, 0.000000;;,
      34;3; 0.000000, 0.000000, 0.000000;;;
    }
  }
  Animation {
    {Armature_mixamorig_Hips}
    AnimationKey { // Rotation
      0;
      35;
      0;4;-0.980005, 0.169113,-0.096602, 0.040740;;,
      1;4;-0.979724, 0.166773,-0.100373, 0.047460;;,
      2;4;-0.979380, 0.164421,-0.104137, 0.054177;;,
      3;4;-0.978987, 0.168243,-0.101061, 0.055373;;,
      4;4;-0.978568, 0.172061,-0.097982, 0.056567;;,
      5;4;-0.978054, 0.183381,-0.085347, 0.049978;;,
      6;4;-0.978723, 0.184205,-0.077851, 0.045934;;,
      7;4;-0.979319, 0.185015,-0.070350, 0.041887;;,
      8;4;-0.982936, 0.171534,-0.054709, 0.037687;;,
      9;4;-0.985109, 0.161044,-0.046734, 0.037959;;,
      10;4;-0.987106, 0.150526,-0.038751, 0.038225;;,
      11;4;-0.989802, 0.134468,-0.019110, 0.042962;;,
      12;4;-0.990112, 0.132808, 0.006920, 0.044628;;,
      13;4;-0.989152, 0.140154, 0.021641, 0.038304;;,
      14;4;-0.987883, 0.147457, 0.036354, 0.031968;;,
      15;4;-0.985739, 0.159890, 0.049219, 0.018225;;,
      16;4;-0.983088, 0.172242, 0.062059, 0.004472;;,
      17;4;-0.980195, 0.185391, 0.068959,-0.009680;;,
      18;4;-0.976881, 0.198460, 0.075829,-0.023829;;,
      19;4;-0.972009, 0.219777, 0.073869,-0.037947;;,
      20;4;-0.971462, 0.224708, 0.066684,-0.036347;;,
      21;4;-0.970838, 0.229622, 0.059494,-0.034745;;,
      22;4;-0.972521, 0.225678, 0.049708,-0.028313;;,
      23;4;-0.974053, 0.221698, 0.039915,-0.021877;;,
      24;4;-0.980080, 0.197168, 0.022394,-0.008156;;,
      25;4;-0.983118, 0.182129, 0.017249,-0.003245;;,
      26;4;-0.985875, 0.167037, 0.012099, 0.001668;;,
      27;4;-0.989317, 0.145508, 0.007435, 0.004825;;,
      28;4;-0.989753, 0.142697, 0.003013, 0.004290;;,
      29;4;-0.990160, 0.139883,-0.001410, 0.003755;;,
      30;4;-0.989644, 0.142919,-0.012206, 0.005486;;,
      31;4;-0.989000, 0.145936,-0.023000, 0.007217;;,
      32;4;-0.987608, 0.151176,-0.039709, 0.014110;;,
      33;4;-0.985864, 0.156363,-0.056404, 0.020999;;,
      34;4;-0.980005, 0.169113,-0.096602, 0.040740;;;
    }
    AnimationKey { // Scale
      1;
      35;
      0;3; 1.000000, 1.000000, 1.000000;;,
      1;3; 1.000000, 1.000000, 1.000000;;,
      2;3; 1.000000, 1.000000, 1.000000;;,
      3;3; 1.000000, 1.000000, 1.000000;;,
      4;3; 1.000000, 1.000000, 1.000000;;,
      5;3; 1.000000, 1.000000, 1.000000;;,
      6;3; 1.000000, 1.000000, 1.000000;;,
      7;3; 1.000000, 1.000000, 1.000000;;,
      8;3; 1.000000, 1.000000, 1.000000;;,
      9;3; 1.000000, 1.000000, 1.000000;;,
      10;3; 1.000000, 1.000000, 1.000000;;,
      11;3; 1.000000, 1.000000, 1.000000;;,
      12;3; 1.000000, 1.000000, 1.000000;;,
      13;3; 1.000000, 1.000000, 1.000000;;,
      14;3; 1.000000, 1.000000, 1.000000;;,
      15;3; 1.000000, 1.000000, 1.000000;;,
      16;3; 1.000000, 1.000000, 1.000000;;,
      17;3; 1.000000, 1.000000, 1.000000;;,
      18;3; 1.000000, 1.000000, 1.000000;;,
      19;3; 1.000000, 1.000000, 1.000000;;,
      20;3; 1.000000, 1.000000, 1.000000;;,
      21;3; 1.000000, 1.000000, 1.000000;;,
      22;3; 1.000000, 1.000000, 1.000000;;,
      23;3; 1.000000, 1.000000, 1.000000;;,
      24;3; 1.000000, 1.000000, 1.000000;;,
      25;3; 1.000000, 1.000000, 1.000000;;,
      26;3; 1.000000, 1.000000, 1.000000;;,
      27;3; 1.000000, 1.000000, 1.000000;;,
      28;3; 1.000000, 1.000000, 1.000000;;,
      29;3; 1.000000, 1.000000, 1.000000;;,
      30;3; 1.000000, 1.000000, 1.000000;;,
