xof 0303txt 0032

template XSkinMeshHeader {
  <3cf169ce-ff7c-44ab-93c0-f78f62d172e2>
  WORD nMaxSkinWeightsPerVertex;
  WORD nMaxSkinWeightsPerFace;
  WORD nBones;
}

template SkinWeights {
  <6f0d123b-bad2-4167-a0d0-80224f25fabb>
  STRING transformNodeName;
  DWORD nWeights;
  array DWORD vertexIndices[nWeights];
  array float weights[nWeights];
  Matrix4x4 matrixOffset;
}

Frame Root {
  FrameTransformMatrix {
     1.000000, 0.000000, 0.000000, 0.000000,
     0.000000,-0.000000,-1.000000, 0.000000,
     0.000000, 1.000000,-0.000000, 0.000000,
     0.000000, 0.000000, 0.000000, 1.000000;;
  }
  Frame Armature {
    FrameTransformMatrix {
       0.110000, 0.000000, 0.000000, 0.000000,
       0.000000,-0.000000, 0.110000, 0.000000,
       0.000000,-0.110000,-0.000000, 0.000000,
       0.000000, 0.000000, 0.000000, 1.000000;;
    }
    Frame Armature_mixamorig_Hips {
      FrameTransformMatrix {
         0.728926, 0.005006, 0.684574, 0.000000,
         0.049423, 0.996979,-0.059915, 0.000000,
        -0.682806, 0.077507, 0.726477, 0.000000,
         1.527396,90.502243,-1.566154, 1.000000;;
      }
      Frame Armature_mixamorig_LeftUpLeg {
        FrameTransformMatrix {
          -0.964403,-0.177528, 0.195986, 0.000000,
           0.260219,-0.768974, 0.583920, 0.000000,
           0.047046, 0.614135, 0.787792, 0.000000,
          15.658500,-8.406802, 1.467000, 1.000000;;
        }
        Frame Armature_mixamorig_LeftLeg {
          FrameTransformMatrix {
             0.970006,-0.168789,-0.174923, 0.000000,
            -0.046842, 0.576327,-0.815876, 0.000000,
             0.238523, 0.799599, 0.551134, 0.000000,
             0.000000,37.074810, 0.000001, 1.000000;;
          }
          Frame Armature_mixamorig_LeftFoot {
            FrameTransformMatrix {
               0.977701,-0.095557, 0.186999, 0.000000,
              -0.110713, 0.522119, 0.845656, 0.000000,
              -0.178445,-0.847502, 0.499898, 0.000000,
               0.000001,38.107525, 0.000000, 1.000000;;
            }
            Frame Armature_mixamorig_LeftToeBase {
              FrameTransformMatrix {
                 0.994013,-0.097244, 0.049818, 0.000000,
                 0.030738, 0.686412, 0.726563, 0.000000,
                -0.104850,-0.720682, 0.685291, 0.000000,
                -0.000004,27.500042, 0.000001, 1.000000;;
              }
              Frame Armature_mixamorig_LeftToe_End {
                FrameTransformMatrix {
                   1.000000,-0.000000,-0.000000, 0.000000,
                   0.000000, 1.000000, 0.000000, 0.000000,
                   0.000000,-0.000000, 1.000000, 0.000000,
                  -0.000002,18.087685, 0.000000, 1.000000;;
                }
              } // End of Armature_mixamorig_LeftToe_End
            } // End of Armature_mixamorig_LeftToeBase
          } // End of Armature_mixamorig_LeftFoot
        } // End of Armature_mixamorig_LeftLeg
      } // End of Armature_mixamorig_LeftUpLeg
      Frame Armature_mixamorig_RightUpLeg {
        FrameTransformMatrix {
          -0.925356, 0.303235,-0.227520, 0.000000,
          -0.325046,-0.943493, 0.064535, 0.000000,
          -0.195095, 0.133670, 0.971628, 0.000000,
          -15.658501,-8.406799, 1.467001, 1.000000;;
        }
        Frame Armature_mixamorig_RightLeg {
          FrameTransformMatrix {
             0.990532,-0.091522,-0.102325, 0.000000,
            -0.024142, 0.617613,-0.786111, 0.000000,
             0.135144, 0.781139, 0.609556, 0.000000,
            -0.000002,37.074715,-0.000001, 1.000000;;
          }
          Frame Armature_mixamorig_RightFoot {
            FrameTransformMatrix {
               0.930141, 0.353050,-0.100960, 0.000000,
               0.035396, 0.187459, 0.981634, 0.000000,
               0.365492,-0.916632, 0.161867, 0.000000,
               0.000001,38.107536,-0.000000, 1.000000;;
            }
            Frame Armature_mixamorig_RightToeBase {
              FrameTransformMatrix {
                 0.992050, 0.063970,-0.108377, 0.000000,
                 0.031838, 0.705585, 0.707910, 0.000000,
                 0.121754,-0.705732, 0.697939, 0.000000,
                 0.000002,27.500038, 0.000002, 1.000000;;
              }
              Frame Armature_mixamorig_RightToe_End {
                FrameTransformMatrix {
                   1.000000, 0.000000, 0.000000, 0.000000,
                  -0.000000, 1.000000, 0.000000, 0.000000,
                  -0.000000,-0.000000, 1.000000, 0.000000,
                  -0.000002,18.088079, 0.000000, 1.000000;;
                }
              } // End of Armature_mixamorig_RightToe_End
            } // End of Armature_mixamorig_RightToeBase
          } // End of Armature_mixamorig_RightFoot
        } // End of Armature_mixamorig_RightLeg
      } // End of Armature_mixamorig_RightUpLeg
      Frame Armature_mixamorig_Spine {
        FrameTransformMatrix {
           0.996403,-0.015801,-0.083248, 0.000000,
           0.024742, 0.993898, 0.107493, 0.000000,
           0.081042,-0.109166, 0.990714, 0.000000,
          -0.000000,12.947404, 1.306900, 1.000000;;
        }
        Frame Armature_mixamorig_Spine1 {
          FrameTransformMatrix {
             0.986155,-0.021748,-0.164393, 0.000000,
             0.052867, 0.980864, 0.187376, 0.000000,
             0.157172,-0.193473, 0.968434, 0.000000,
             0.000000,11.650500,-0.000000, 1.000000;;
          }
          Frame Armature_mixamorig_Spine2 {
            FrameTransformMatrix {
               0.986155,-0.020204,-0.164590, 0.000000,
               0.053131, 0.978721, 0.198199, 0.000000,
               0.157083,-0.204200, 0.966244, 0.000000,
               0.000001,11.899603, 0.000002, 1.000000;;
            }
            Frame Armature_mixamorig_LeftShoulder {
              FrameTransformMatrix {
                 0.010626, 0.025384,-0.999622, 0.000000,
                 0.814317,-0.580389,-0.006082, 0.000000,
                -0.580324,-0.813944,-0.026838, 0.000000,
                15.693200,30.527611,-14.885505, 1.000000;;
              }
              Frame Armature_mixamorig_LeftArm {
                FrameTransformMatrix {
                   0.968195, 0.078796, 0.237465, 0.000000,
                  -0.203305, 0.800960, 0.563143, 0.000000,
                  -0.145827,-0.593510, 0.791505, 0.000000,
                  -0.000009,18.002007, 0.000006, 1.000000;;
                }
                Frame Armature_mixamorig_LeftForeArm {
                  FrameTransformMatrix {
                     0.665284, 0.737572,-0.115692, 0.000000,
                    -0.740475, 0.671658, 0.023944, 0.000000,
                     0.095366, 0.069737, 0.992996, 0.000000,
                     0.000003,37.520100,-0.000004, 1.000000;;
                  }
                  Frame Armature_mixamorig_LeftHand {
                    FrameTransformMatrix {
                       0.961570,-0.020893,-0.273765, 0.000000,
                      -0.062696, 0.954047,-0.293024, 0.000000,
                       0.267306, 0.298927, 0.916073, 0.000000,
                      -0.000002,41.865589, 0.000004, 1.000000;;
                    }
                    Frame Armature_mixamorig_LeftHandIndex1 {
                      FrameTransformMatrix {
                         0.991711, 0.127869, 0.012580, 0.000000,
                        -0.128281, 0.990905, 0.040627, 0.000000,
                        -0.007270,-0.041904, 0.999095, 0.000000,
                        -6.345703,17.472904, 0.144192, 1.000000;;
                      }
                      Frame Armature_mixamorig_LeftHandIndex2 {
                        FrameTransformMatrix {
                           0.999889,-0.014913,-0.000708, 0.000000,
                           0.014505, 0.959126, 0.282607, 0.000000,
                          -0.003535,-0.282586, 0.959236, 0.000000,
                           0.000002, 6.306507, 0.000006, 1.000000;;
                        }
                        Frame Armature_mixamorig_LeftHandIndex3 {
                          FrameTransformMatrix {
                             1.000000,-0.000000,-0.000000, 0.000000,
                             0.000000, 1.000000, 0.000000, 0.000000,
                             0.000000,-0.000000, 1.000000, 0.000000,
                            -0.000004, 5.287005,-0.000006, 1.000000;;
                          }
                          Frame Armature_mixamorig_LeftHandIndex4 {
                            FrameTransformMatrix {
                               1.000000, 0.000000,-0.000000, 0.000000,
                              -0.000000, 1.000000,-0.000000, 0.000000,
                               0.000000, 0.000000, 1.000000, 0.000000,
                              -0.000002, 4.643601,-0.000006, 1.000000;;
                            }
                          } // End of Armature_mixamorig_LeftHandIndex4
                        } // End of Armature_mixamorig_LeftHandIndex3
                      } // End of Armature_mixamorig_LeftHandIndex2
                    } // End of Armature_mixamorig_LeftHandIndex1
                    Frame Armature_mixamorig_LeftHandMiddle1 {
                      FrameTransformMatrix {
                         0.986087,-0.163593,-0.029496, 0.000000,
                         0.166044, 0.960946, 0.221386, 0.000000,
                        -0.007873,-0.223203, 0.974740, 0.000000,
                        -0.112400,18.009901,-0.441103, 1.000000;;
                      }
                      Frame Armature_mixamorig_LeftHandMiddle2 {
                        FrameTransformMatrix {
                           0.999629, 0.026106, 0.007720, 0.000000,
                          -0.027102, 0.927613, 0.372559, 0.000000,
                           0.002565,-0.372630, 0.927976, 0.000000,
                          -0.000002, 6.842803,-0.000004, 1.000000;;
                        }
                        Frame Armature_mixamorig_LeftHandMiddle3 {
                          FrameTransformMatrix {
                             1.000000,-0.000000, 0.000000, 0.000000,
                             0.000000, 1.000000, 0.000000, 0.000000,
                            -0.000000,-0.000000, 1.000000, 0.000000,
                            -0.000001, 5.656103,-0.000005, 1.000000;;
                          }
                          Frame Armature_mixamorig_LeftHandMiddle4 {
                            FrameTransformMatrix {
                               1.000000,-0.000000, 0.000000, 0.000000,
                               0.000000, 1.000000, 0.000000, 0.000000,
                              -0.000000,-0.000000, 1.000000, 0.000000,
                               0.000001, 4.457907,-0.000004, 1.000000;;
                            }
                          } // End of Armature_mixamorig_LeftHandMiddle4
                        } // End of Armature_mixamorig_LeftHandMiddle3
                      } // End of Armature_mixamorig_LeftHandMiddle2
                    } // End of Armature_mixamorig_LeftHandMiddle1
                    Frame Armature_mixamorig_LeftHandPinky1 {
                      FrameTransformMatrix {
                         0.947219,-0.314618,-0.061582, 0.000000,
                         0.297743, 0.792120, 0.532817, 0.000000,
                        -0.118853,-0.523030, 0.843987, 0.000000,
                        11.143602,14.820604, 0.001790, 1.000000;;
                      }
                      Frame Armature_mixamorig_LeftHandPinky2 {
                        FrameTransformMatrix {
                           0.995030, 0.098902, 0.011577, 0.000000,
                          -0.083816, 0.769090, 0.633620, 0.000000,
                           0.053763,-0.631441, 0.773558, 0.000000,
                          -0.000005, 5.576305,-0.000006, 1.000000;;
                        }
                        Frame Armature_mixamorig_LeftHandPinky3 {
                          FrameTransformMatrix {
                             1.000000, 0.000000,-0.000000, 0.000000,
                             0.000000, 1.000000, 0.000000, 0.000000,
                             0.000000,-0.000000, 1.000000, 0.000000,
                            -0.000004, 4.090197, 0.000006, 1.000000;;
                          }
                          Frame Armature_mixamorig_LeftHandPinky4 {
                            FrameTransformMatrix {
                               1.000000, 0.000000,-0.000000, 0.000000,
                               0.000000, 1.000000, 0.000000, 0.000000,
                               0.000000, 0.000000, 1.000000, 0.000000,
                              -0.000005, 4.222297, 0.000004, 1.000000;;
                            }
                          } // End of Armature_mixamorig_LeftHandPinky4
                        } // End of Armature_mixamorig_LeftHandPinky3
                      } // End of Armature_mixamorig_LeftHandPinky2
                    } // End of Armature_mixamorig_LeftHandPinky1
                    Frame Armature_mixamorig_LeftHandRing1 {
                      FrameTransformMatrix {
                         0.966554,-0.253630,-0.038006, 0.000000,
                         0.239386, 0.839067, 0.488530, 0.000000,
                        -0.092016,-0.481289, 0.871719, 0.000000,
                         5.832502,16.592598,-0.117397, 1.000000;;
                      }
                      Frame Armature_mixamorig_LeftHandRing2 {
                        FrameTransformMatrix {
                           0.998909, 0.045706, 0.009547, 0.000000,
                          -0.043819, 0.846991, 0.529798, 0.000000,
                           0.016129,-0.529639, 0.848070, 0.000000,
                           0.000000, 6.332897,-0.000006, 1.000000;;
                        }
                        Frame Armature_mixamorig_LeftHandRing3 {
                          FrameTransformMatrix {
                             1.000000, 0.000000, 0.000000, 0.000000,
                            -0.000000, 1.000000, 0.000000, 0.000000,
                            -0.000000,-0.000000, 1.000000, 0.000000,
                             0.000004, 5.608907, 0.000000, 1.000000;;
                          }
                          Frame Armature_mixamorig_LeftHandRing4 {
                            FrameTransformMatrix {
                               1.000000,-0.000000, 0.000000, 0.000000,
                               0.000000, 1.000000, 0.000000, 0.000000,
                              -0.000000,-0.000000, 1.000000, 0.000000,
                               0.000003, 4.489705,-0.000004, 1.000000;;
                            }
                          } // End of Armature_mixamorig_LeftHandRing4
                        } // End of Armature_mixamorig_LeftHandRing3
                      } // End of Armature_mixamorig_LeftHandRing2
                    } // End of Armature_mixamorig_LeftHandRing1
                    Frame Armature_mixamorig_LeftHandThumb1 {
                      FrameTransformMatrix {
                         0.893614, 0.432312,-0.120667, 0.000000,
                        -0.299902, 0.775130, 0.556087, 0.000000,
                         0.333935,-0.460739, 0.822318, 0.000000,
                        -7.297899, 5.809498, 5.140805, 1.000000;;
                      }
                      Frame Armature_mixamorig_LeftHandThumb2 {
                        FrameTransformMatrix {
                           0.999998,-0.001538,-0.001300, 0.000000,
                           0.001519, 0.999890,-0.014752, 0.000000,
                           0.001323, 0.014750, 0.999890, 0.000000,
                           0.000003, 6.981898,-0.000001, 1.000000;;
                        }
                        Frame Armature_mixamorig_LeftHandThumb3 {
                          FrameTransformMatrix {
                             1.000000, 0.000001,-0.000002, 0.000000,
                            -0.000001, 1.000000, 0.000001, 0.000000,
                             0.000002,-0.000001, 1.000000, 0.000000,
                             0.000000, 4.446804,-0.000006, 1.000000;;
                          }
                          Frame Armature_mixamorig_LeftHandThumb4 {
                            FrameTransformMatrix {
                               1.000000,-0.000002, 0.000003, 0.000000,
                               0.000002, 1.000000,-0.000002, 0.000000,
                              -0.000003, 0.000002, 1.000000, 0.000000,
                              -0.000001, 5.337981, 0.000004, 1.000000;;
                            }
                          } // End of Armature_mixamorig_LeftHandThumb4
                        } // End of Armature_mixamorig_LeftHandThumb3
                      } // End of Armature_mixamorig_LeftHandThumb2
                    } // End of Armature_mixamorig_LeftHandThumb1
                  } // End of Armature_mixamorig_LeftHand
                } // End of Armature_mixamorig_LeftForeArm
              } // End of Armature_mixamorig_LeftArm
            } // End of Armature_mixamorig_LeftShoulder
            Frame Armature_mixamorig_Neck {
              FrameTransformMatrix {
                 0.999747, 0.005257, 0.021882, 0.000000,
                -0.003600, 0.997169,-0.075112, 0.000000,
                -0.022215, 0.075014, 0.996935, 0.000000,
                 0.000000,29.862507,-6.856797, 1.000000;;
              }
              Frame Armature_mixamorig_Head {
                FrameTransformMatrix {
                   0.937032,-0.044690,-0.346373, 0.000000,
                   0.349190, 0.102370, 0.931443, 0.000000,
                  -0.006168,-0.993742, 0.111529, 0.000000,
                   0.000001,15.812695, 4.504603, 1.000000;;
                }
                Frame Armature_mixamorig_HeadTop_End {
                  FrameTransformMatrix {
                     1.000000,-0.000000, 0.000000, 0.000000,
                     0.000000, 1.000000,-0.000000, 0.000000,
                     0.000000, 0.000000, 1.000000, 0.000000,
                    -0.000001, 8.548803,-16.914230, 1.000000;;
                  }
                } // End of Armature_mixamorig_HeadTop_End
                Frame Armature_mixamorig_RightEye {
                  FrameTransformMatrix {
                    -0.000000, 1.000000, 0.000000, 0.000000,
                     0.000000,-0.000000, 1.000000, 0.000000,
                     1.000000, 0.000000,-0.000000, 0.000000,
                    -4.116901,14.065398,-5.662628, 1.000000;;
                  }
                } // End of Armature_mixamorig_RightEye
              } // End of Armature_mixamorig_Head
            } // End of Armature_mixamorig_Neck
            Frame Armature_mixamorig_RightShoulder {
              FrameTransformMatrix {
                 0.162922,-0.025426, 0.986311, 0.000000,
                -0.784000,-0.610246, 0.113772, 0.000000,
                 0.599000,-0.791804,-0.119357, 0.000000,
                -15.693200,30.527914,-14.885502, 1.000000;;
              }
              Frame Armature_mixamorig_RightArm {
                FrameTransformMatrix {
                   0.912099, 0.371571,-0.173234, 0.000000,
                  -0.219206, 0.799090, 0.559825, 0.000000,
                   0.346444,-0.472642, 0.810300, 0.000000,
                   0.000007,18.001886, 0.000002, 1.000000;;
                }
                Frame Armature_mixamorig_RightForeArm {
                  FrameTransformMatrix {
                     0.739769,-0.667292,-0.086390, 0.000000,
                     0.672497, 0.737468, 0.062351, 0.000000,
                     0.022103,-0.104222, 0.994308, 0.000000,
                    -0.000006,37.520103,-0.000003, 1.000000;;
                  }
                  Frame Armature_mixamorig_RightHand {
                    FrameTransformMatrix {
                       0.972790,-0.206836, 0.104393, 0.000000,
                       0.176127, 0.952925, 0.246805, 0.000000,
                      -0.150527,-0.221703, 0.963426, 0.000000,
                       0.000000,41.865715,-0.000002, 1.000000;;
                    }
                    Frame Armature_mixamorig_RightHandIndex1 {
                      FrameTransformMatrix {
                         0.999704, 0.014751,-0.019363, 0.000000,
                        -0.013670, 0.998403, 0.054812, 0.000000,
                         0.020140,-0.054531, 0.998309, 0.000000,
                         6.345598,17.473017, 0.144389, 1.000000;;
                      }
                      Frame Armature_mixamorig_RightHandIndex2 {
                        FrameTransformMatrix {
                           0.999789, 0.020374, 0.002614, 0.000000,
                          -0.020251, 0.956416, 0.291305, 0.000000,
                           0.003435,-0.291297, 0.956626, 0.000000,
                           0.000000, 6.305999,-0.000003, 1.000000;;
                        }
                        Frame Armature_mixamorig_RightHandIndex3 {
                          FrameTransformMatrix {
                             1.000000, 0.000000,-0.000000, 0.000000,
                            -0.000000, 1.000000,-0.000000, 0.000000,
                             0.000000, 0.000000, 1.000000, 0.000000,
                            -0.000000, 5.287006,-0.000003, 1.000000;;
                          }
                          Frame Armature_mixamorig_RightHandIndex4 {
                            FrameTransformMatrix {
                               1.000000, 0.000000, 0.000000, 0.000000,
                              -0.000000, 1.000000, 0.000000, 0.000000,
                               0.000000,-0.000000, 1.000000, 0.000000,
                               0.000001, 4.643993,-0.000006, 1.000000;;
                            }
                          } // End of Armature_mixamorig_RightHandIndex4
                        } // End of Armature_mixamorig_RightHandIndex3
                      } // End of Armature_mixamorig_RightHandIndex2
                    } // End of Armature_mixamorig_RightHandIndex1
                    Frame Armature_mixamorig_RightHandMiddle1 {
                      FrameTransformMatrix {
                         0.998915, 0.044816,-0.012660, 0.000000,
                        -0.041452, 0.979549, 0.196889, 0.000000,
                         0.021225,-0.196151, 0.980344, 0.000000,
                         0.112400,18.009613,-0.440816, 1.000000;;
                      }
                      Frame Armature_mixamorig_RightHandMiddle2 {
                        FrameTransformMatrix {
                           0.999486,-0.030066,-0.011093, 0.000000,
                           0.031529, 0.860497, 0.508478, 0.000000,
                          -0.005743,-0.508567, 0.861003, 0.000000,
                          -0.000001, 6.843014, 0.000004, 1.000000;;
                        }
                        Frame Armature_mixamorig_RightHandMiddle3 {
                          FrameTransformMatrix {
                             1.000000, 0.000000, 0.000000, 0.000000,
                             0.000000, 1.000000, 0.000000, 0.000000,
                             0.000000,-0.000000, 1.000000, 0.000000,
                            -0.000002, 5.656003, 0.000002, 1.000000;;
                          }
                          Frame Armature_mixamorig_RightHandMiddle4 {
                            FrameTransformMatrix {
                               1.000000, 0.000000, 0.000000, 0.000000,
                              -0.000000, 1.000000,-0.000000, 0.000000,
                              -0.000000, 0.000000, 1.000000, 0.000000,
                               0.000003, 4.458008,-0.000002, 1.000000;;
                            }
                          } // End of Armature_mixamorig_RightHandMiddle4
                        } // End of Armature_mixamorig_RightHandMiddle3
                      } // End of Armature_mixamorig_RightHandMiddle2
                    } // End of Armature_mixamorig_RightHandMiddle1
                    Frame Armature_mixamorig_RightHandPinky1 {
                      FrameTransformMatrix {
                         0.983668, 0.171135, 0.055764, 0.000000,
                        -0.179431, 0.907921, 0.378793, 0.000000,
                         0.014196,-0.382612, 0.923800, 0.000000,
                        -11.143711,14.820511, 0.002387, 1.000000;;
                      }
                      Frame Armature_mixamorig_RightHandPinky2 {
                        FrameTransformMatrix {
                           0.990552,-0.134938,-0.024481, 0.000000,
                           0.117882, 0.746554, 0.654799, 0.000000,
                          -0.070081,-0.651498, 0.755407, 0.000000,
                          -0.000002, 5.576019, 0.000002, 1.000000;;
                        }
                        Frame Armature_mixamorig_RightHandPinky3 {
                          FrameTransformMatrix {
                             1.000000, 0.000000, 0.000000, 0.000000,
                            -0.000000, 1.000000,-0.000000, 0.000000,
                            -0.000000, 0.000000, 1.000000, 0.000000,
                             0.000001, 4.089978, 0.000005, 1.000000;;
                          }
                          Frame Armature_mixamorig_RightHandPinky4 {
                            FrameTransformMatrix {
                               1.000000, 0.000000, 0.000000, 0.000000,
                              -0.000000, 1.000000, 0.000000, 0.000000,
                               0.000000,-0.000000, 1.000000, 0.000000,
                              -0.000001, 4.223005, 0.000006, 1.000000;;
                            }
                          } // End of Armature_mixamorig_RightHandPinky4
                        } // End of Armature_mixamorig_RightHandPinky3
                      } // End of Armature_mixamorig_RightHandPinky2
                    } // End of Armature_mixamorig_RightHandPinky1
                    Frame Armature_mixamorig_RightHandRing1 {
                      FrameTransformMatrix {
                         0.991411, 0.124824, 0.039017, 0.000000,
                        -0.130622, 0.930466, 0.342302, 0.000000,
                         0.006424,-0.344458, 0.938780, 0.000000,
                        -5.832504,16.592415,-0.117310, 1.000000;;
                      }
                      Frame Armature_mixamorig_RightHandRing2 {
                        FrameTransformMatrix {
                           0.997827,-0.063769,-0.016605, 0.000000,
                           0.060740, 0.792371, 0.607008, 0.000000,
                          -0.025551,-0.606697, 0.794523, 0.000000,
                          -0.000001, 6.333013,-0.000001, 1.000000;;
                        }
                        Frame Armature_mixamorig_RightHandRing3 {
                          FrameTransformMatrix {
                             1.000000, 0.000000,-0.000000, 0.000000,
                             0.000000, 1.000000, 0.000000, 0.000000,
                             0.000000, 0.000000, 1.000000, 0.000000,
                            -0.000002, 5.608998,-0.000007, 1.000000;;
                          }
                          Frame Armature_mixamorig_RightHandRing4 {
                            FrameTransformMatrix {
                               1.000000, 0.000000,-0.000000, 0.000000,
                               0.000000, 1.000000, 0.000000, 0.000000,
                               0.000000, 0.000000, 1.000000, 0.000000,
                              -0.000003, 4.490027,-0.000006, 1.000000;;
                            }
                          } // End of Armature_mixamorig_RightHandRing4
                        } // End of Armature_mixamorig_RightHandRing3
                      } // End of Armature_mixamorig_RightHandRing2
                    } // End of Armature_mixamorig_RightHandRing1
                    Frame Armature_mixamorig_RightHandThumb1 {
                      FrameTransformMatrix {
                         0.892565,-0.435463,-0.117044, 0.000000,
                         0.446821, 0.819222, 0.359481, 0.000000,
                        -0.060656,-0.373158, 0.925783, 0.000000,
                         7.297799, 5.809109, 5.140987, 1.000000;;
                      }
                      Frame Armature_mixamorig_RightHandThumb2 {
                        FrameTransformMatrix {
                           0.932928, 0.360062,-0.001003, 0.000000,
                          -0.360022, 0.932858, 0.012654, 0.000000,
                           0.005491,-0.011444, 0.999919, 0.000000,
                          -0.000005, 6.982110, 0.000001, 1.000000;;
                        }
                        Frame Armature_mixamorig_RightHandThumb3 {
                          FrameTransformMatrix {
                             1.000000, 0.000000,-0.000000, 0.000000,
                            -0.000000, 1.000000, 0.000001, 0.000000,
                             0.000000,-0.000001, 1.000000, 0.000000,
                            -0.000003, 4.446891, 0.000003, 1.000000;;
                          }
                          Frame Armature_mixamorig_RightHandThumb4 {
                            FrameTransformMatrix {
                               1.000000, 0.000001,-0.000001, 0.000000,
                              -0.000001, 1.000000,-0.000000, 0.000000,
                               0.000001, 0.000000, 1.000000, 0.000000,
                               0.000000, 5.338503,-0.000002, 1.000000;;
                            }
                          } // End of Armature_mixamorig_RightHandThumb4
                        } // End of Armature_mixamorig_RightHandThumb3
                      } // End of Armature_mixamorig_RightHandThumb2
                    } // End of Armature_mixamorig_RightHandThumb1
                  } // End of Armature_mixamorig_RightHand
                } // End of Armature_mixamorig_RightForeArm
              } // End of Armature_mixamorig_RightArm
            } // End of Armature_mixamorig_RightShoulder
          } // End of Armature_mixamorig_Spine2
        } // End of Armature_mixamorig_Spine1
      } // End of Armature_mixamorig_Spine
    } // End of Armature_mixamorig_Hips
  } // End of Armature
} // End of Root
AnimationSet Global {
  Animation {
    {Armature}
    AnimationKey { // Rotation
      0;
      91;
      0;4;-0.707107, 0.707107, 0.000000, 0.000000;;,
      1;4;-0.707107, 0.707107, 0.000000, 0.000000;;,
      2;4;-0.707107, 0.707107, 0.000000, 0.000000;;,
      3;4;-0.707107, 0.707107, 0.000000, 0.000000;;,
      4;4;-0.707107, 0.707107, 0.000000, 0.000000;;,
      5;4;-0.707107, 0.707107, 0.000000, 0.000000;;,
      6;4;-0.707107, 0.707107, 0.000000, 0.000000;;,
      7;4;-0.707107, 0.707107, 0.000000, 0.000000;;,
      8;4;-0.707107, 0.707107, 0.000000, 0.000000;;,
      9;4;-0.707107, 0.707107, 0.000000, 0.000000;;,
      10;4;-0.707107, 0.707107, 0.000000, 0.000000;;,
      11;4;-0.707107, 0.707107, 0.000000, 0.000000;;,
      12;4;-0.707107, 0.707107, 0.000000, 0.000000;;,
      13;4;-0.707107, 0.707107, 0.000000, 0.000000;;,
      14;4;-0.707107, 0.707107, 0.000000, 0.000000;;,
      15;4;-0.707107, 0.707107, 0.000000, 0.000000;;,
      16;4;-0.707107, 0.707107, 0.000000, 0.000000;;,
      17;4;-0.707107, 0.707107, 0.000000, 0.000000;;,
      18;4;-0.707107, 0.707107, 0.000000, 0.000000;;,
      19;4;-0.707107, 0.707107, 0.000000, 0.000000;;,
      20;4;-0.707107, 0.707107, 0.000000, 0.000000;;,
      21;4;-0.707107, 0.707107, 0.000000, 0.000000;;,
      22;4;-0.707107, 0.707107, 0.000000, 0.000000;;,
      23;4;-0.707107, 0.707107, 0.000000, 0.000000;;,
      24;4;-0.707107, 0.707107, 0.000000, 0.000000;;,
      25;4;-0.707107, 0.707107, 0.000000, 0.000000;;,
      26;4;-0.707107, 0.707107, 0.000000, 0.000000;;,
      27;4;-0.707107, 0.707107, 0.000000, 0.000000;;,
      28;4;-0.707107, 0.707107, 0.000000, 0.000000;;,
      29;4;-0.707107, 0.707107, 0.000000, 0.000000;;,
      30;4;-0.707107, 0.707107, 0.000000, 0.000000;;,
      31;4;-0.707107, 0.707107, 0.000000, 0.000000;;,
      32;4;-0.707107, 0.707107, 0.000000, 0.000000;;,
      33;4;-0.707107, 0.707107, 0.000000, 0.000000;;,
      34;4;-0.707107, 0.707107, 0.000000, 0.000000;;,
      35;4;-0.707107, 0.707107, 0.000000, 0.000000;;,
      36;4;-0.707107, 0.707107, 0.000000, 0.000000;;,
      37;4;-0.707107, 0.707107, 0.000000, 0.000000;;,
      38;4;-0.707107, 0.707107, 0.000000, 0.000000;;,
      39;4;-0.707107, 0.707107, 0.000000, 0.000000;;,
      40;4;-0.707107, 0.707107, 0.000000, 0.000000;;,
      41;4;-0.707107, 0.707107, 0.000000, 0.000000;;,
      42;4;-0.707107, 0.707107, 0.000000, 0.000000;;,
      43;4;-0.707107, 0.707107, 0.000000, 0.000000;;,
      44;4;-0.707107, 0.707107, 0.000000, 0.000000;;,
      45;4;-0.707107, 0.707107, 0.000000, 0.000000;;,
      46;4;-0.707107, 0.707107, 0.000000, 0.000000;;,
      47;4;-0.707107, 0.707107, 0.000000, 0.000000;;,
      48;4;-0.707107, 0.707107, 0.000000, 0.000000;;,
      49;4;-0.707107, 0.707107, 0.000000, 0.000000;;,
      50;4;-0.707107, 0.707107, 0.000000, 0.000000;;,
      51;4;-0.707107, 0.707107, 0.000000, 0.000000;;,
      52;4;-0.707107, 0.707107, 0.000000, 0.000000;;,
      53;4;-0.707107, 0.707107, 0.000000, 0.000000;;,
      54;4;-0.707107, 0.707107, 0.000000, 0.000000;;,
      55;4;-0.707107, 0.707107, 0.000000, 0.000000;;,
      56;4;-0.707107, 0.707107, 0.000000, 0.000000;;,
      57;4;-0.707107, 0.707107, 0.000000, 0.000000;;,
      58;4;-0.707107, 0.707107, 0.000000, 0.000000;;,
      59;4;-0.707107, 0.707107, 0.000000, 0.000000;;,
      60;4;-0.707107, 0.707107, 0.000000, 0.000000;;,
      61;4;-0.707107, 0.707107, 0.000000, 0.000000;;,
      62;4;-0.707107, 0.707107, 0.000000, 0.000000;;,
      63;4;-0.707107, 0.707107, 0.000000, 0.000000;;,
      64;4;-0.707107, 0.707107, 0.000000, 0.000000;;,
      65;4;-0.707107, 0.707107, 0.000000, 0.000000;;,
      66;4;-0.707107, 0.707107, 0.000000, 0.000000;;,
      67;4;-0.707107, 0.707107, 0.000000, 0.000000;;,
      68;4;-0.707107, 0.707107, 0.000000, 0.000000;;,
      69;4;-0.707107, 0.707107, 0.000000, 0.000000;;,
      70;4;-0.707107, 0.707107, 0.000000, 0.000000;;,
      71;4;-0.707107, 0.707107, 0.000000, 0.000000;;,
      72;4;-0.707107, 0.707107, 0.000000, 0.000000;;,
      73;4;-0.707107, 0.707107, 0.000000, 0.000000;;,
      74;4;-0.707107, 0.707107, 0.000000, 0.000000;;,
      75;4;-0.707107, 0.707107, 0.000000, 0.000000;;,
      76;4;-0.707107, 0.707107, 0.000000, 0.000000;;,
      77;4;-0.707107, 0.707107, 0.000000, 0.000000;;,
      78;4;-0.707107, 0.707107, 0.000000, 0.000000;;,
      79;4;-0.707107, 0.707107, 0.000000, 0.000000;;,
      80;4;-0.707107, 0.707107, 0.000000, 0.000000;;,
      81;4;-0.707107, 0.707107, 0.000000, 0.000000;;,
      82;4;-0.707107, 0.707107, 0.000000, 0.000000;;,
      83;4;-0.707107, 0.707107, 0.000000, 0.000000;;,
      84;4;-0.707107, 0.707107, 0.000000, 0.000000;;,
      85;4;-0.707107, 0.707107, 0.000000, 0.000000;;,
      86;4;-0.707107, 0.707107, 0.000000, 0.000000;;,
      87;4;-0.707107, 0.707107, 0.000000, 0.000000;;,
      88;4;-0.707107, 0.707107, 0.000000, 0.000000;;,
      89;4;-0.707107, 0.707107, 0.000000, 0.000000;;,
      90;4;-0.707107, 0.707107, 0.000000, 0.000000;;;
    }
    AnimationKey { // Scale
      1;
      91;
      0;3; 0.110000, 0.110000, 0.110000;;,
      1;3; 0.110000, 0.110000, 0.110000;;,
      2;3; 0.110000, 0.110000, 0.110000;;,
      3;3; 0.110000, 0.110000, 0.110000;;,
      4;3; 0.110000, 0.110000, 0.110000;;,
      5;3; 0.110000, 0.110000, 0.110000;;,
      6;3; 0.110000, 0.110000, 0.110000;;,
      7;3; 0.110000, 0.110000, 0.110000;;,
      8;3; 0.110000, 0.110000, 0.110000;;,
      9;3; 0.110000, 0.110000, 0.110000;;,
      10;3; 0.110000, 0.110000, 0.110000;;,
      11;3; 0.110000, 0.110000, 0.110000;;,
      12;3; 0.110000, 0.110000, 0.110000;;,
      13;3; 0.110000, 0.110000, 0.110000;;,
      14;3; 0.110000, 0.110000, 0.110000;;,
      15;3; 0.110000, 0.110000, 0.110000;;,
      16;3; 0.110000, 0.110000, 0.110000;;,
      17;3; 0.110000, 0.110000, 0.110000;;,
      18;3; 0.110000, 0.110000, 0.110000;;,
      19;3; 0.110000, 0.110000, 0.110000;;,
      20;3; 0.110000, 0.110000, 0.110000;;,
      21;3; 0.110000, 0.110000, 0.110000;;,
      22;3; 0.110000, 0.110000, 0.110000;;,
      23;3; 0.110000, 0.110000, 0.110000;;,
      24;3; 0.110000, 0.110000, 0.110000;;,
      25;3; 0.110000, 0.110000, 0.110000;;,
      26;3; 0.110000, 0.110000, 0.110000;;,
      27;3; 0.110000, 0.110000, 0.110000;;,
      28;3; 0.110000, 0.110000, 0.110000;;,
      29;3; 0.110000, 0.110000, 0.110000;;,
      30;3; 0.110000, 0.110000, 0.110000;;,
      31;3; 0.110000, 0.110000, 0.110000;;,
      32;3; 0.110000, 0.110000, 0.110000;;,
      33;3; 0.110000, 0.110000, 0.110000;;,
      34;3; 0.110000, 0.110000, 0.110000;;,
      35;3; 0.110000, 0.110000, 0.110000;;,
      36;3; 0.110000, 0.110000, 0.110000;;,
      37;3; 0.110000, 0.110000, 0.110000;;,
      38;3; 0.110000, 0.110000, 0.110000;;,
      39;3; 0.110000, 0.110000, 0.110000;;,
      40;3; 0.110000, 0.110000, 0.110000;;,
      41;3; 0.110000, 0.110000, 0.110000;;,
      42;3; 0.110000, 0.110000, 0.110000;;,
      43;3; 0.110000, 0.110000, 0.110000;;,
      44;3; 0.110000, 0.110000, 0.110000;;,
      45;3; 0.110000, 0.110000, 0.110000;;,
      46;3; 0.110000, 0.110000, 0.110000;;,
      47;3; 0.110000, 0.110000, 0.110000;;,
      48;3; 0.110000, 0.110000, 0.110000;;,
      49;3; 0.110000, 0.110000, 0.110000;;,
      50;3; 0.110000, 0.110000, 0.110000;;,
      51;3; 0.110000, 0.110000, 0.110000;;,
      52;3; 0.110000, 0.110000, 0.110000;;,
      53;3; 0.110000, 0.110000, 0.110000;;,
      54;3; 0.110000, 0.110000, 0.110000;;,
      55;3; 0.110000, 0.110000, 0.110000;;,
      56;3; 0.110000, 0.110000, 0.110000;;,
      57;3; 0.110000, 0.110000, 0.110000;;,
      58;3; 0.110000, 0.110000, 0.110000;;,
      59;3; 0.110000, 0.110000, 0.110000;;,
      60;3; 0.110000, 0.110000, 0.110000;;,
      61;3; 0.110000, 0.110000, 0.110000;;,
      62;3; 0.110000, 0.110000, 0.110000;;,
      63;3; 0.110000, 0.110000, 0.110000;;,
      64;3; 0.110000, 0.110000, 0.110000;;,
      65;3; 0.110000, 0.110000, 0.110000;;,
      66;3; 0.110000, 0.110000, 0.110000;;,
      67;3; 0.110000, 0.110000, 0.110000;;,
      68;3; 0.110000, 0.110000, 0.110000;;,
      69;3; 0.110000, 0.110000, 0.110000;;,
      70;3; 0.110000, 0.110000, 0.110000;;,
      71;3; 0.110000, 0.110000, 0.110000;;,
      72;3; 0.110000, 0.110000, 0.110000;;,
      73;3; 0.110000, 0.110000, 0.110000;;,
      74;3; 0.110000, 0.110000, 0.110000;;,
      75;3; 0.110000, 0.110000, 0.110000;;,
      76;3; 0.110000, 0.110000, 0.110000;;,
      77;3; 0.110000, 0.110000, 0.110000;;,
      78;3; 0.110000, 0.110000, 0.110000;;,
      79;3; 0.110000, 0.110000, 0.110000;;,
      80;3; 0.110000, 0.110000, 0.110000;;,
      81;3; 0.110000, 0.110000, 0.110000;;,
      82;3; 0.110000, 0.110000, 0.110000;;,
      83;3; 0.110000, 0.110000, 0.110000;;,
      84;3; 0.110000, 0.110000, 0.110000;;,
      85;3; 0.110000, 0.110000, 0.110000;;,
      86;3; 0.110000, 0.110000, 0.110000;;,
      87;3; 0.110000, 0.110000, 0.110000;;,
      88;3; 0.110000, 0.110000, 0.110000;;,
      89;3; 0.110000, 0.110000, 0.110000;;,
      90;3; 0.110000, 0.110000, 0.110000;;;
    }
    AnimationKey { // Position
      2;
      91;
      0;3; 0.000000, 0.000000, 0.000000;;,
      1;3; 0.000000, 0.000000, 0.000000;;,
      2;3; 0.000000, 0.000000, 0.000000;;,
      3;3; 0.000000, 0.000000, 0.000000;;,
      4;3; 0.000000, 0.000000, 0.000000;;,
      5;3; 0.000000, 0.000000, 0.000000;;,
      6;3; 0.000000, 0.000000, 0.000000;;,
      7;3; 0.000000, 0.000000, 0.000000;;,
      8;3; 0.000000, 0.000000, 0.000000;;,
      9;3; 0.000000, 0.000000, 0.000000;;,
      10;3; 0.000000, 0.000000, 0.000000;;,
      11;3; 0.000000, 0.000000, 0.000000;;,
      12;3; 0.000000, 0.000000, 0.000000;;,
      13;3; 0.000000, 0.000000, 0.000000;;,
      14;3; 0.000000, 0.000000, 0.000000;;,
      15;3; 0.000000, 0.000000, 0.000000;;,
      16;3; 0.000000, 0.000000, 0.000000;;,
