xof 0303txt 0032

template XSkinMeshHeader {
  <3cf169ce-ff7c-44ab-93c0-f78f62d172e2>
  WORD nMaxSkinWeightsPerVertex;
  WORD nMaxSkinWeightsPerFace;
  WORD nBones;
}

template SkinWeights {
  <6f0d123b-bad2-4167-a0d0-80224f25fabb>
  STRING transformNodeName;
  DWORD nWeights;
  array DWORD vertexIndices[nWeights];
  array float weights[nWeights];
  Matrix4x4 matrixOffset;
}

Frame Root {
  FrameTransformMatrix {
     1.000000, 0.000000, 0.000000, 0.000000,
     0.000000,-0.000000,-1.000000, 0.000000,
     0.000000, 1.000000,-0.000000, 0.000000,
     0.000000, 0.000000, 0.000000, 1.000000;;
  }
  Frame Armature {
    FrameTransformMatrix {
       0.110000, 0.000000, 0.000000, 0.000000,
       0.000000,-0.000000, 0.110000, 0.000000,
       0.000000,-0.110000,-0.000000, 0.000000,
       0.000000, 0.000000, 0.000000, 1.000000;;
    }
    Frame Armature_mixamorig_Hips {
      FrameTransformMatrix {
         0.728926,-0.005002,-0.684575, 0.000000,
        -0.049426, 0.996979,-0.059912, 0.000000,
         0.682806, 0.077507, 0.726477, 0.000000,
        -1.527418,90.502235,-1.566109, 1.000000;;
      }
      Frame Armature_mixamorig_LeftUpLeg {
        FrameTransformMatrix {
          -0.925357,-0.303232, 0.227520, 0.000000,
           0.325043,-0.943494, 0.064537, 0.000000,
           0.195095, 0.133672, 0.971628, 0.000000,
          15.658500,-8.406809, 1.467002, 1.000000;;
        }
        Frame Armature_mixamorig_LeftLeg {
          FrameTransformMatrix {
             0.990532, 0.091522, 0.102325, 0.000000,
             0.024143, 0.617609,-0.786115, 0.000000,
            -0.135143, 0.781142, 0.609551, 0.000000,
             0.000005,37.074814,-0.000002, 1.000000;;
          }
          Frame Armature_mixamorig_LeftFoot {
            FrameTransformMatrix {
               0.930143,-0.353047, 0.100956, 0.000000,
              -0.035394, 0.187456, 0.981635, 0.000000,
              -0.365488,-0.916634, 0.161865, 0.000000,
               0.000003,38.107529,-0.000001, 1.000000;;
            }
            Frame Armature_mixamorig_LeftToeBase {
              FrameTransformMatrix {
                 0.992050,-0.063966, 0.108378, 0.000000,
                -0.031842, 0.705580, 0.707914, 0.000000,
                -0.121752,-0.705737, 0.697934, 0.000000,
                -0.000000,27.500044,-0.000003, 1.000000;;
              }
              Frame Armature_mixamorig_LeftToe_End {
                FrameTransformMatrix {
                   1.000000,-0.000000,-0.000000, 0.000000,
                   0.000000, 1.000000, 0.000000, 0.000000,
                   0.000000,-0.000000, 1.000000, 0.000000,
                   0.000001,18.087690, 0.000000, 1.000000;;
                }
              } // End of Armature_mixamorig_LeftToe_End
            } // End of Armature_mixamorig_LeftToeBase
          } // End of Armature_mixamorig_LeftFoot
        } // End of Armature_mixamorig_LeftLeg
      } // End of Armature_mixamorig_LeftUpLeg
      Frame Armature_mixamorig_RightUpLeg {
        FrameTransformMatrix {
          -0.964402, 0.177533,-0.195987, 0.000000,
          -0.260223,-0.768972, 0.583921, 0.000000,
          -0.047044, 0.614136, 0.787791, 0.000000,
          -15.658500,-8.406811, 1.467000, 1.000000;;
        }
        Frame Armature_mixamorig_RightLeg {
          FrameTransformMatrix {
             0.970006, 0.168789, 0.174922, 0.000000,
             0.046842, 0.576325,-0.815877, 0.000000,
            -0.238523, 0.799600, 0.551132, 0.000000,
             0.000001,37.074707,-0.000005, 1.000000;;
          }
          Frame Armature_mixamorig_RightFoot {
            FrameTransformMatrix {
               0.977700, 0.095559,-0.187003, 0.000000,
               0.110715, 0.522119, 0.845656, 0.000000,
               0.178448,-0.847502, 0.499896, 0.000000,
               0.000003,38.107533,-0.000000, 1.000000;;
            }
            Frame Armature_mixamorig_RightToeBase {
              FrameTransformMatrix {
                 0.994013, 0.097248,-0.049818, 0.000000,
                -0.030741, 0.686417, 0.726559, 0.000000,
                 0.104853,-0.720677, 0.685296, 0.000000,
                 0.000000,27.500040,-0.000000, 1.000000;;
              }
              Frame Armature_mixamorig_RightToe_End {
                FrameTransformMatrix {
                   1.000000, 0.000000, 0.000000, 0.000000,
                  -0.000000, 1.000000, 0.000000, 0.000000,
                  -0.000000,-0.000000, 1.000000, 0.000000,
                   0.000001,18.088076, 0.000000, 1.000000;;
                }
              } // End of Armature_mixamorig_RightToe_End
            } // End of Armature_mixamorig_RightToeBase
          } // End of Armature_mixamorig_RightFoot
        } // End of Armature_mixamorig_RightLeg
      } // End of Armature_mixamorig_RightUpLeg
      Frame Armature_mixamorig_Spine {
        FrameTransformMatrix {
           0.996404, 0.015797, 0.083247, 0.000000,
          -0.024738, 0.993898, 0.107493, 0.000000,
          -0.081041,-0.109165, 0.990715, 0.000000,
          -0.000000,12.947394, 1.306901, 1.000000;;
        }
        Frame Armature_mixamorig_Spine1 {
          FrameTransformMatrix {
             0.986155, 0.021748, 0.164392, 0.000000,
            -0.052867, 0.980865, 0.187376, 0.000000,
            -0.157171,-0.193473, 0.968435, 0.000000,
            -0.000000,11.650496,-0.000000, 1.000000;;
          }
          Frame Armature_mixamorig_Spine2 {
            FrameTransformMatrix {
               0.986155, 0.020204, 0.164589, 0.000000,
              -0.053131, 0.978721, 0.198199, 0.000000,
              -0.157082,-0.204199, 0.966244, 0.000000,
              -0.000000,11.899603, 0.000001, 1.000000;;
            }
            Frame Armature_mixamorig_LeftShoulder {
              FrameTransformMatrix {
                 0.162920, 0.025430,-0.986312, 0.000000,
                 0.784019,-0.610221, 0.113773, 0.000000,
                -0.598975,-0.791823,-0.119355, 0.000000,
                15.693203,30.527618,-14.885499, 1.000000;;
              }
              Frame Armature_mixamorig_LeftArm {
                FrameTransformMatrix {
                   0.912101,-0.371572, 0.173222, 0.000000,
                   0.219203, 0.799073, 0.559851, 0.000000,
                  -0.346442,-0.472670, 0.810284, 0.000000,
                   0.000008,18.001993, 0.000002, 1.000000;;
                }
                Frame Armature_mixamorig_LeftForeArm {
                  FrameTransformMatrix {
                     0.739769, 0.667292, 0.086389, 0.000000,
                    -0.672498, 0.737468, 0.062352, 0.000000,
                    -0.022102,-0.104222, 0.994308, 0.000000,
                     0.000000,37.520103,-0.000005, 1.000000;;
                  }
                  Frame Armature_mixamorig_LeftHand {
                    FrameTransformMatrix {
                       0.972793, 0.206832,-0.104374, 0.000000,
                      -0.176125, 0.952922, 0.246820, 0.000000,
                       0.150511,-0.221722, 0.963424, 0.000000,
                      -0.000002,41.865593,-0.000010, 1.000000;;
                    }
                    Frame Armature_mixamorig_LeftHandIndex1 {
                      FrameTransformMatrix {
                         0.999654,-0.018036, 0.019145, 0.000000,
                         0.016932, 0.998267, 0.056366, 0.000000,
                        -0.020128,-0.056022, 0.998227, 0.000000,
                        -6.345704,17.472904, 0.144202, 1.000000;;
                      }
                      Frame Armature_mixamorig_LeftHandIndex2 {
                        FrameTransformMatrix {
                           0.999791,-0.020164,-0.003525, 0.000000,
                           0.020316, 0.956363, 0.291474, 0.000000,
                          -0.002506,-0.291484, 0.956572, 0.000000,
                          -0.000005, 6.306509, 0.000002, 1.000000;;
                        }
                        Frame Armature_mixamorig_LeftHandIndex3 {
                          FrameTransformMatrix {
                             1.000000, 0.000000,-0.000000, 0.000000,
                             0.000000, 1.000000, 0.000000, 0.000000,
                             0.000000,-0.000000, 1.000000, 0.000000,
                             0.000002, 5.287005,-0.000003, 1.000000;;
                          }
                          Frame Armature_mixamorig_LeftHandIndex4 {
                            FrameTransformMatrix {
                               1.000000,-0.000000,-0.000000, 0.000000,
                              -0.000000, 1.000000,-0.000000, 0.000000,
                              -0.000000, 0.000000, 1.000000, 0.000000,
                              -0.000002, 4.643598,-0.000001, 1.000000;;
                            }
                          } // End of Armature_mixamorig_LeftHandIndex4
                        } // End of Armature_mixamorig_LeftHandIndex3
                      } // End of Armature_mixamorig_LeftHandIndex2
                    } // End of Armature_mixamorig_LeftHandIndex1
                    Frame Armature_mixamorig_LeftHandMiddle1 {
                      FrameTransformMatrix {
                         0.998731,-0.048962, 0.011801, 0.000000,
                         0.045659, 0.979102, 0.198178, 0.000000,
                        -0.021257,-0.197388, 0.980095, 0.000000,
                        -0.112401,18.009901,-0.441097, 1.000000;;
                      }
                      Frame Armature_mixamorig_LeftHandMiddle2 {
                        FrameTransformMatrix {
                           0.999507, 0.030232, 0.008465, 0.000000,
                          -0.030333, 0.860404, 0.508709, 0.000000,
                           0.008096,-0.508715, 0.860897, 0.000000,
                           0.000001, 6.842802,-0.000000, 1.000000;;
                        }
                        Frame Armature_mixamorig_LeftHandMiddle3 {
                          FrameTransformMatrix {
                             1.000000,-0.000000, 0.000000, 0.000000,
                             0.000000, 1.000000, 0.000000, 0.000000,
                            -0.000000,-0.000000, 1.000000, 0.000000,
                            -0.000000, 5.656101,-0.000001, 1.000000;;
                          }
                          Frame Armature_mixamorig_LeftHandMiddle4 {
                            FrameTransformMatrix {
                               1.000000,-0.000000,-0.000000, 0.000000,
                              -0.000000, 1.000000, 0.000000, 0.000000,
                              -0.000000,-0.000000, 1.000000, 0.000000,
                               0.000001, 4.457903, 0.000003, 1.000000;;
                            }
                          } // End of Armature_mixamorig_LeftHandMiddle4
                        } // End of Armature_mixamorig_LeftHandMiddle3
                      } // End of Armature_mixamorig_LeftHandMiddle2
                    } // End of Armature_mixamorig_LeftHandMiddle1
                    Frame Armature_mixamorig_LeftHandPinky1 {
                      FrameTransformMatrix {
                         0.985829,-0.159719,-0.051288, 0.000000,
                         0.167076, 0.907442, 0.385531, 0.000000,
                        -0.015036,-0.388636, 0.921268, 0.000000,
                        11.143604,14.820606, 0.001799, 1.000000;;
                      }
                      Frame Armature_mixamorig_LeftHandPinky2 {
                        FrameTransformMatrix {
                           0.990624, 0.132589, 0.032927, 0.000000,
                          -0.121470, 0.744529, 0.656446, 0.000000,
                           0.062522,-0.654291, 0.753654, 0.000000,
                           0.000001, 5.576307, 0.000004, 1.000000;;
                        }
                        Frame Armature_mixamorig_LeftHandPinky3 {
                          FrameTransformMatrix {
                             1.000000, 0.000000, 0.000000, 0.000000,
                            -0.000000, 1.000000,-0.000000, 0.000000,
                            -0.000000,-0.000000, 1.000000, 0.000000,
                             0.000004, 4.090200,-0.000001, 1.000000;;
                          }
                          Frame Armature_mixamorig_LeftHandPinky4 {
                            FrameTransformMatrix {
                               1.000000, 0.000000, 0.000000, 0.000000,
                              -0.000000, 1.000000,-0.000000, 0.000000,
                              -0.000000,-0.000000, 1.000000, 0.000000,
                               0.000003, 4.222310, 0.000003, 1.000000;;
                            }
                          } // End of Armature_mixamorig_LeftHandPinky4
                        } // End of Armature_mixamorig_LeftHandPinky3
                      } // End of Armature_mixamorig_LeftHandPinky2
                    } // End of Armature_mixamorig_LeftHandPinky1
                    Frame Armature_mixamorig_LeftHandRing1 {
                      FrameTransformMatrix {
                         0.992370,-0.117769,-0.036497, 0.000000,
                         0.123127, 0.931202, 0.343077, 0.000000,
                        -0.006418,-0.344953, 0.938598, 0.000000,
                         5.832504,16.592602,-0.117391, 1.000000;;
                      }
                      Frame Armature_mixamorig_LeftHandRing2 {
                        FrameTransformMatrix {
                           0.997763, 0.063119, 0.022015, 0.000000,
                          -0.063501, 0.792037, 0.607162, 0.000000,
                           0.020886,-0.607202, 0.794273, 0.000000,
                           0.000000, 6.332900, 0.000001, 1.000000;;
                        }
                        Frame Armature_mixamorig_LeftHandRing3 {
                          FrameTransformMatrix {
                             1.000000,-0.000000,-0.000000, 0.000000,
                             0.000000, 1.000000, 0.000000, 0.000000,
                             0.000000,-0.000000, 1.000000, 0.000000,
                            -0.000002, 5.608898,-0.000001, 1.000000;;
                          }
                          Frame Armature_mixamorig_LeftHandRing4 {
                            FrameTransformMatrix {
                               1.000000,-0.000000,-0.000000, 0.000000,
                               0.000000, 1.000000, 0.000000, 0.000000,
                               0.000000,-0.000000, 1.000000, 0.000000,
                               0.000001, 4.489706,-0.000005, 1.000000;;
                            }
                          } // End of Armature_mixamorig_LeftHandRing4
                        } // End of Armature_mixamorig_LeftHandRing3
                      } // End of Armature_mixamorig_LeftHandRing2
                    } // End of Armature_mixamorig_LeftHandRing1
                    Frame Armature_mixamorig_LeftHandThumb1 {
                      FrameTransformMatrix {
                         0.892185, 0.437706, 0.111441, 0.000000,
                        -0.446814, 0.819228, 0.359476, 0.000000,
                         0.066049,-0.370513, 0.926476, 0.000000,
                        -7.297901, 5.809499, 5.140804, 1.000000;;
                      }
                      Frame Armature_mixamorig_LeftHandThumb2 {
                        FrameTransformMatrix {
                           0.932957,-0.359988, 0.000602, 0.000000,
                           0.359940, 0.932858, 0.014823, 0.000000,
                          -0.005898,-0.013612, 0.999890, 0.000000,
                           0.000002, 6.981903,-0.000001, 1.000000;;
                        }
                        Frame Armature_mixamorig_LeftHandThumb3 {
                          FrameTransformMatrix {
                             1.000000, 0.000001,-0.000002, 0.000000,
                            -0.000001, 1.000000, 0.000001, 0.000000,
                             0.000002,-0.000001, 1.000000, 0.000000,
                            -0.000000, 4.446788,-0.000002, 1.000000;;
                          }
                          Frame Armature_mixamorig_LeftHandThumb4 {
                            FrameTransformMatrix {
                               1.000000,-0.000002, 0.000003, 0.000000,
                               0.000002, 1.000000,-0.000002, 0.000000,
                              -0.000003, 0.000002, 1.000000, 0.000000,
                               0.000003, 5.337996,-0.000003, 1.000000;;
                            }
                          } // End of Armature_mixamorig_LeftHandThumb4
                        } // End of Armature_mixamorig_LeftHandThumb3
                      } // End of Armature_mixamorig_LeftHandThumb2
                    } // End of Armature_mixamorig_LeftHandThumb1
                  } // End of Armature_mixamorig_LeftHand
                } // End of Armature_mixamorig_LeftForeArm
              } // End of Armature_mixamorig_LeftArm
            } // End of Armature_mixamorig_LeftShoulder
            Frame Armature_mixamorig_Neck {
              FrameTransformMatrix {
                 0.999747,-0.005257,-0.021881, 0.000000,
                 0.003600, 0.997169,-0.075111, 0.000000,
                 0.022214, 0.075013, 0.996935, 0.000000,
                 0.000002,29.862522,-6.856803, 1.000000;;
              }
              Frame Armature_mixamorig_Head {
                FrameTransformMatrix {
                   0.937032, 0.044690, 0.346373, 0.000000,
                  -0.349190, 0.102369, 0.931443, 0.000000,
                   0.006168,-0.993742, 0.111529, 0.000000,
                  -0.000002,15.812690, 4.504599, 1.000000;;
                }
                Frame Armature_mixamorig_HeadTop_End {
                  FrameTransformMatrix {
                     1.000000, 0.000000,-0.000000, 0.000000,
                    -0.000000, 1.000000,-0.000000, 0.000000,
                     0.000000, 0.000000, 1.000000, 0.000000,
                     0.000000, 8.548804,-16.914183, 1.000000;;
                  }
                } // End of Armature_mixamorig_HeadTop_End
                Frame Armature_mixamorig_RightEye {
                  FrameTransformMatrix {
                    -0.000000, 1.000000, 0.000000, 0.000000,
                     0.000000,-0.000000, 1.000000, 0.000000,
                     1.000000, 0.000000,-0.000000, 0.000000,
                    -4.116900,14.065403,-5.662593, 1.000000;;
                  }
                } // End of Armature_mixamorig_RightEye
              } // End of Armature_mixamorig_Head
            } // End of Armature_mixamorig_Neck
            Frame Armature_mixamorig_RightShoulder {
              FrameTransformMatrix {
                 0.010628,-0.025383, 0.999622, 0.000000,
                -0.814302,-0.580409,-0.006080, 0.000000,
                 0.580343,-0.813929,-0.026838, 0.000000,
                -15.693201,30.527920,-14.885502, 1.000000;;
              }
              Frame Armature_mixamorig_RightArm {
                FrameTransformMatrix {
                   0.968195,-0.078799,-0.237462, 0.000000,
                   0.203301, 0.800979, 0.563117, 0.000000,
                   0.145829,-0.593484, 0.791524, 0.000000,
                  -0.000008,18.001888,-0.000001, 1.000000;;
                }
                Frame Armature_mixamorig_RightForeArm {
                  FrameTransformMatrix {
                     0.665283,-0.737573, 0.115691, 0.000000,
                     0.740475, 0.671657, 0.023945, 0.000000,
                    -0.095365, 0.069736, 0.992997, 0.000000,
                     0.000002,37.520107, 0.000001, 1.000000;;
                  }
                  Frame Armature_mixamorig_RightHand {
                    FrameTransformMatrix {
                       0.961565, 0.020899, 0.273782, 0.000000,
                       0.062700, 0.954042,-0.293039, 0.000000,
                      -0.267324, 0.298942, 0.916063, 0.000000,
                      -0.000011,41.865723,-0.000002, 1.000000;;
                    }
                    Frame Armature_mixamorig_RightHandIndex1 {
                      FrameTransformMatrix {
                         0.991283,-0.131129,-0.012748, 0.000000,
                         0.131534, 0.990541, 0.039091, 0.000000,
                         0.007502,-0.040427, 0.999154, 0.000000,
                         6.345601,17.473017, 0.144402, 1.000000;;
                      }
                      Frame Armature_mixamorig_RightHandIndex2 {
                        FrameTransformMatrix {
                           0.999886, 0.015118,-0.000182, 0.000000,
                          -0.014451, 0.959179, 0.282429, 0.000000,
                           0.004444,-0.282394, 0.959288, 0.000000,
                           0.000002, 6.306005, 0.000006, 1.000000;;
                        }
                        Frame Armature_mixamorig_RightHandIndex3 {
                          FrameTransformMatrix {
                             1.000000, 0.000000,-0.000000, 0.000000,
                            -0.000000, 1.000000,-0.000000, 0.000000,
                             0.000000,-0.000000, 1.000000, 0.000000,
                            -0.000004, 5.287005,-0.000008, 1.000000;;
                          }
                          Frame Armature_mixamorig_RightHandIndex4 {
                            FrameTransformMatrix {
                               1.000000,-0.000000, 0.000000, 0.000000,
                               0.000000, 1.000000, 0.000000, 0.000000,
                               0.000000,-0.000000, 1.000000, 0.000000,
                              -0.000004, 4.644000, 0.000000, 1.000000;;
                            }
                          } // End of Armature_mixamorig_RightHandIndex4
                        } // End of Armature_mixamorig_RightHandIndex3
                      } // End of Armature_mixamorig_RightHandIndex2
                    } // End of Armature_mixamorig_RightHandIndex1
                    Frame Armature_mixamorig_RightHandMiddle1 {
                      FrameTransformMatrix {
                         0.986782, 0.159522, 0.028540, 0.000000,
                        -0.161872, 0.961912, 0.220280, 0.000000,
                         0.007686,-0.221988, 0.975019, 0.000000,
                         0.112399,18.009617,-0.440807, 1.000000;;
                      }
                      Frame Armature_mixamorig_RightHandMiddle2 {
                        FrameTransformMatrix {
                           0.999607,-0.026288,-0.009695, 0.000000,
                           0.028007, 0.927682, 0.372319, 0.000000,
                          -0.000793,-0.372444, 0.928054, 0.000000,
                           0.000001, 6.843002,-0.000008, 1.000000;;
                        }
                        Frame Armature_mixamorig_RightHandMiddle3 {
                          FrameTransformMatrix {
                             1.000000,-0.000000, 0.000000, 0.000000,
                             0.000000, 1.000000, 0.000000, 0.000000,
                            -0.000000,-0.000000, 1.000000, 0.000000,
                             0.000008, 5.656004, 0.000004, 1.000000;;
                          }
                          Frame Armature_mixamorig_RightHandMiddle4 {
                            FrameTransformMatrix {
                               1.000000, 0.000000, 0.000000, 0.000000,
                               0.000000, 1.000000,-0.000000, 0.000000,
                              -0.000000, 0.000000, 1.000000, 0.000000,
                               0.000002, 4.458007,-0.000001, 1.000000;;
                            }
                          } // End of Armature_mixamorig_RightHandMiddle4
                        } // End of Armature_mixamorig_RightHandMiddle3
                      } // End of Armature_mixamorig_RightHandMiddle2
                    } // End of Armature_mixamorig_RightHandMiddle1
                    Frame Armature_mixamorig_RightHandPinky1 {
                      FrameTransformMatrix {
                         0.943399, 0.324631, 0.067922, 0.000000,
                        -0.310286, 0.791565, 0.526447, 0.000000,
                         0.117136,-0.517725, 0.847490, 0.000000,
                        -11.143708,14.820514, 0.002398, 1.000000;;
                      }
                      Frame Armature_mixamorig_RightHandPinky2 {
                        FrameTransformMatrix {
                           0.994870,-0.101109,-0.003208, 0.000000,
                           0.080401, 0.771070, 0.631653, 0.000000,
                          -0.061393,-0.628671, 0.775244, 0.000000,
                          -0.000004, 5.576011, 0.000000, 1.000000;;
                        }
                        Frame Armature_mixamorig_RightHandPinky3 {
                          FrameTransformMatrix {
                             1.000000,-0.000000, 0.000000, 0.000000,
                             0.000000, 1.000000,-0.000000, 0.000000,
                             0.000000, 0.000000, 1.000000, 0.000000,
                            -0.000001, 4.089979,-0.000006, 1.000000;;
                          }
                          Frame Armature_mixamorig_RightHandPinky4 {
                            FrameTransformMatrix {
                               1.000000, 0.000000,-0.000000, 0.000000,
                              -0.000000, 1.000000, 0.000000, 0.000000,
                              -0.000000,-0.000000, 1.000000, 0.000000,
                              -0.000000, 4.223011, 0.000006, 1.000000;;
                            }
                          } // End of Armature_mixamorig_RightHandPinky4
                        } // End of Armature_mixamorig_RightHandPinky3
                      } // End of Armature_mixamorig_RightHandPinky2
                    } // End of Armature_mixamorig_RightHandPinky1
                    Frame Armature_mixamorig_RightHandRing1 {
                      FrameTransformMatrix {
                         0.964713, 0.259993, 0.041633, 0.000000,
                        -0.246726, 0.837377, 0.487777, 0.000000,
                         0.091956,-0.480836, 0.871975, 0.000000,
                        -5.832507,16.592417,-0.117306, 1.000000;;
                      }
                      Frame Armature_mixamorig_RightHandRing2 {
                        FrameTransformMatrix {
                           0.998935,-0.045883,-0.004800, 0.000000,
                           0.041462, 0.847287, 0.529515, 0.000000,
                          -0.020229,-0.529150, 0.848287, 0.000000,
                          -0.000000, 6.332999, 0.000006, 1.000000;;
                        }
                        Frame Armature_mixamorig_RightHandRing3 {
                          FrameTransformMatrix {
                             1.000000,-0.000000, 0.000000, 0.000000,
                             0.000000, 1.000000, 0.000000, 0.000000,
                            -0.000000,-0.000000, 1.000000, 0.000000,
                            -0.000002, 5.608998,-0.000002, 1.000000;;
                          }
                          Frame Armature_mixamorig_RightHandRing4 {
                            FrameTransformMatrix {
                               1.000000, 0.000000,-0.000000, 0.000000,
                              -0.000000, 1.000000,-0.000000, 0.000000,
                              -0.000000,-0.000000, 1.000000, 0.000000,
                               0.000004, 4.490026,-0.000001, 1.000000;;
                            }
                          } // End of Armature_mixamorig_RightHandRing4
                        } // End of Armature_mixamorig_RightHandRing3
                      } // End of Armature_mixamorig_RightHandRing2
                    } // End of Armature_mixamorig_RightHandRing1
                    Frame Armature_mixamorig_RightHandThumb1 {
                      FrameTransformMatrix {
                         0.895612,-0.429530, 0.115687, 0.000000,
                         0.299912, 0.775121, 0.556094, 0.000000,
                        -0.328531,-0.463348, 0.823029, 0.000000,
                         7.297801, 5.809111, 5.140993, 1.000000;;
                      }
                      Frame Armature_mixamorig_RightHandThumb2 {
                        FrameTransformMatrix {
                           0.999998, 0.001448, 0.001304, 0.000000,
                          -0.001429, 0.999890,-0.014761, 0.000000,
                          -0.001325, 0.014759, 0.999890, 0.000000,
                           0.000002, 6.982103,-0.000004, 1.000000;;
                        }
                        Frame Armature_mixamorig_RightHandThumb3 {
                          FrameTransformMatrix {
                             1.000000, 0.000000,-0.000000, 0.000000,
                            -0.000000, 1.000000, 0.000001, 0.000000,
                             0.000000,-0.000001, 1.000000, 0.000000,
                             0.000003, 4.446898, 0.000001, 1.000000;;
                          }
                          Frame Armature_mixamorig_RightHandThumb4 {
                            FrameTransformMatrix {
                               1.000000, 0.000001,-0.000001, 0.000000,
                              -0.000001, 1.000000,-0.000000, 0.000000,
                               0.000001, 0.000000, 1.000000, 0.000000,
                               0.000005, 5.338503,-0.000009, 1.000000;;
                            }
                          } // End of Armature_mixamorig_RightHandThumb4
                        } // End of Armature_mixamorig_RightHandThumb3
                      } // End of Armature_mixamorig_RightHandThumb2
                    } // End of Armature_mixamorig_RightHandThumb1
                  } // End of Armature_mixamorig_RightHand
                } // End of Armature_mixamorig_RightForeArm
              } // End of Armature_mixamorig_RightArm
            } // End of Armature_mixamorig_RightShoulder
          } // End of Armature_mixamorig_Spine2
        } // End of Armature_mixamorig_Spine1
      } // End of Armature_mixamorig_Spine
    } // End of Armature_mixamorig_Hips
  } // End of Armature
} // End of Root
AnimationSet Global {
  Animation {
    {Armature}
    AnimationKey { // Rotation
      0;
      34;
      0;4;-0.707107, 0.707107, 0.000000, 0.000000;;,
      1;4;-0.707107, 0.707107, 0.000000, 0.000000;;,
      2;4;-0.707107, 0.707107, 0.000000, 0.000000;;,
      3;4;-0.707107, 0.707107, 0.000000, 0.000000;;,
      4;4;-0.707107, 0.707107, 0.000000, 0.000000;;,
      5;4;-0.707107, 0.707107, 0.000000, 0.000000;;,
      6;4;-0.707107, 0.707107, 0.000000, 0.000000;;,
      7;4;-0.707107, 0.707107, 0.000000, 0.000000;;,
      8;4;-0.707107, 0.707107, 0.000000, 0.000000;;,
      9;4;-0.707107, 0.707107, 0.000000, 0.000000;;,
      10;4;-0.707107, 0.707107, 0.000000, 0.000000;;,
      11;4;-0.707107, 0.707107, 0.000000, 0.000000;;,
      12;4;-0.707107, 0.707107, 0.000000, 0.000000;;,
      13;4;-0.707107, 0.707107, 0.000000, 0.000000;;,
      14;4;-0.707107, 0.707107, 0.000000, 0.000000;;,
      15;4;-0.707107, 0.707107, 0.000000, 0.000000;;,
      16;4;-0.707107, 0.707107, 0.000000, 0.000000;;,
      17;4;-0.707107, 0.707107, 0.000000, 0.000000;;,
      18;4;-0.707107, 0.707107, 0.000000, 0.000000;;,
      19;4;-0.707107, 0.707107, 0.000000, 0.000000;;,
      20;4;-0.707107, 0.707107, 0.000000, 0.000000;;,
      21;4;-0.707107, 0.707107, 0.000000, 0.000000;;,
      22;4;-0.707107, 0.707107, 0.000000, 0.000000;;,
      23;4;-0.707107, 0.707107, 0.000000, 0.000000;;,
      24;4;-0.707107, 0.707107, 0.000000, 0.000000;;,
      25;4;-0.707107, 0.707107, 0.000000, 0.000000;;,
      26;4;-0.707107, 0.707107, 0.000000, 0.000000;;,
      27;4;-0.707107, 0.707107, 0.000000, 0.000000;;,
      28;4;-0.707107, 0.707107, 0.000000, 0.000000;;,
      29;4;-0.707107, 0.707107, 0.000000, 0.000000;;,
      30;4;-0.707107, 0.707107, 0.000000, 0.000000;;,
      31;4;-0.707107, 0.707107, 0.000000, 0.000000;;,
      32;4;-0.707107, 0.707107, 0.000000, 0.000000;;,
      33;4;-0.707107, 0.707107, 0.000000, 0.000000;;;
    }
    AnimationKey { // Scale
      1;
      34;
      0;3; 0.110000, 0.110000, 0.110000;;,
      1;3; 0.110000, 0.110000, 0.110000;;,
      2;3; 0.110000, 0.110000, 0.110000;;,
      3;3; 0.110000, 0.110000, 0.110000;;,
      4;3; 0.110000, 0.110000, 0.110000;;,
      5;3; 0.110000, 0.110000, 0.110000;;,
      6;3; 0.110000, 0.110000, 0.110000;;,
      7;3; 0.110000, 0.110000, 0.110000;;,
      8;3; 0.110000, 0.110000, 0.110000;;,
      9;3; 0.110000, 0.110000, 0.110000;;,
      10;3; 0.110000, 0.110000, 0.110000;;,
      11;3; 0.110000, 0.110000, 0.110000;;,
      12;3; 0.110000, 0.110000, 0.110000;;,
      13;3; 0.110000, 0.110000, 0.110000;;,
      14;3; 0.110000, 0.110000, 0.110000;;,
      15;3; 0.110000, 0.110000, 0.110000;;,
      16;3; 0.110000, 0.110000, 0.110000;;,
      17;3; 0.110000, 0.110000, 0.110000;;,
      18;3; 0.110000, 0.110000, 0.110000;;,
      19;3; 0.110000, 0.110000, 0.110000;;,
      20;3; 0.110000, 0.110000, 0.110000;;,
      21;3; 0.110000, 0.110000, 0.110000;;,
      22;3; 0.110000, 0.110000, 0.110000;;,
      23;3; 0.110000, 0.110000, 0.110000;;,
      24;3; 0.110000, 0.110000, 0.110000;;,
      25;3; 0.110000, 0.110000, 0.110000;;,
      26;3; 0.110000, 0.110000, 0.110000;;,
      27;3; 0.110000, 0.110000, 0.110000;;,
      28;3; 0.110000, 0.110000, 0.110000;;,
      29;3; 0.110000, 0.110000, 0.110000;;,
      30;3; 0.110000, 0.110000, 0.110000;;,
      31;3; 0.110000, 0.110000, 0.110000;;,
      32;3; 0.110000, 0.110000, 0.110000;;,
      33;3; 0.110000, 0.110000, 0.110000;;;
    }
    AnimationKey { // Position
      2;
      34;
      0;3; 0.000000, 0.000000, 0.000000;;,
      1;3; 0.000000, 0.000000, 0.000000;;,
      2;3; 0.000000, 0.000000, 0.000000;;,
      3;3; 0.000000, 0.000000, 0.000000;;,
      4;3; 0.000000, 0.000000, 0.000000;;,
      5;3; 0.000000, 0.000000, 0.000000;;,
      6;3; 0.000000, 0.000000, 0.000000;;,
      7;3; 0.000000, 0.000000, 0.000000;;,
      8;3; 0.000000, 0.000000, 0.000000;;,
      9;3; 0.000000, 0.000000, 0.000000;;,
      10;3; 0.000000, 0.000000, 0.000000;;,
      11;3; 0.000000, 0.000000, 0.000000;;,
      12;3; 0.000000, 0.000000, 0.000000;;,
      13;3; 0.000000, 0.000000, 0.000000;;,
      14;3; 0.000000, 0.000000, 0.000000;;,
      15;3; 0.000000, 0.000000, 0.000000;;,
      16;3; 0.000000, 0.000000, 0.000000;;,
      17;3; 0.000000, 0.000000, 0.000000;;,
      18;3; 0.000000, 0.000000, 0.000000;;,
      19;3; 0.000000, 0.000000, 0.000000;;,
      20;3; 0.000000, 0.000000, 0.000000;;,
      21;3; 0.000000, 0.000000, 0.000000;;,
      22;3; 0.000000, 0.000000, 0.000000;;,
      23;3; 0.000000, 0.000000, 0.000000;;,
      24;3; 0.000000, 0.000000, 0.000000;;,
      25;3; 0.000000, 0.000000, 0.000000;;,
      26;3; 0.000000, 0.000000, 0.000000;;,
      27;3; 0.000000, 0.000000, 0.000000;;,
      28;3; 0.000000, 0.000000, 0.000000;;,
      29;3; 0.000000, 0.000000, 0.000000;;,
      30;3; 0.000000, 0.000000, 0.000000;;,
      31;3; 0.000000, 0.000000, 0.000000;;,
      32;3; 0.000000, 0.000000, 0.000000;;,
      33;3; 0.000000, 0.000000, 0.000000;;;
    }
  }
  Animation {
    {Armature_mixamorig_Hips}
    AnimationKey { // Rotation
      0;
      34;
      0;4;-0.929029,-0.036979, 0.367960, 0.011954;;,
      1;4;-0.919473,-0.022734, 0.392488, 0.002601;;,
      2;4;-0.918097,-0.012241, 0.396166,-0.001063;;,
      3;4;-0.929959,-0.007355, 0.367588, 0.000948;;,
      4;4;-0.954191,-0.006205, 0.298986, 0.009397;;,
      5;4;-0.981410,-0.004505, 0.190963, 0.018618;;,
      6;4;-0.997970, 0.001532, 0.060510, 0.019790;;,
      7;4;-0.998400, 0.009153,-0.054828, 0.010394;;,
      8;4;-0.992339, 0.013968,-0.122693,-0.003773;;,
      9;4;-0.988010, 0.021206,-0.152009,-0.016714;;,
      10;4;-0.981171, 0.041558,-0.186541,-0.027910;;,
      11;4;-0.964700, 0.074198,-0.249761,-0.038330;;,
      12;4;-0.940127, 0.103972,-0.321006,-0.048028;;,
      13;4;-0.919143, 0.119959,-0.371293,-0.054094;;,
      14;4;-0.909413, 0.123531,-0.393358,-0.054559;;,
      15;4;-0.909437, 0.119098,-0.395163,-0.050849;;,
      16;4;-0.915714, 0.108040,-0.384537,-0.043901;;,
      17;4;-0.925978, 0.091760,-0.364732,-0.033409;;,
      18;4;-0.938851, 0.074101,-0.335679,-0.019677;;,
      19;4;-0.953352, 0.058503,-0.296091,-0.005272;;,
      20;4;-0.968830, 0.044470,-0.243611, 0.006675;;,
      21;4;-0.983792, 0.029841,-0.176203, 0.014712;;,
      22;4;-0.994967, 0.015317,-0.096942, 0.020196;;,
      23;4;-0.999526, 0.004226,-0.014931, 0.026588;;,
      24;4;-0.997537,-0.001450, 0.061773, 0.033192;;,
      25;4;-0.990682,-0.003004, 0.131452, 0.035496;;,
      26;4;-0.980176,-0.003394, 0.195670, 0.030922;;,
      27;4;-0.967108,-0.006005, 0.253323, 0.022223;;,
      28;4;-0.954075,-0.012331, 0.298998, 0.013772;;,
      29;4;-0.944073,-0.019065, 0.329059, 0.009106;;,
      30;4;-0.937675,-0.022661, 0.346648, 0.009291;;,
      31;4;-0.933507,-0.025127, 0.357475, 0.012034;;,
      32;4;-0.930605,-0.029959, 0.364548, 0.013508;;,
      33;4;-0.929028,-0.037070, 0.367961, 0.011725;;;
    }
    AnimationKey { // Scale
      1;
      34;
      0;3; 1.000000, 1.000000, 1.000000;;,
      1;3; 1.000000, 1.000000, 1.000000;;,
      2;3; 1.000000, 1.000000, 1.000000;;,
      3;3; 1.000000, 1.000000, 1.000000;;,
      4;3; 1.000000, 1.000000, 1.000000;;,
      5;3; 1.000000, 1.000000, 1.000000;;,
      6;3; 1.000000, 1.000000, 1.000000;;,
      7;3; 1.000000, 1.000000, 1.000000;;,
      8;3; 1.000000, 1.000000, 1.000000;;,
      9;3; 1.000000, 1.000000, 1.000000;;,
      10;3; 1.000000, 1.000000, 1.000000;;,
      11;3; 1.000000, 1.000000, 1.000000;;,
      12;3; 1.000000, 1.000000, 1.000000;;,
      13;3; 1.000000, 1.000000, 1.000000;;,
      14;3; 1.000000, 1.000000, 1.000000;;,
      15;3; 1.000000, 1.000000, 1.000000;;,
      16;3; 1.000000, 1.000000, 1.000000;;,
      17;3; 1.000000, 1.000000, 1.000000;;,
      18;3; 1.000000, 1.000000, 1.000000;;,
      19;3; 1.000000, 1.000000, 1.000000;;,
      20;3; 1.000000, 1.000000, 1.000000;;,
      21;3; 1.000000, 1.000000, 1.000000;;,
      22;3; 1.000000, 1.000000, 1.000000;;,
      23;3; 1.000000, 1.000000, 1.000000;;,
      24;3; 1.000000, 1.000000, 1.000000;;,
      25;3; 1.000000, 1.000000, 1.000000;;,
      26;3; 1.000000, 1.000000, 1.000000;;,
      27;3; 1.000000, 1.000000, 1.000000;;,
      28;3; 1.000000, 1.000000, 1.000000;;,
      29;3; 1.000000, 1.000000, 1.000000;;,
      30;3; 1.000000, 1.000000, 1.000000;;,
      31;3; 1.000000, 1.000000, 1.000000;;,
      32;3; 1.000000, 1.000000, 1.000000;;,
      33;3; 1.000000, 1.000000, 1.000000;;;
    }
    AnimationKey { // Position
      2;
      34;
      0;3;-1.527418,90.502235,-1.566109;;,
      1;3;-1.527415,88.354195,-1.566109;;,
      2;3;-1.527410,85.809380,-1.566109;;,
      3;3;-1.527406,83.597824,-1.566109;;,
      4;3;-1.527404,82.117874,-1.566109;;,
      5;3;-1.527403,81.523720,-1.566109;;,
      6;3;-1.527402,81.353958,-1.566109;;,
      7;3;-1.527401,80.607018,-1.566109;;,
      8;3;-1.527398,79.100029,-1.566109;;,
      9;3;-1.527396,77.461731,-1.566109;;,
      10;3;-1.527393,76.169937,-1.566109;;,
      11;3;-1.527392,75.128571,-1.566109;;,
      12;3;-1.527390,74.048798,-1.566109;;,
      13;3;-1.527388,73.157433,-1.566109;;,
      14;3;-1.527387,72.675247,-1.566109;;,
      15;3;-1.527387,72.636284,-1.566109;;,
      16;3;-1.527388,72.952911,-1.566109;;,
      17;3;-1.527389,73.586479,-1.566109;;,
      18;3;-1.527390,74.503700,-1.566109;;,
      19;3;-1.527393,75.665085,-1.566109;;,
      20;3;-1.527395,77.089867,-1.566109;;,
      21;3;-1.527398,78.683128,-1.566109;;,
      22;3;-1.527400,80.250137,-1.566109;;,
      23;3;-1.527403,81.956749,-1.566109;;,
      24;3;-1.527407,83.855217,-1.566109;;,
      25;3;-1.527410,85.740227,-1.566109;;,
      26;3;-1.527413,87.353958,-1.566109;;,
      27;3;-1.527415,88.491501,-1.566109;;,
      28;3;-1.527416,89.229706,-1.566109;;,
      29;3;-1.527417,89.745377,-1.566109;;,
