xof 0303txt 0032

template XSkinMeshHeader {
  <3cf169ce-ff7c-44ab-93c0-f78f62d172e2>
  WORD nMaxSkinWeightsPerVertex;
  WORD nMaxSkinWeightsPerFace;
  WORD nBones;
}

template SkinWeights {
  <6f0d123b-bad2-4167-a0d0-80224f25fabb>
  STRING transformNodeName;
  DWORD nWeights;
  array DWORD vertexIndices[nWeights];
  array float weights[nWeights];
  Matrix4x4 matrixOffset;
}

Frame Root {
  FrameTransformMatrix {
     1.000000, 0.000000, 0.000000, 0.000000,
     0.000000,-0.000000, 1.000000, 0.000000,
     0.000000, 1.000000, 0.000000, 0.000000,
     0.000000, 0.000000, 0.000000, 1.000000;;
  }
  Frame Armature {
    FrameTransformMatrix {
       0.110000, 0.000000, 0.000000, 0.000000,
       0.000000,-0.000000, 0.110000, 0.000000,
       0.000000,-0.110000,-0.000000, 0.000000,
       0.000000, 0.000000, 0.000000, 1.000000;;
    }
    Frame Armature_mixamorig_Hips {
      FrameTransformMatrix {
         0.965055,-0.119054, 0.233443, 0.000000,
         0.044785, 0.952665, 0.300706, 0.000000,
        -0.258193,-0.279743, 0.924705, 0.000000,
         1.843495,72.350769,-1.158692, 1.000000;;
      }
      Frame Armature_mixamorig_LeftUpLeg {
        FrameTransformMatrix {
          -0.999735,-0.018256, 0.013996, 0.000000,
           0.011869, 0.111794, 0.993656, 0.000000,
          -0.019705, 0.993563,-0.111549, 0.000000,
          15.658502,-8.406804, 1.467001, 1.000000;;
        }
        Frame Armature_mixamorig_LeftLeg {
          FrameTransformMatrix {
             0.988779, 0.112061, 0.098780, 0.000000,
             0.047621, 0.390297,-0.919457, 0.000000,
            -0.141589, 0.913844, 0.380581, 0.000000,
            -0.000001,37.074814,-0.000002, 1.000000;;
          }
          Frame Armature_mixamorig_LeftFoot {
            FrameTransformMatrix {
               0.724650, 0.365773, 0.584031, 0.000000,
              -0.640758, 0.669528, 0.375717, 0.000000,
              -0.253598,-0.646486, 0.719545, 0.000000,
              -0.000001,38.107529,-0.000001, 1.000000;;
            }
            Frame Armature_mixamorig_LeftToeBase {
              FrameTransformMatrix {
                 0.991692,-0.071619, 0.106853, 0.000000,
                -0.031344, 0.671098, 0.740706, 0.000000,
                -0.124758,-0.737902, 0.663277, 0.000000,
                 0.000001,27.500038,-0.000004, 1.000000;;
              }
              Frame Armature_mixamorig_LeftToe_End {
                FrameTransformMatrix {
                   1.000000,-0.000000,-0.000000, 0.000000,
                   0.000000, 1.000000, 0.000000, 0.000000,
                   0.000000,-0.000000, 1.000000, 0.000000,
                  -0.000004,18.087688,-0.000001, 1.000000;;
                }
              } // End of Armature_mixamorig_LeftToe_End
            } // End of Armature_mixamorig_LeftToeBase
          } // End of Armature_mixamorig_LeftFoot
        } // End of Armature_mixamorig_LeftLeg
      } // End of Armature_mixamorig_LeftUpLeg
      Frame Armature_mixamorig_RightUpLeg {
        FrameTransformMatrix {
          -0.981285,-0.064896,-0.181293, 0.000000,
           0.096247,-0.980753,-0.169880, 0.000000,
          -0.166780,-0.184152, 0.968640, 0.000000,
          -15.658501,-8.406807, 1.467001, 1.000000;;
        }
        Frame Armature_mixamorig_RightLeg {
          FrameTransformMatrix {
             0.962598,-0.061176,-0.263938, 0.000000,
            -0.191524, 0.535404,-0.822594, 0.000000,
             0.191637, 0.842377, 0.503662, 0.000000,
             0.000000,37.074715,-0.000003, 1.000000;;
          }
          Frame Armature_mixamorig_RightFoot {
            FrameTransformMatrix {
               0.873979, 0.454974,-0.170763, 0.000000,
               0.180957, 0.021433, 0.983257, 0.000000,
               0.451016,-0.890247,-0.063599, 0.000000,
              -0.000003,38.107533,-0.000001, 1.000000;;
            }
            Frame Armature_mixamorig_RightToeBase {
              FrameTransformMatrix {
                 0.967164, 0.197210,-0.160320, 0.000000,
                 0.143249, 0.098072, 0.984816, 0.000000,
                 0.209939,-0.975444, 0.066601, 0.000000,
                -0.000004,27.500038, 0.000000, 1.000000;;
              }
              Frame Armature_mixamorig_RightToe_End {
                FrameTransformMatrix {
                   1.000000, 0.000000, 0.000000, 0.000000,
                  -0.000000, 1.000000, 0.000000, 0.000000,
                  -0.000000,-0.000000, 1.000000, 0.000000,
                  -0.000007,18.088081,-0.000000, 1.000000;;
                }
              } // End of Armature_mixamorig_RightToe_End
            } // End of Armature_mixamorig_RightToeBase
          } // End of Armature_mixamorig_RightFoot
        } // End of Armature_mixamorig_RightLeg
      } // End of Armature_mixamorig_RightUpLeg
      Frame Armature_mixamorig_Spine {
        FrameTransformMatrix {
           0.952790,-0.110801,-0.282693, 0.000000,
           0.159209, 0.975095, 0.154412, 0.000000,
           0.258543,-0.192129, 0.946700, 0.000000,
           0.000000,12.947399, 1.306903, 1.000000;;
        }
        Frame Armature_mixamorig_Spine1 {
          FrameTransformMatrix {
             0.997453, 0.000816,-0.071317, 0.000000,
             0.002081, 0.999176, 0.040534, 0.000000,
             0.071291,-0.040579, 0.996630, 0.000000,
            -0.000001,11.650508, 0.000007, 1.000000;;
          }
          Frame Armature_mixamorig_Spine2 {
            FrameTransformMatrix {
               0.997154,-0.001548,-0.075372, 0.000000,
               0.005420, 0.998674, 0.051195, 0.000000,
               0.075193,-0.051458, 0.995841, 0.000000,
               0.000000,11.899611, 0.000003, 1.000000;;
            }
            Frame Armature_mixamorig_LeftShoulder {
              FrameTransformMatrix {
                 0.021858, 0.020892,-0.999543, 0.000000,
                 0.734588,-0.678511, 0.001882, 0.000000,
                -0.678161,-0.734294,-0.030178, 0.000000,
                15.693202,30.527597,-14.885509, 1.000000;;
              }
              Frame Armature_mixamorig_LeftArm {
                FrameTransformMatrix {
                   0.841343,-0.395852, 0.368027, 0.000000,
                   0.285959, 0.903796, 0.318400, 0.000000,
                  -0.458661,-0.162643, 0.873600, 0.000000,
                  -0.000006,18.001997, 0.000004, 1.000000;;
                }
                Frame Armature_mixamorig_LeftForeArm {
                  FrameTransformMatrix {
                     0.982544, 0.186032,-0.000000, 0.000000,
                    -0.186032, 0.982544, 0.000000, 0.000000,
                     0.000000,-0.000000, 1.000000, 0.000000,
                     0.000000,37.520096, 0.000001, 1.000000;;
                  }
                  Frame Armature_mixamorig_LeftHand {
                    FrameTransformMatrix {
                       0.910024, 0.330716,-0.249968, 0.000000,
                      -0.388988, 0.889688,-0.239046, 0.000000,
                       0.143338, 0.314772, 0.938282, 0.000000,
                       0.000000,41.865608, 0.000000, 1.000000;;
                    }
                    Frame Armature_mixamorig_LeftHandIndex1 {
                      FrameTransformMatrix {
                         0.993272, 0.111939, 0.029664, 0.000000,
                        -0.115558, 0.974763, 0.191007, 0.000000,
                        -0.007534,-0.193150, 0.981140, 0.000000,
                        -6.345699,17.472898, 0.144207, 1.000000;;
                      }
                      Frame Armature_mixamorig_LeftHandIndex2 {
                        FrameTransformMatrix {
                           0.999550,-0.029702,-0.004263, 0.000000,
                           0.029702, 0.959197, 0.281175, 0.000000,
                          -0.004263,-0.281175, 0.959647, 0.000000,
                           0.000003, 6.306500,-0.000009, 1.000000;;
                        }
                        Frame Armature_mixamorig_LeftHandIndex3 {
                          FrameTransformMatrix {
                             0.999525,-0.030484,-0.004495, 0.000000,
                             0.030484, 0.956970, 0.288581, 0.000000,
                            -0.004495,-0.288581, 0.957445, 0.000000,
                             0.000002, 5.287009,-0.000008, 1.000000;;
                          }
                          Frame Armature_mixamorig_LeftHandIndex4 {
                            FrameTransformMatrix {
                               1.000000,-0.000000,-0.000000, 0.000000,
                              -0.000000, 1.000000,-0.000000, 0.000000,
                              -0.000000, 0.000000, 1.000000, 0.000000,
                               0.000002, 4.643600,-0.000003, 1.000000;;
                            }
                          } // End of Armature_mixamorig_LeftHandIndex4
                        } // End of Armature_mixamorig_LeftHandIndex3
                      } // End of Armature_mixamorig_LeftHandIndex2
                    } // End of Armature_mixamorig_LeftHandIndex1
                    Frame Armature_mixamorig_LeftHandMiddle1 {
                      FrameTransformMatrix {
                         0.999612, 0.017647, 0.021539, 0.000000,
                        -0.023239, 0.954835, 0.296225, 0.000000,
                        -0.015339,-0.296611, 0.954875, 0.000000,
                        -0.112401,18.009893,-0.441088, 1.000000;;
                      }
                      Frame Armature_mixamorig_LeftHandMiddle2 {
                        FrameTransformMatrix {
                           0.999264,-0.037729,-0.006970, 0.000000,
                           0.037729, 0.933280, 0.357163, 0.000000,
                          -0.006970,-0.357163, 0.934016, 0.000000,
                          -0.000002, 6.842806,-0.000001, 1.000000;;
                        }
                        Frame Armature_mixamorig_LeftHandMiddle3 {
                          FrameTransformMatrix {
                             0.999115,-0.041225,-0.008380, 0.000000,
                             0.041225, 0.919783, 0.390257, 0.000000,
                            -0.008380,-0.390257, 0.920668, 0.000000,
                             0.000006, 5.656100,-0.000002, 1.000000;;
                          }
                          Frame Armature_mixamorig_LeftHandMiddle4 {
                            FrameTransformMatrix {
                               1.000000, 0.000000, 0.000000, 0.000000,
                              -0.000000, 1.000000, 0.000000, 0.000000,
                              -0.000000,-0.000000, 1.000000, 0.000000,
                               0.000008, 4.457905,-0.000002, 1.000000;;
                            }
                          } // End of Armature_mixamorig_LeftHandMiddle4
                        } // End of Armature_mixamorig_LeftHandMiddle3
                      } // End of Armature_mixamorig_LeftHandMiddle2
                    } // End of Armature_mixamorig_LeftHandMiddle1
                    Frame Armature_mixamorig_LeftHandPinky1 {
                      FrameTransformMatrix {
                         0.997437,-0.071506,-0.002672, 0.000000,
                         0.062244, 0.848620, 0.525328, 0.000000,
                        -0.035296,-0.524148, 0.850895, 0.000000,
                        11.143600,14.820601, 0.001802, 1.000000;;
                      }
                      Frame Armature_mixamorig_LeftHandPinky2 {
                        FrameTransformMatrix {
                           0.998520,-0.052554,-0.014013, 0.000000,
                           0.052554, 0.865867, 0.497506, 0.000000,
                          -0.014013,-0.497506, 0.867347, 0.000000,
                           0.000008, 5.576303, 0.000004, 1.000000;;
                        }
                        Frame Armature_mixamorig_LeftHandPinky3 {
                          FrameTransformMatrix {
                             0.998520,-0.052542,-0.014006, 0.000000,
                             0.052542, 0.865935, 0.497388, 0.000000,
                            -0.014006,-0.497388, 0.867415, 0.000000,
                            -0.000006, 4.090193,-0.000009, 1.000000;;
                          }
                          Frame Armature_mixamorig_LeftHandPinky4 {
                            FrameTransformMatrix {
                               1.000000,-0.000000,-0.000000, 0.000000,
                               0.000000, 1.000000, 0.000000, 0.000000,
                              -0.000000,-0.000000, 1.000000, 0.000000,
                              -0.000008, 4.222303,-0.000008, 1.000000;;
                            }
                          } // End of Armature_mixamorig_LeftHandPinky4
                        } // End of Armature_mixamorig_LeftHandPinky3
                      } // End of Armature_mixamorig_LeftHandPinky2
                    } // End of Armature_mixamorig_LeftHandPinky1
                    Frame Armature_mixamorig_LeftHandRing1 {
                      FrameTransformMatrix {
                         0.998274,-0.058723, 0.000699, 0.000000,
                         0.053059, 0.906962, 0.417857, 0.000000,
                        -0.025172,-0.417098, 0.908512, 0.000000,
                         5.832503,16.592596,-0.117378, 1.000000;;
                      }
                      Frame Armature_mixamorig_LeftHandRing2 {
                        FrameTransformMatrix {
                           0.999047,-0.042704,-0.009021, 0.000000,
                           0.042704, 0.913650, 0.404253, 0.000000,
                          -0.009021,-0.404253, 0.914603, 0.000000,
                           0.000002, 6.332895, 0.000004, 1.000000;;
                        }
                        Frame Armature_mixamorig_LeftHandRing3 {
                          FrameTransformMatrix {
                             0.998885,-0.046015,-0.010555, 0.000000,
                             0.046015, 0.898961, 0.435605, 0.000000,
                            -0.010555,-0.435605, 0.900076, 0.000000,
                             0.000004, 5.608905,-0.000002, 1.000000;;
                          }
                          Frame Armature_mixamorig_LeftHandRing4 {
                            FrameTransformMatrix {
                               1.000000, 0.000000,-0.000000, 0.000000,
                               0.000000, 1.000000,-0.000000, 0.000000,
                              -0.000000,-0.000000, 1.000000, 0.000000,
                              -0.000008, 4.489700, 0.000000, 1.000000;;
                            }
                          } // End of Armature_mixamorig_LeftHandRing4
                        } // End of Armature_mixamorig_LeftHandRing3
                      } // End of Armature_mixamorig_LeftHandRing2
                    } // End of Armature_mixamorig_LeftHandRing1
                    Frame Armature_mixamorig_LeftHandThumb1 {
                      FrameTransformMatrix {
                         0.794926, 0.606413, 0.018854, 0.000000,
                        -0.576762, 0.745685, 0.333616, 0.000000,
                         0.188250,-0.276074, 0.942520, 0.000000,
                        -7.297902, 5.809496, 5.140819, 1.000000;;
                      }
                      Frame Armature_mixamorig_LeftHandThumb2 {
                        FrameTransformMatrix {
                           0.876504,-0.476424, 0.068991, 0.000000,
                           0.473895, 0.879141, 0.050349, 0.000000,
                          -0.084640,-0.011436, 0.996346, 0.000000,
                           0.000003, 6.981900,-0.000001, 1.000000;;
                        }
                        Frame Armature_mixamorig_LeftHandThumb3 {
                          FrameTransformMatrix {
                             0.970330, 0.235800,-0.053465, 0.000000,
                            -0.241770, 0.943789,-0.225409, 0.000000,
                            -0.002692, 0.231647, 0.972796, 0.000000,
                            -0.000001, 4.446794,-0.000003, 1.000000;;
                          }
                          Frame Armature_mixamorig_LeftHandThumb4 {
                            FrameTransformMatrix {
                               1.000000,-0.000002, 0.000003, 0.000000,
                               0.000002, 1.000000,-0.000002, 0.000000,
                              -0.000003, 0.000002, 1.000000, 0.000000,
                               0.000001, 5.337993,-0.000008, 1.000000;;
                            }
                          } // End of Armature_mixamorig_LeftHandThumb4
                        } // End of Armature_mixamorig_LeftHandThumb3
                      } // End of Armature_mixamorig_LeftHandThumb2
                    } // End of Armature_mixamorig_LeftHandThumb1
                  } // End of Armature_mixamorig_LeftHand
                } // End of Armature_mixamorig_LeftForeArm
              } // End of Armature_mixamorig_LeftArm
            } // End of Armature_mixamorig_LeftShoulder
            Frame Armature_mixamorig_Neck {
              FrameTransformMatrix {
                 0.996250, 0.076679, 0.040078, 0.000000,
                -0.076127, 0.996983,-0.015120, 0.000000,
                -0.041116, 0.012012, 0.999082, 0.000000,
                -0.000000,29.862505,-6.856808, 1.000000;;
              }
              Frame Armature_mixamorig_Head {
                FrameTransformMatrix {
                   0.968312, 0.210451, 0.134468, 0.000000,
                  -0.161983, 0.119425, 0.979540, 0.000000,
                   0.190087,-0.970282, 0.149730, 0.000000,
                   0.000002,15.812703, 4.504598, 1.000000;;
                }
                Frame Armature_mixamorig_HeadTop_End {
                  FrameTransformMatrix {
                     1.000000,-0.000000, 0.000000, 0.000000,
                     0.000000, 1.000000, 0.000000, 0.000000,
                     0.000000, 0.000000, 1.000000, 0.000000,
                    -0.000002, 8.548806,-16.914154, 1.000000;;
                  }
                } // End of Armature_mixamorig_HeadTop_End
                Frame Armature_mixamorig_RightEye {
                  FrameTransformMatrix {
                    -0.000000, 1.000000, 0.000000, 0.000000,
                     0.000000,-0.000000, 1.000000, 0.000000,
                     1.000000, 0.000000,-0.000000, 0.000000,
                    -4.116902,14.065408,-5.662562, 1.000000;;
                  }
                } // End of Armature_mixamorig_RightEye
              } // End of Armature_mixamorig_Head
            } // End of Armature_mixamorig_Neck
            Frame Armature_mixamorig_RightShoulder {
              FrameTransformMatrix {
                 0.205480,-0.049689, 0.977399, 0.000000,
                -0.910948,-0.374741, 0.172459, 0.000000,
                 0.357702,-0.925797,-0.122266, 0.000000,
                -15.693202,30.527910,-14.885509, 1.000000;;
              }
              Frame Armature_mixamorig_RightArm {
                FrameTransformMatrix {
                   0.270486,-0.922254, 0.276197, 0.000000,
                   0.846644, 0.091302,-0.524270, 0.000000,
                   0.458293, 0.375648, 0.805516, 0.000000,
                   0.000009,18.001902, 0.000002, 1.000000;;
                }
                Frame Armature_mixamorig_RightForeArm {
                  FrameTransformMatrix {
                    -0.082105,-0.996624,-0.000006, 0.000000,
                     0.996624,-0.082105, 0.000005, 0.000000,
                    -0.000006,-0.000005, 1.000000, 0.000000,
                    -0.000000,37.520103,-0.000013, 1.000000;;
                  }
                  Frame Armature_mixamorig_RightHand {
                    FrameTransformMatrix {
                       0.898459,-0.344473, 0.272231, 0.000000,
                       0.373472, 0.925611,-0.061349, 0.000000,
                      -0.230847, 0.156790, 0.960274, 0.000000,
                      -0.000002,41.865711, 0.000005, 1.000000;;
                    }
                    Frame Armature_mixamorig_RightHandIndex1 {
                      FrameTransformMatrix {
                         0.996893, 0.078417, 0.007377, 0.000000,
                        -0.078171, 0.973585, 0.214527, 0.000000,
                         0.009641,-0.214437, 0.976690, 0.000000,
                         6.345606,17.473007, 0.144393, 1.000000;;
                      }
                      Frame Armature_mixamorig_RightHandIndex2 {
                        FrameTransformMatrix {
                           0.999740, 0.022605, 0.003077, 0.000000,
                          -0.022606, 0.963365, 0.267239, 0.000000,
                           0.003077,-0.267239, 0.963625, 0.000000,
                           0.000000, 6.306004, 0.000006, 1.000000;;
                        }
                        Frame Armature_mixamorig_RightHandIndex3 {
                          FrameTransformMatrix {
                             0.999740, 0.022599, 0.003075, 0.000000,
                            -0.022599, 0.963387, 0.267160, 0.000000,
                             0.003075,-0.267160, 0.963647, 0.000000,
                             0.000002, 5.286998, 0.000010, 1.000000;;
                          }
                          Frame Armature_mixamorig_RightHandIndex4 {
                            FrameTransformMatrix {
                               1.000000, 0.000000, 0.000000, 0.000000,
                               0.000000, 1.000000, 0.000000, 0.000000,
                              -0.000000,-0.000000, 1.000000, 0.000000,
                               0.000001, 4.644002, 0.000005, 1.000000;;
                            }
                          } // End of Armature_mixamorig_RightHandIndex4
                        } // End of Armature_mixamorig_RightHandIndex3
                      } // End of Armature_mixamorig_RightHandIndex2
                    } // End of Armature_mixamorig_RightHandIndex1
                    Frame Armature_mixamorig_RightHandMiddle1 {
                      FrameTransformMatrix {
                         0.994615, 0.100558, 0.025084, 0.000000,
                        -0.098946, 0.849329, 0.518507, 0.000000,
                         0.030836,-0.518197, 0.854705, 0.000000,
                         0.112404,18.009607,-0.440808, 1.000000;;
                      }
                      Frame Armature_mixamorig_RightHandMiddle2 {
                        FrameTransformMatrix {
                           0.998750, 0.047744, 0.014773, 0.000000,
                          -0.047744, 0.824106, 0.564420, 0.000000,
                           0.014773,-0.564420, 0.825356, 0.000000,
                           0.000002, 6.842991, 0.000003, 1.000000;;
                        }
                        Frame Armature_mixamorig_RightHandMiddle3 {
                          FrameTransformMatrix {
                             0.998607, 0.050129, 0.016468, 0.000000,
                            -0.050129, 0.803926, 0.592614, 0.000000,
                             0.016468,-0.592614, 0.805318, 0.000000,
                            -0.000006, 5.656002, 0.000006, 1.000000;;
                          }
                          Frame Armature_mixamorig_RightHandMiddle4 {
                            FrameTransformMatrix {
                               1.000000, 0.000000, 0.000000, 0.000000,
                               0.000000, 1.000000,-0.000000, 0.000000,
                              -0.000000, 0.000000, 1.000000, 0.000000,
                               0.000002, 4.458010,-0.000002, 1.000000;;
                            }
                          } // End of Armature_mixamorig_RightHandMiddle4
                        } // End of Armature_mixamorig_RightHandMiddle3
                      } // End of Armature_mixamorig_RightHandMiddle2
                    } // End of Armature_mixamorig_RightHandMiddle1
                    Frame Armature_mixamorig_RightHandPinky1 {
                      FrameTransformMatrix {
                         0.991671, 0.117566, 0.052607, 0.000000,
                        -0.113323, 0.602302, 0.790184, 0.000000,
                         0.061213,-0.789564, 0.610608, 0.000000,
                        -11.143704,14.820506, 0.002388, 1.000000;;
                      }
                      Frame Armature_mixamorig_RightHandPinky2 {
                        FrameTransformMatrix {
                           0.997300, 0.066133, 0.031915, 0.000000,
                          -0.066133, 0.620003, 0.781808, 0.000000,
                           0.031916,-0.781808, 0.622702, 0.000000,
                           0.000004, 5.576017, 0.000002, 1.000000;;
                        }
                        Frame Armature_mixamorig_RightHandPinky3 {
                          FrameTransformMatrix {
                             0.997301, 0.066125, 0.031906, 0.000000,
                            -0.066125, 0.620123, 0.781712, 0.000000,
                             0.031905,-0.781713, 0.622822, 0.000000,
                            -0.000004, 4.089988, 0.000003, 1.000000;;
                          }
                          Frame Armature_mixamorig_RightHandPinky4 {
                            FrameTransformMatrix {
                               1.000000,-0.000000, 0.000000, 0.000000,
                               0.000000, 1.000000, 0.000000, 0.000000,
                               0.000000,-0.000000, 1.000000, 0.000000,
                              -0.000011, 4.223009, 0.000006, 1.000000;;
                            }
                          } // End of Armature_mixamorig_RightHandPinky4
                        } // End of Armature_mixamorig_RightHandPinky3
                      } // End of Armature_mixamorig_RightHandPinky2
                    } // End of Armature_mixamorig_RightHandPinky1
                    Frame Armature_mixamorig_RightHandRing1 {
                      FrameTransformMatrix {
                         0.993132, 0.110506, 0.038438, 0.000000,
                        -0.107630, 0.734070, 0.670490, 0.000000,
                         0.045877,-0.670022, 0.740923, 0.000000,
                        -5.832503,16.592409,-0.117310, 1.000000;;
                      }
                      Frame Armature_mixamorig_RightHandRing2 {
                        FrameTransformMatrix {
                           0.998137, 0.056903, 0.022028, 0.000000,
                          -0.056903, 0.737723, 0.672701, 0.000000,
                           0.022028,-0.672701, 0.739586, 0.000000,
                          -0.000005, 6.333001,-0.000008, 1.000000;;
                        }
                        Frame Armature_mixamorig_RightHandRing3 {
                          FrameTransformMatrix {
                             0.997967, 0.059029, 0.024036, 0.000000,
                            -0.059029, 0.713823, 0.697834, 0.000000,
                             0.024036,-0.697834, 0.715856, 0.000000,
                             0.000006, 5.608993, 0.000000, 1.000000;;
                          }
                          Frame Armature_mixamorig_RightHandRing4 {
                            FrameTransformMatrix {
                               1.000000, 0.000000, 0.000000, 0.000000,
                              -0.000000, 1.000000,-0.000000, 0.000000,
                               0.000000, 0.000000, 1.000000, 0.000000,
                               0.000000, 4.490026,-0.000001, 1.000000;;
                            }
                          } // End of Armature_mixamorig_RightHandRing4
                        } // End of Armature_mixamorig_RightHandRing3
                      } // End of Armature_mixamorig_RightHandRing2
                    } // End of Armature_mixamorig_RightHandRing1
                    Frame Armature_mixamorig_RightHandThumb1 {
                      FrameTransformMatrix {
                         0.511742,-0.846147,-0.148845, 0.000000,
                         0.842517, 0.460337, 0.279742, 0.000000,
                        -0.168184,-0.268560, 0.948467, 0.000000,
                         7.297804, 5.809101, 5.140994, 1.000000;;
                      }
                      Frame Armature_mixamorig_RightHandThumb2 {
                        FrameTransformMatrix {
                           0.677652, 0.724915,-0.123634, 0.000000,
                          -0.728633, 0.684602, 0.020373, 0.000000,
                           0.099409, 0.076278, 0.992119, 0.000000,
                           0.000000, 6.982109, 0.000002, 1.000000;;
                        }
                        Frame Armature_mixamorig_RightHandThumb3 {
                          FrameTransformMatrix {
                             0.999226,-0.022026, 0.032594, 0.000000,
                             0.030225, 0.960179,-0.277745, 0.000000,
                            -0.025178, 0.278515, 0.960102, 0.000000,
                            -0.000004, 4.446890, 0.000006, 1.000000;;
                          }
                          Frame Armature_mixamorig_RightHandThumb4 {
                            FrameTransformMatrix {
                               1.000000, 0.000001,-0.000001, 0.000000,
                              -0.000001, 1.000000,-0.000000, 0.000000,
                               0.000001, 0.000000, 1.000000, 0.000000,
                               0.000000, 5.338506, 0.000006, 1.000000;;
                            }
                          } // End of Armature_mixamorig_RightHandThumb4
                        } // End of Armature_mixamorig_RightHandThumb3
                      } // End of Armature_mixamorig_RightHandThumb2
                    } // End of Armature_mixamorig_RightHandThumb1
                  } // End of Armature_mixamorig_RightHand
                } // End of Armature_mixamorig_RightForeArm
              } // End of Armature_mixamorig_RightArm
            } // End of Armature_mixamorig_RightShoulder
          } // End of Armature_mixamorig_Spine2
        } // End of Armature_mixamorig_Spine1
      } // End of Armature_mixamorig_Spine
    } // End of Armature_mixamorig_Hips
  } // End of Armature
} // End of Root
AnimationSet Global {
  Animation {
    {Armature}
    AnimationKey { // Rotation
      0;
      53;
      0;4;-0.707107, 0.707107, 0.000000, 0.000000;;,
      1;4;-0.707107, 0.707107, 0.000000, 0.000000;;,
      2;4;-0.707107, 0.707107, 0.000000, 0.000000;;,
      3;4;-0.707107, 0.707107, 0.000000, 0.000000;;,
      4;4;-0.707107, 0.707107, 0.000000, 0.000000;;,
      5;4;-0.707107, 0.707107, 0.000000, 0.000000;;,
      6;4;-0.707107, 0.707107, 0.000000, 0.000000;;,
      7;4;-0.707107, 0.707107, 0.000000, 0.000000;;,
      8;4;-0.707107, 0.707107, 0.000000, 0.000000;;,
      9;4;-0.707107, 0.707107, 0.000000, 0.000000;;,
      10;4;-0.707107, 0.707107, 0.000000, 0.000000;;,
      11;4;-0.707107, 0.707107, 0.000000, 0.000000;;,
      12;4;-0.707107, 0.707107, 0.000000, 0.000000;;,
      13;4;-0.707107, 0.707107, 0.000000, 0.000000;;,
      14;4;-0.707107, 0.707107, 0.000000, 0.000000;;,
      15;4;-0.707107, 0.707107, 0.000000, 0.000000;;,
      16;4;-0.707107, 0.707107, 0.000000, 0.000000;;,
      17;4;-0.707107, 0.707107, 0.000000, 0.000000;;,
      18;4;-0.707107, 0.707107, 0.000000, 0.000000;;,
      19;4;-0.707107, 0.707107, 0.000000, 0.000000;;,
      20;4;-0.707107, 0.707107, 0.000000, 0.000000;;,
      21;4;-0.707107, 0.707107, 0.000000, 0.000000;;,
      22;4;-0.707107, 0.707107, 0.000000, 0.000000;;,
      23;4;-0.707107, 0.707107, 0.000000, 0.000000;;,
      24;4;-0.707107, 0.707107, 0.000000, 0.000000;;,
      25;4;-0.707107, 0.707107, 0.000000, 0.000000;;,
      26;4;-0.707107, 0.707107, 0.000000, 0.000000;;,
      27;4;-0.707107, 0.707107, 0.000000, 0.000000;;,
      28;4;-0.707107, 0.707107, 0.000000, 0.000000;;,
      29;4;-0.707107, 0.707107, 0.000000, 0.000000;;,
      30;4;-0.707107, 0.707107, 0.000000, 0.000000;;,
      31;4;-0.707107, 0.707107, 0.000000, 0.000000;;,
      32;4;-0.707107, 0.707107, 0.000000, 0.000000;;,
      33;4;-0.707107, 0.707107, 0.000000, 0.000000;;,
      34;4;-0.707107, 0.707107, 0.000000, 0.000000;;,
      35;4;-0.707107, 0.707107, 0.000000, 0.000000;;,
      36;4;-0.707107, 0.707107, 0.000000, 0.000000;;,
      37;4;-0.707107, 0.707107, 0.000000, 0.000000;;,
      38;4;-0.707107, 0.707107, 0.000000, 0.000000;;,
      39;4;-0.707107, 0.707107, 0.000000, 0.000000;;,
      40;4;-0.707107, 0.707107, 0.000000, 0.000000;;,
      41;4;-0.707107, 0.707107, 0.000000, 0.000000;;,
      42;4;-0.707107, 0.707107, 0.000000, 0.000000;;,
      43;4;-0.707107, 0.707107, 0.000000, 0.000000;;,
      44;4;-0.707107, 0.707107, 0.000000, 0.000000;;,
      45;4;-0.707107, 0.707107, 0.000000, 0.000000;;,
      46;4;-0.707107, 0.707107, 0.000000, 0.000000;;,
      47;4;-0.707107, 0.707107, 0.000000, 0.000000;;,
      48;4;-0.707107, 0.707107, 0.000000, 0.000000;;,
      49;4;-0.707107, 0.707107, 0.000000, 0.000000;;,
      50;4;-0.707107, 0.707107, 0.000000, 0.000000;;,
      51;4;-0.707107, 0.707107, 0.000000, 0.000000;;,
      52;4;-0.707107, 0.707107, 0.000000, 0.000000;;;
    }
    AnimationKey { // Scale
      1;
      53;
      0;3; 0.110000, 0.110000, 0.110000;;,
      1;3; 0.110000, 0.110000, 0.110000;;,
      2;3; 0.110000, 0.110000, 0.110000;;,
      3;3; 0.110000, 0.110000, 0.110000;;,
      4;3; 0.110000, 0.110000, 0.110000;;,
      5;3; 0.110000, 0.110000, 0.110000;;,
      6;3; 0.110000, 0.110000, 0.110000;;,
      7;3; 0.110000, 0.110000, 0.110000;;,
      8;3; 0.110000, 0.110000, 0.110000;;,
      9;3; 0.110000, 0.110000, 0.110000;;,
      10;3; 0.110000, 0.110000, 0.110000;;,
      11;3; 0.110000, 0.110000, 0.110000;;,
      12;3; 0.110000, 0.110000, 0.110000;;,
      13;3; 0.110000, 0.110000, 0.110000;;,
      14;3; 0.110000, 0.110000, 0.110000;;,
      15;3; 0.110000, 0.110000, 0.110000;;,
      16;3; 0.110000, 0.110000, 0.110000;;,
      17;3; 0.110000, 0.110000, 0.110000;;,
      18;3; 0.110000, 0.110000, 0.110000;;,
      19;3; 0.110000, 0.110000, 0.110000;;,
      20;3; 0.110000, 0.110000, 0.110000;;,
      21;3; 0.110000, 0.110000, 0.110000;;,
      22;3; 0.110000, 0.110000, 0.110000;;,
      23;3; 0.110000, 0.110000, 0.110000;;,
      24;3; 0.110000, 0.110000, 0.110000;;,
      25;3; 0.110000, 0.110000, 0.110000;;,
      26;3; 0.110000, 0.110000, 0.110000;;,
      27;3; 0.110000, 0.110000, 0.110000;;,
      28;3; 0.110000, 0.110000, 0.110000;;,
      29;3; 0.110000, 0.110000, 0.110000;;,
      30;3; 0.110000, 0.110000, 0.110000;;,
      31;3; 0.110000, 0.110000, 0.110000;;,
      32;3; 0.110000, 0.110000, 0.110000;;,
      33;3; 0.110000, 0.110000, 0.110000;;,
      34;3; 0.110000, 0.110000, 0.110000;;,
      35;3; 0.110000, 0.110000, 0.110000;;,
      36;3; 0.110000, 0.110000, 0.110000;;,
      37;3; 0.110000, 0.110000, 0.110000;;,
      38;3; 0.110000, 0.110000, 0.110000;;,
      39;3; 0.110000, 0.110000, 0.110000;;,
      40;3; 0.110000, 0.110000, 0.110000;;,
      41;3; 0.110000, 0.110000, 0.110000;;,
      42;3; 0.110000, 0.110000, 0.110000;;,
      43;3; 0.110000, 0.110000, 0.110000;;,
      44;3; 0.110000, 0.110000, 0.110000;;,
      45;3; 0.110000, 0.110000, 0.110000;;,
      46;3; 0.110000, 0.110000, 0.110000;;,
      47;3; 0.110000, 0.110000, 0.110000;;,
      48;3; 0.110000, 0.110000, 0.110000;;,
      49;3; 0.110000, 0.110000, 0.110000;;,
      50;3; 0.110000, 0.110000, 0.110000;;,
      51;3; 0.110000, 0.110000, 0.110000;;,
      52;3; 0.110000, 0.110000, 0.110000;;;
    }
    AnimationKey { // Position
      2;
      53;
      0;3; 0.000000, 0.000000, 0.000000;;,
      1;3; 0.000000, 0.000000, 0.000000;;,
      2;3; 0.000000, 0.000000, 0.000000;;,
      3;3; 0.000000, 0.000000, 0.000000;;,
      4;3; 0.000000, 0.000000, 0.000000;;,
      5;3; 0.000000, 0.000000, 0.000000;;,
      6;3; 0.000000, 0.000000, 0.000000;;,
      7;3; 0.000000, 0.000000, 0.000000;;,
      8;3; 0.000000, 0.000000, 0.000000;;,
      9;3; 0.000000, 0.000000, 0.000000;;,
      10;3; 0.000000, 0.000000, 0.000000;;,
      11;3; 0.000000, 0.000000, 0.000000;;,
      12;3; 0.000000, 0.000000, 0.000000;;,
      13;3; 0.000000, 0.000000, 0.000000;;,
      14;3; 0.000000, 0.000000, 0.000000;;,
      15;3; 0.000000, 0.000000, 0.000000;;,
      16;3; 0.000000, 0.000000, 0.000000;;,
      17;3; 0.000000, 0.000000, 0.000000;;,
      18;3; 0.000000, 0.000000, 0.000000;;,
      19;3; 0.000000, 0.000000, 0.000000;;,
      20;3; 0.000000, 0.000000, 0.000000;;,
      21;3; 0.000000, 0.000000, 0.000000;;,
      22;3; 0.000000, 0.000000, 0.000000;;,
      23;3; 0.000000, 0.000000, 0.000000;;,
      24;3; 0.000000, 0.000000, 0.000000;;,
      25;3; 0.000000, 0.000000, 0.000000;;,
      26;3; 0.000000, 0.000000, 0.000000;;,
      27;3; 0.000000, 0.000000, 0.000000;;,
      28;3; 0.000000, 0.000000, 0.000000;;,
      29;3; 0.000000, 0.000000, 0.000000;;,
      30;3; 0.000000, 0.000000, 0.000000;;,
      31;3; 0.000000, 0.000000, 0.000000;;,
      32;3; 0.000000, 0.000000, 0.000000;;,
      33;3; 0.000000, 0.000000, 0.000000;;,
      34;3; 0.000000, 0.000000, 0.000000;;,
      35;3; 0.000000, 0.000000, 0.000000;;,
      36;3; 0.000000, 0.000000, 0.000000;;,
      37;3; 0.000000, 0.000000, 0.000000;;,
      38;3; 0.000000, 0.000000, 0.000000;;,
      39;3; 0.000000, 0.000000, 0.000000;;,
      40;3; 0.000000, 0.000000, 0.000000;;,
      41;3; 0.000000, 0.000000, 0.000000;;,
      42;3; 0.000000, 0.000000, 0.000000;;,
      43;3; 0.000000, 0.000000, 0.000000;;,
      44;3; 0.000000, 0.000000, 0.000000;;,
      45;3; 0.000000, 0.000000, 0.000000;;,
      46;3; 0.000000, 0.000000, 0.000000;;,
      47;3; 0.000000, 0.000000, 0.000000;;,
      48;3; 0.000000, 0.000000, 0.000000;;,
      49;3; 0.000000, 0.000000, 0.000000;;,
      50;3; 0.000000, 0.000000, 0.000000;;,
      51;3; 0.000000, 0.000000, 0.000000;;,
      52;3; 0.000000, 0.000000, 0.000000;;;
    }
  }
  Animation {
    {Armature_mixamorig_Hips}
    AnimationKey { // Rotation
      0;
      53;
      0;4;-0.980105, 0.148058,-0.125404,-0.041791;;,
      1;4;-0.977543, 0.178427,-0.111419,-0.012596;;,
      2;4;-0.974665, 0.208729,-0.078670, 0.016485;;,
      3;4;-0.965899, 0.252013,-0.040617, 0.043343;;,
      4;4;-0.955481, 0.287688,-0.015838, 0.063575;;,
      5;4;-0.946859, 0.312703,-0.002050, 0.075299;;,
      6;4;-0.939970, 0.333620, 0.002095, 0.071769;;,
      7;4;-0.933537, 0.354087, 0.001863, 0.055931;;,
      8;4;-0.926198, 0.375423,-0.002545, 0.034758;;,
      9;4;-0.921789, 0.387030,-0.007075, 0.021521;;,
      10;4;-0.917241, 0.397907,-0.013391, 0.012682;;,
      11;4;-0.913421, 0.406389,-0.021449, 0.007114;;,
      12;4;-0.911781, 0.409341,-0.032554, 0.006047;;,
      13;4;-0.916024, 0.397954,-0.047963, 0.015223;;,
      14;4;-0.924284, 0.375398,-0.062883, 0.028667;;,
      15;4;-0.934952, 0.342054,-0.080425, 0.048953;;,
      16;4;-0.947678, 0.288243,-0.112009, 0.079220;;,
      17;4;-0.953967, 0.226195,-0.165447, 0.106821;;,
      18;4;-0.944550, 0.185251,-0.242755, 0.120734;;,
      19;4;-0.922476, 0.157064,-0.329317, 0.126168;;,
      20;4;-0.893186, 0.153192,-0.397507, 0.144012;;,
      21;4;-0.858098, 0.155611,-0.459136, 0.169257;;,
      22;4;-0.818660, 0.161417,-0.513878, 0.199175;;,
      23;4;-0.775388, 0.167791,-0.563239, 0.231047;;,
      24;4;-0.728408, 0.172868,-0.609381, 0.261139;;,
      25;4;-0.676399, 0.176320,-0.654510, 0.288119;;,
      26;4;-0.622231, 0.174194,-0.692764, 0.320257;;,
      27;4;-0.559885, 0.154299,-0.730042, 0.360221;;,
      28;4;-0.471881, 0.141822,-0.763862, 0.416810;;,
      29;4;-0.336319, 0.167677,-0.777178, 0.504746;;,
      30;4;-0.156896, 0.172357,-0.766849, 0.598013;;,
      31;4; 0.032342, 0.161896,-0.710144, 0.684427;;,
      32;4; 0.169746, 0.103306,-0.646616, 0.736480;;,
      33;4; 0.298363, 0.042287,-0.570474, 0.764036;;,
      34;4; 0.393760,-0.040062,-0.481542, 0.781963;;,
      35;4; 0.470176,-0.107678,-0.401101, 0.778754;;,
      36;4; 0.522664,-0.162885,-0.314567, 0.775460;;,
      37;4; 0.552901,-0.209846,-0.245311, 0.768171;;,
