xof 0303txt 0032

template XSkinMeshHeader {
  <3cf169ce-ff7c-44ab-93c0-f78f62d172e2>
  WORD nMaxSkinWeightsPerVertex;
  WORD nMaxSkinWeightsPerFace;
  WORD nBones;
}

template SkinWeights {
  <6f0d123b-bad2-4167-a0d0-80224f25fabb>
  STRING transformNodeName;
  DWORD nWeights;
  array DWORD vertexIndices[nWeights];
  array float weights[nWeights];
  Matrix4x4 matrixOffset;
}

Frame Root {
  FrameTransformMatrix {
     1.000000, 0.000000, 0.000000, 0.000000,
     0.000000,-0.000000,-1.000000, 0.000000,
     0.000000, 1.000000,-0.000000, 0.000000,
     0.000000, 0.000000, 0.000000, 1.000000;;
  }
  Frame Armature {
    FrameTransformMatrix {
       0.010000, 0.000000, 0.000000, 0.000000,
       0.000000,-0.000000, 0.010000, 0.000000,
       0.000000,-0.010000,-0.000000, 0.000000,
       0.000000, 0.000000, 0.000000, 1.000000;;
    }
    Frame Armature_mixamorig_Hips {
      FrameTransformMatrix {
         0.728926,-0.005002,-0.684575, 0.000000,
        -0.049426, 0.996979,-0.059912, 0.000000,
         0.682806, 0.077507, 0.726477, 0.000000,
        -1.527418,90.502228,-1.566109, 1.000000;;
      }
      Frame Armature_mixamorig_LeftUpLeg {
        FrameTransformMatrix {
          -0.925355,-0.303231, 0.227519, 0.000000,
           0.325042,-0.943495, 0.064536, 0.000000,
           0.195095, 0.133672, 0.971632, 0.000000,
          15.658499,-8.406893, 1.466998, 1.000000;;
        }
        Frame Armature_mixamorig_LeftLeg {
          FrameTransformMatrix {
             0.990532, 0.091522, 0.102325, 0.000000,
             0.024143, 0.617609,-0.786115, 0.000000,
            -0.135144, 0.781142, 0.609552, 0.000000,
             0.000001,37.074879,-0.000001, 1.000000;;
          }
          Frame Armature_mixamorig_LeftFoot {
            FrameTransformMatrix {
               0.930143,-0.353048, 0.100957, 0.000000,
              -0.035395, 0.187456, 0.981635, 0.000000,
              -0.365489,-0.916634, 0.161865, 0.000000,
              -0.000003,38.107529,-0.000001, 1.000000;;
            }
            Frame Armature_mixamorig_LeftToeBase {
              FrameTransformMatrix {
                 0.992050,-0.063967, 0.108378, 0.000000,
                -0.031842, 0.705580, 0.707915, 0.000000,
                -0.121752,-0.705737, 0.697934, 0.000000,
                -0.000004,27.500051,-0.000004, 1.000000;;
              }
              Frame Armature_mixamorig_LeftToe_End {
                FrameTransformMatrix {
                   1.000000, 0.000000, 0.000000, 0.000000,
                  -0.000000, 1.000000,-0.000000, 0.000000,
                  -0.000000, 0.000000, 1.000000, 0.000000,
                  -0.000002,18.087694, 0.000000, 1.000000;;
                }
                Frame Armature_mixamorig_LeftToe_End_end {
                  FrameTransformMatrix {
                     1.000000,-0.000000,-0.000000, 0.000000,
                     0.000000, 1.000000,-0.000000, 0.000000,
                     0.000000, 0.000000, 1.000000, 0.000000,
                    -0.000003,18.087614,-0.000000, 1.000000;;
                  }
                } // End of Armature_mixamorig_LeftToe_End_end
              } // End of Armature_mixamorig_LeftToe_End
            } // End of Armature_mixamorig_LeftToeBase
          } // End of Armature_mixamorig_LeftFoot
        } // End of Armature_mixamorig_LeftLeg
      } // End of Armature_mixamorig_LeftUpLeg
      Frame Armature_mixamorig_RightUpLeg {
        FrameTransformMatrix {
          -0.964402, 0.177533,-0.195987, 0.000000,
          -0.260223,-0.768972, 0.583923, 0.000000,
          -0.047043, 0.614137, 0.787796, 0.000000,
          -15.658501,-8.406741, 1.467002, 1.000000;;
        }
        Frame Armature_mixamorig_RightLeg {
          FrameTransformMatrix {
             0.970007, 0.168789, 0.174922, 0.000000,
             0.046843, 0.576325,-0.815877, 0.000000,
            -0.238523, 0.799600, 0.551133, 0.000000,
             0.000005,37.074703,-0.000001, 1.000000;;
          }
          Frame Armature_mixamorig_RightFoot {
            FrameTransformMatrix {
               0.977701, 0.095559,-0.187002, 0.000000,
               0.110715, 0.522119, 0.845656, 0.000000,
               0.178448,-0.847503, 0.499896, 0.000000,
               0.000002,38.107563, 0.000002, 1.000000;;
            }
            Frame Armature_mixamorig_RightToeBase {
              FrameTransformMatrix {
                 0.994013, 0.097248,-0.049819, 0.000000,
                -0.030741, 0.686416, 0.726559, 0.000000,
                 0.104853,-0.720677, 0.685296, 0.000000,
                 0.000001,27.500057,-0.000001, 1.000000;;
              }
              Frame Armature_mixamorig_RightToe_End {
                FrameTransformMatrix {
                   1.000000, 0.000000, 0.000000, 0.000000,
                   0.000000, 1.000000,-0.000000, 0.000000,
                  -0.000000,-0.000000, 1.000000, 0.000000,
                   0.000006,18.088076,-0.000000, 1.000000;;
                }
                Frame Armature_mixamorig_RightToe_End_end {
                  FrameTransformMatrix {
                     1.000000, 0.000000,-0.000000, 0.000000,
                    -0.000000, 1.000000,-0.000000, 0.000000,
                     0.000000, 0.000000, 1.000000, 0.000000,
                     0.000001,18.087994,-0.000000, 1.000000;;
                  }
                } // End of Armature_mixamorig_RightToe_End_end
              } // End of Armature_mixamorig_RightToe_End
            } // End of Armature_mixamorig_RightToeBase
          } // End of Armature_mixamorig_RightFoot
        } // End of Armature_mixamorig_RightLeg
      } // End of Armature_mixamorig_RightUpLeg
      Frame Armature_mixamorig_Spine {
        FrameTransformMatrix {
           0.996404, 0.015797, 0.083247, 0.000000,
          -0.024738, 0.993898, 0.107493, 0.000000,
          -0.081041,-0.109165, 0.990714, 0.000000,
          -0.000000,12.947402, 1.306900, 1.000000;;
        }
        Frame Armature_mixamorig_Spine1 {
          FrameTransformMatrix {
             0.986155, 0.021748, 0.164392, 0.000000,
            -0.052867, 0.980865, 0.187376, 0.000000,
            -0.157171,-0.193473, 0.968435, 0.000000,
             0.000000,11.650503, 0.000000, 1.000000;;
          }
          Frame Armature_mixamorig_Spine2 {
            FrameTransformMatrix {
               0.986155, 0.020204, 0.164589, 0.000000,
              -0.053131, 0.978721, 0.198199, 0.000000,
              -0.157082,-0.204199, 0.966244, 0.000000,
               0.000001,11.899603,-0.000002, 1.000000;;
            }
            Frame Armature_mixamorig_LeftShoulder {
              FrameTransformMatrix {
                 0.162921, 0.025429,-0.986311, 0.000000,
                 0.784018,-0.610222, 0.113772, 0.000000,
                -0.598975,-0.791822,-0.119355, 0.000000,
                15.693202,30.527613,-14.885509, 1.000000;;
              }
              Frame Armature_mixamorig_LeftArm {
                FrameTransformMatrix {
                   0.912101,-0.371573, 0.173223, 0.000000,
                   0.219203, 0.799073, 0.559851, 0.000000,
                  -0.346443,-0.472669, 0.810285, 0.000000,
                   0.000004,18.001995, 0.000000, 1.000000;;
                }
                Frame Armature_mixamorig_LeftForeArm {
                  FrameTransformMatrix {
                     0.739769, 0.667292, 0.086389, 0.000000,
                    -0.672498, 0.737467, 0.062353, 0.000000,
                    -0.022102,-0.104223, 0.994308, 0.000000,
                    -0.000010,37.520103,-0.000010, 1.000000;;
                  }
                  Frame Armature_mixamorig_LeftHand {
                    FrameTransformMatrix {
                       0.972794, 0.206831,-0.104372, 0.000000,
                      -0.176125, 0.952922, 0.246819, 0.000000,
                       0.150509,-0.221721, 0.963425, 0.000000,
                      -0.000001,41.865631, 0.000000, 1.000000;;
                    }
                    Frame Armature_mixamorig_LeftHandIndex1 {
                      FrameTransformMatrix {
                         0.999654,-0.018036, 0.019143, 0.000000,
                         0.016932, 0.998266, 0.056366, 0.000000,
                        -0.020126,-0.056022, 0.998226, 0.000000,
                        -6.345694,17.472910, 0.144219, 1.000000;;
                      }
                      Frame Armature_mixamorig_LeftHandIndex2 {
                        FrameTransformMatrix {
                           0.999791,-0.020163,-0.003527, 0.000000,
                           0.020316, 0.956363, 0.291474, 0.000000,
                          -0.002504,-0.291485, 0.956572, 0.000000,
                           0.000001, 6.306507,-0.000002, 1.000000;;
                        }
                        Frame Armature_mixamorig_LeftHandIndex3 {
                          FrameTransformMatrix {
                             1.000000, 0.000000,-0.000000, 0.000000,
                            -0.000000, 1.000000, 0.000000, 0.000000,
                             0.000000,-0.000000, 1.000000, 0.000000,
                             0.000003, 5.287013, 0.000003, 1.000000;;
                          }
                          Frame Armature_mixamorig_LeftHandIndex4 {
                            FrameTransformMatrix {
                               1.000000,-0.000001, 0.000006, 0.000000,
                               0.000001, 1.000000,-0.000002, 0.000000,
                              -0.000006, 0.000002, 1.000000, 0.000000,
                              -0.000001, 4.643603,-0.000001, 1.000000;;
                            }
                            Frame Armature_mixamorig_LeftHandIndex4_end {
                              FrameTransformMatrix {
                                 1.000000, 0.000000,-0.000004, 0.000000,
                                -0.000000, 1.000000, 0.000001, 0.000000,
                                 0.000004,-0.000001, 1.000000, 0.000000,
                                 0.000000, 4.643605, 0.000001, 1.000000;;
                              }
                            } // End of Armature_mixamorig_LeftHandIndex4_end
                          } // End of Armature_mixamorig_LeftHandIndex4
                        } // End of Armature_mixamorig_LeftHandIndex3
                      } // End of Armature_mixamorig_LeftHandIndex2
                    } // End of Armature_mixamorig_LeftHandIndex1
                    Frame Armature_mixamorig_LeftHandMiddle1 {
                      FrameTransformMatrix {
                         0.998731,-0.048963, 0.011799, 0.000000,
                         0.045659, 0.979102, 0.198179, 0.000000,
                        -0.021256,-0.197388, 0.980095, 0.000000,
                        -0.112400,18.009899,-0.441096, 1.000000;;
                      }
                      Frame Armature_mixamorig_LeftHandMiddle2 {
                        FrameTransformMatrix {
                           0.999507, 0.030231, 0.008464, 0.000000,
                          -0.030332, 0.860405, 0.508708, 0.000000,
                           0.008096,-0.508714, 0.860897, 0.000000,
                          -0.000003, 6.842813, 0.000002, 1.000000;;
                        }
                        Frame Armature_mixamorig_LeftHandMiddle3 {
                          FrameTransformMatrix {
                             1.000000, 0.000000,-0.000001, 0.000000,
                            -0.000000, 1.000000, 0.000002, 0.000000,
                             0.000001,-0.000001, 1.000000, 0.000000,
                            -0.000001, 5.656105, 0.000001, 1.000000;;
                          }
                          Frame Armature_mixamorig_LeftHandMiddle4 {
                            FrameTransformMatrix {
                               1.000000, 0.000000, 0.000001, 0.000000,
                              -0.000000, 1.000000,-0.000000, 0.000000,
                              -0.000001, 0.000000, 1.000000, 0.000000,
                               0.000000, 4.457892, 0.000001, 1.000000;;
                            }
                            Frame Armature_mixamorig_LeftHandMiddle4_end {
                              FrameTransformMatrix {
                                 1.000000, 0.000000, 0.000000, 0.000000,
                                -0.000000, 1.000000, 0.000000, 0.000000,
                                 0.000000,-0.000000, 1.000000, 0.000000,
                                 0.000002, 4.457907, 0.000000, 1.000000;;
                              }
                            } // End of Armature_mixamorig_LeftHandMiddle4_end
                          } // End of Armature_mixamorig_LeftHandMiddle4
                        } // End of Armature_mixamorig_LeftHandMiddle3
                      } // End of Armature_mixamorig_LeftHandMiddle2
                    } // End of Armature_mixamorig_LeftHandMiddle1
                    Frame Armature_mixamorig_LeftHandPinky1 {
                      FrameTransformMatrix {
                         0.985829,-0.159718,-0.051293, 0.000000,
                         0.167077, 0.907442, 0.385531, 0.000000,
                        -0.015031,-0.388637, 0.921268, 0.000000,
                        11.143610,14.820602, 0.001773, 1.000000;;
                      }
                      Frame Armature_mixamorig_LeftHandPinky2 {
                        FrameTransformMatrix {
                           0.990624, 0.132589, 0.032930, 0.000000,
                          -0.121472, 0.744529, 0.656445, 0.000000,
                           0.062520,-0.654291, 0.753654, 0.000000,
                           0.000001, 5.576302, 0.000004, 1.000000;;
                        }
                        Frame Armature_mixamorig_LeftHandPinky3 {
                          FrameTransformMatrix {
                             1.000000, 0.000001, 0.000001, 0.000000,
                            -0.000001, 1.000000, 0.000001, 0.000000,
                            -0.000001,-0.000000, 1.000000, 0.000000,
                             0.000004, 4.090182, 0.000002, 1.000000;;
                          }
                          Frame Armature_mixamorig_LeftHandPinky4 {
                            FrameTransformMatrix {
                               1.000000, 0.000000, 0.000000, 0.000000,
                              -0.000000, 1.000000,-0.000001, 0.000000,
                              -0.000000, 0.000001, 1.000000, 0.000000,
                              -0.000003, 4.222323,-0.000002, 1.000000;;
                            }
                            Frame Armature_mixamorig_LeftHandPinky4_end {
                              FrameTransformMatrix {
                                 1.000000,-0.000001,-0.000002, 0.000000,
                                 0.000001, 1.000000, 0.000001, 0.000000,
                                 0.000002,-0.000001, 1.000000, 0.000000,
                                 0.000005, 4.222308,-0.000001, 1.000000;;
                              }
                            } // End of Armature_mixamorig_LeftHandPinky4_end
                          } // End of Armature_mixamorig_LeftHandPinky4
                        } // End of Armature_mixamorig_LeftHandPinky3
                      } // End of Armature_mixamorig_LeftHandPinky2
                    } // End of Armature_mixamorig_LeftHandPinky1
                    Frame Armature_mixamorig_LeftHandRing1 {
                      FrameTransformMatrix {
                         0.992370,-0.117769,-0.036500, 0.000000,
                         0.123128, 0.931202, 0.343077, 0.000000,
                        -0.006415,-0.344954, 0.938598, 0.000000,
                         5.832505,16.592602,-0.117399, 1.000000;;
                      }
                      Frame Armature_mixamorig_LeftHandRing2 {
                        FrameTransformMatrix {
                           0.997763, 0.063119, 0.022016, 0.000000,
                          -0.063502, 0.792037, 0.607162, 0.000000,
                           0.020885,-0.607202, 0.794273, 0.000000,
                           0.000002, 6.332903,-0.000005, 1.000000;;
                        }
                        Frame Armature_mixamorig_LeftHandRing3 {
                          FrameTransformMatrix {
                             1.000000,-0.000001,-0.000000, 0.000000,
                             0.000001, 1.000000,-0.000001, 0.000000,
                             0.000000, 0.000001, 1.000000, 0.000000,
                            -0.000001, 5.608905, 0.000004, 1.000000;;
                          }
                          Frame Armature_mixamorig_LeftHandRing4 {
                            FrameTransformMatrix {
                               1.000000, 0.000000,-0.000000, 0.000000,
                              -0.000000, 1.000000, 0.000001, 0.000000,
                               0.000000,-0.000001, 1.000000, 0.000000,
                              -0.000001, 4.489706,-0.000000, 1.000000;;
                            }
                            Frame Armature_mixamorig_LeftHandRing4_end {
                              FrameTransformMatrix {
                                 1.000000,-0.000000,-0.000001, 0.000000,
                                 0.000000, 1.000000, 0.000001, 0.000000,
                                 0.000001,-0.000001, 1.000000, 0.000000,
                                 0.000002, 4.489707, 0.000005, 1.000000;;
                              }
                            } // End of Armature_mixamorig_LeftHandRing4_end
                          } // End of Armature_mixamorig_LeftHandRing4
                        } // End of Armature_mixamorig_LeftHandRing3
                      } // End of Armature_mixamorig_LeftHandRing2
                    } // End of Armature_mixamorig_LeftHandRing1
                    Frame Armature_mixamorig_LeftHandThumb1 {
                      FrameTransformMatrix {
                         0.892186, 0.437706, 0.111439, 0.000000,
                        -0.446813, 0.819228, 0.359478, 0.000000,
                         0.066051,-0.370514, 0.926475, 0.000000,
                        -7.297890, 5.809502, 5.140819, 1.000000;;
                      }
                      Frame Armature_mixamorig_LeftHandThumb2 {
                        FrameTransformMatrix {
                           0.932956,-0.359990, 0.000603, 0.000000,
                           0.359943, 0.932857, 0.014821, 0.000000,
                          -0.005898,-0.013611, 0.999890, 0.000000,
                          -0.000010, 6.981889,-0.000003, 1.000000;;
                        }
                        Frame Armature_mixamorig_LeftHandThumb3 {
                          FrameTransformMatrix {
                             1.000000, 0.000003,-0.000004, 0.000000,
                            -0.000003, 1.000000, 0.000002, 0.000000,
                             0.000004,-0.000002, 1.000000, 0.000000,
                             0.000000, 4.446804, 0.000000, 1.000000;;
                          }
                          Frame Armature_mixamorig_LeftHandThumb4 {
                            FrameTransformMatrix {
                               1.000000,-0.000001, 0.000006, 0.000000,
                               0.000002, 1.000000,-0.000002, 0.000000,
                              -0.000006, 0.000002, 1.000000, 0.000000,
                              -0.000000, 5.337987, 0.000000, 1.000000;;
                            }
                            Frame Armature_mixamorig_LeftHandThumb4_end {
                              FrameTransformMatrix {
                                 1.000000, 0.000000, 0.000000, 0.000000,
                                -0.000000, 1.000000, 0.000000, 0.000000,
                                -0.000000, 0.000000, 1.000000, 0.000000,
                                 0.000000, 5.338015,-0.000002, 1.000000;;
                              }
                            } // End of Armature_mixamorig_LeftHandThumb4_end
                          } // End of Armature_mixamorig_LeftHandThumb4
                        } // End of Armature_mixamorig_LeftHandThumb3
                      } // End of Armature_mixamorig_LeftHandThumb2
                    } // End of Armature_mixamorig_LeftHandThumb1
                  } // End of Armature_mixamorig_LeftHand
                } // End of Armature_mixamorig_LeftForeArm
              } // End of Armature_mixamorig_LeftArm
            } // End of Armature_mixamorig_LeftShoulder
            Frame Armature_mixamorig_Neck {
              FrameTransformMatrix {
                 0.999747,-0.005257,-0.021881, 0.000000,
                 0.003600, 0.997168,-0.075111, 0.000000,
                 0.022214, 0.075013, 0.996935, 0.000000,
                -0.000001,29.862514,-6.856811, 1.000000;;
              }
              Frame Armature_mixamorig_Head {
                FrameTransformMatrix {
                   0.937032, 0.044690, 0.346374, 0.000000,
                  -0.006168, 0.993742,-0.111529, 0.000000,
                  -0.349190, 0.102369, 0.931443, 0.000000,
                   0.000001,15.812709, 4.504605, 1.000000;;
                }
                Frame Armature_mixamorig_HeadTop_End {
                  FrameTransformMatrix {
                     1.000000, 0.000000,-0.000000, 0.000000,
                    -0.000000, 1.000000,-0.000000, 0.000000,
                     0.000000, 0.000000, 1.000000, 0.000000,
                     0.000002,16.914173, 8.548802, 1.000000;;
                  }
                  Frame Armature_mixamorig_HeadTop_End_end {
                    FrameTransformMatrix {
                       1.000000,-0.000000, 0.000000, 0.000000,
                       0.000000, 1.000000,-0.000000, 0.000000,
                      -0.000000, 0.000000, 1.000000, 0.000000,
                      -0.000001,17.331625,-0.000000, 1.000000;;
                    }
                  } // End of Armature_mixamorig_HeadTop_End_end
                } // End of Armature_mixamorig_HeadTop_End
                Frame Armature_mixamorig_RightEye {
                  FrameTransformMatrix {
                     0.000000,-0.000000, 1.000000, 0.000000,
                    -1.000000, 0.000001, 0.000000, 0.000000,
                    -0.000001,-1.000000,-0.000000, 0.000000,
                    -4.116896, 5.662569,14.065408, 1.000000;;
                  }
                  Frame Armature_mixamorig_RightEye_end {
                    FrameTransformMatrix {
                       1.000000,-0.000000,-0.000000, 0.000000,
                       0.000000, 1.000000, 0.000001, 0.000000,
                       0.000000,-0.000001, 1.000000, 0.000000,
                       0.000000,17.331636,-0.000015, 1.000000;;
                    }
                  } // End of Armature_mixamorig_RightEye_end
                } // End of Armature_mixamorig_RightEye
              } // End of Armature_mixamorig_Head
            } // End of Armature_mixamorig_Neck
            Frame Armature_mixamorig_RightShoulder {
              FrameTransformMatrix {
                 0.010628,-0.025383, 0.999621, 0.000000,
                -0.814306,-0.580404,-0.006080, 0.000000,
                 0.580339,-0.813933,-0.026838, 0.000000,
                -15.693201,30.527899,-14.885506, 1.000000;;
              }
              Frame Armature_mixamorig_RightArm {
                FrameTransformMatrix {
                   0.968195,-0.078799,-0.237463, 0.000000,
                   0.203302, 0.800979, 0.563117, 0.000000,
                   0.145830,-0.593484, 0.791524, 0.000000,
                   0.000005,18.001892,-0.000008, 1.000000;;
                }
                Frame Armature_mixamorig_RightForeArm {
                  FrameTransformMatrix {
                     0.665283,-0.737573, 0.115691, 0.000000,
                     0.740475, 0.671657, 0.023945, 0.000000,
                    -0.095366, 0.069736, 0.992997, 0.000000,
                    -0.000008,37.520142,-0.000000, 1.000000;;
                  }
                  Frame Armature_mixamorig_RightHand {
                    FrameTransformMatrix {
                       0.961565, 0.020899, 0.273781, 0.000000,
                       0.062700, 0.954042,-0.293039, 0.000000,
                      -0.267323, 0.298942, 0.916063, 0.000000,
                      -0.000002,41.865715, 0.000001, 1.000000;;
                    }
                    Frame Armature_mixamorig_RightHandIndex1 {
                      FrameTransformMatrix {
                         0.991283,-0.131129,-0.012748, 0.000000,
                         0.131534, 0.990541, 0.039090, 0.000000,
                         0.007501,-0.040427, 0.999154, 0.000000,
                         6.345604,17.473019, 0.144388, 1.000000;;
                      }
                      Frame Armature_mixamorig_RightHandIndex2 {
                        FrameTransformMatrix {
                           0.999886, 0.015118,-0.000184, 0.000000,
                          -0.014451, 0.959180, 0.282428, 0.000000,
                           0.004446,-0.282393, 0.959289, 0.000000,
                           0.000004, 6.306013,-0.000004, 1.000000;;
                        }
                        Frame Armature_mixamorig_RightHandIndex3 {
                          FrameTransformMatrix {
                             1.000000, 0.000000, 0.000000, 0.000000,
                            -0.000000, 1.000000, 0.000000, 0.000000,
                            -0.000000,-0.000000, 1.000000, 0.000000,
                             0.000000, 5.287000,-0.000004, 1.000000;;
                          }
                          Frame Armature_mixamorig_RightHandIndex4 {
                            FrameTransformMatrix {
                               1.000000,-0.000001, 0.000002, 0.000000,
                               0.000000, 1.000000, 0.000001, 0.000000,
                              -0.000002,-0.000001, 1.000000, 0.000000,
                              -0.000002, 4.643998, 0.000004, 1.000000;;
                            }
                            Frame Armature_mixamorig_RightHandIndex4_end {
                              FrameTransformMatrix {
                                 1.000000, 0.000000, 0.000000, 0.000000,
                                -0.000000, 1.000000, 0.000000, 0.000000,
                                -0.000000,-0.000000, 1.000000, 0.000000,
                                -0.000002, 4.644000,-0.000010, 1.000000;;
                              }
                            } // End of Armature_mixamorig_RightHandIndex4_end
                          } // End of Armature_mixamorig_RightHandIndex4
                        } // End of Armature_mixamorig_RightHandIndex3
                      } // End of Armature_mixamorig_RightHandIndex2
                    } // End of Armature_mixamorig_RightHandIndex1
                    Frame Armature_mixamorig_RightHandMiddle1 {
                      FrameTransformMatrix {
                         0.986782, 0.159522, 0.028540, 0.000000,
                        -0.161872, 0.961912, 0.220279, 0.000000,
                         0.007687,-0.221987, 0.975019, 0.000000,
                         0.112404,18.009621,-0.440817, 1.000000;;
                      }
                      Frame Armature_mixamorig_RightHandMiddle2 {
                        FrameTransformMatrix {
                           0.999608,-0.026289,-0.009690, 0.000000,
                           0.028006, 0.927681, 0.372321, 0.000000,
                          -0.000799,-0.372446, 0.928053, 0.000000,
                           0.000005, 6.843009,-0.000002, 1.000000;;
                        }
                        Frame Armature_mixamorig_RightHandMiddle3 {
                          FrameTransformMatrix {
                             1.000000,-0.000002,-0.000004, 0.000000,
                             0.000002, 1.000000,-0.000002, 0.000000,
                             0.000004, 0.000002, 1.000000, 0.000000,
                             0.000001, 5.655998, 0.000001, 1.000000;;
                          }
                          Frame Armature_mixamorig_RightHandMiddle4 {
                            FrameTransformMatrix {
                               1.000000, 0.000000, 0.000006, 0.000000,
                              -0.000000, 1.000000, 0.000002, 0.000000,
                              -0.000007,-0.000002, 1.000000, 0.000000,
                               0.000004, 4.458017, 0.000010, 1.000000;;
                            }
                            Frame Armature_mixamorig_RightHandMiddle4_end {
                              FrameTransformMatrix {
                                 1.000000, 0.000001,-0.000005, 0.000000,
                                -0.000001, 1.000000,-0.000001, 0.000000,
                                 0.000005, 0.000001, 1.000000, 0.000000,
                                 0.000002, 4.458007, 0.000001, 1.000000;;
                              }
                            } // End of Armature_mixamorig_RightHandMiddle4_end
                          } // End of Armature_mixamorig_RightHandMiddle4
                        } // End of Armature_mixamorig_RightHandMiddle3
                      } // End of Armature_mixamorig_RightHandMiddle2
                    } // End of Armature_mixamorig_RightHandMiddle1
                    Frame Armature_mixamorig_RightHandPinky1 {
                      FrameTransformMatrix {
                         0.943399, 0.324631, 0.067922, 0.000000,
                        -0.310286, 0.791566, 0.526447, 0.000000,
                         0.117136,-0.517725, 0.847491, 0.000000,
                        -11.143705,14.820520, 0.002397, 1.000000;;
                      }
                      Frame Armature_mixamorig_RightHandPinky2 {
                        FrameTransformMatrix {
                           0.994870,-0.101107,-0.003211, 0.000000,
                           0.080401, 0.771071, 0.631653, 0.000000,
                          -0.061389,-0.628671, 0.775244, 0.000000,
                           0.000002, 5.576006, 0.000001, 1.000000;;
                        }
                        Frame Armature_mixamorig_RightHandPinky3 {
                          FrameTransformMatrix {
                             1.000000, 0.000000, 0.000001, 0.000000,
                            -0.000000, 1.000000, 0.000000, 0.000000,
                            -0.000001,-0.000000, 1.000000, 0.000000,
                             0.000003, 4.089979,-0.000002, 1.000000;;
                          }
                          Frame Armature_mixamorig_RightHandPinky4 {
                            FrameTransformMatrix {
                               1.000000, 0.000001, 0.000005, 0.000000,
                              -0.000001, 1.000000, 0.000001, 0.000000,
                              -0.000005,-0.000001, 1.000000, 0.000000,
                               0.000001, 4.223027, 0.000002, 1.000000;;
                            }
                            Frame Armature_mixamorig_RightHandPinky4_end {
                              FrameTransformMatrix {
                                 1.000000, 0.000000,-0.000003, 0.000000,
                                -0.000000, 1.000000,-0.000002, 0.000000,
                                 0.000003, 0.000001, 1.000000, 0.000000,
                                 0.000002, 4.223013, 0.000000, 1.000000;;
                              }
                            } // End of Armature_mixamorig_RightHandPinky4_end
                          } // End of Armature_mixamorig_RightHandPinky4
                        } // End of Armature_mixamorig_RightHandPinky3
                      } // End of Armature_mixamorig_RightHandPinky2
                    } // End of Armature_mixamorig_RightHandPinky1
                    Frame Armature_mixamorig_RightHandRing1 {
                      FrameTransformMatrix {
                         0.964713, 0.259993, 0.041633, 0.000000,
                        -0.246726, 0.837377, 0.487777, 0.000000,
                         0.091955,-0.480836, 0.871975, 0.000000,
                        -5.832502,16.592422,-0.117303, 1.000000;;
                      }
                      Frame Armature_mixamorig_RightHandRing2 {
                        FrameTransformMatrix {
                           0.998935,-0.045885,-0.004798, 0.000000,
                           0.041462, 0.847287, 0.529515, 0.000000,
                          -0.020232,-0.529150, 0.848287, 0.000000,
                           0.000001, 6.333002,-0.000002, 1.000000;;
                        }
                        Frame Armature_mixamorig_RightHandRing3 {
                          FrameTransformMatrix {
                             1.000000,-0.000001,-0.000009, 0.000000,
                             0.000001, 1.000000,-0.000001, 0.000000,
                             0.000010, 0.000001, 1.000000, 0.000000,
                            -0.000002, 5.608995, 0.000002, 1.000000;;
                          }
                          Frame Armature_mixamorig_RightHandRing4 {
                            FrameTransformMatrix {
                               1.000000, 0.000000, 0.000006, 0.000000,
                              -0.000000, 1.000000, 0.000001, 0.000000,
                              -0.000006,-0.000001, 1.000000, 0.000000,
                               0.000001, 4.490026, 0.000003, 1.000000;;
                            }
                            Frame Armature_mixamorig_RightHandRing4_end {
                              FrameTransformMatrix {
                                 1.000000, 0.000001, 0.000001, 0.000000,
                                -0.000001, 1.000000,-0.000001, 0.000000,
                                -0.000001, 0.000000, 1.000000, 0.000000,
                                 0.000003, 4.489999, 0.000000, 1.000000;;
                              }
                            } // End of Armature_mixamorig_RightHandRing4_end
                          } // End of Armature_mixamorig_RightHandRing4
                        } // End of Armature_mixamorig_RightHandRing3
                      } // End of Armature_mixamorig_RightHandRing2
                    } // End of Armature_mixamorig_RightHandRing1
                    Frame Armature_mixamorig_RightHandThumb1 {
                      FrameTransformMatrix {
                         0.895611,-0.429531, 0.115688, 0.000000,
                         0.299913, 0.775121, 0.556094, 0.000000,
                        -0.328532,-0.463348, 0.823029, 0.000000,
                         7.297802, 5.809111, 5.140991, 1.000000;;
                      }
                      Frame Armature_mixamorig_RightHandThumb2 {
                        FrameTransformMatrix {
                           0.999998, 0.001449, 0.001308, 0.000000,
                          -0.001429, 0.999890,-0.014758, 0.000000,
                          -0.001329, 0.014756, 0.999890, 0.000000,
                           0.000001, 6.982109,-0.000005, 1.000000;;
                        }
                        Frame Armature_mixamorig_RightHandThumb3 {
                          FrameTransformMatrix {
                             1.000000,-0.000001,-0.000001, 0.000000,
                             0.000001, 1.000000,-0.000001, 0.000000,
                             0.000001, 0.000001, 1.000000, 0.000000,
                             0.000003, 4.446898,-0.000006, 1.000000;;
                          }
                          Frame Armature_mixamorig_RightHandThumb4 {
                            FrameTransformMatrix {
                               1.000000, 0.000002,-0.000002, 0.000000,
                              -0.000002, 1.000000,-0.000000, 0.000000,
                               0.000002, 0.000000, 1.000000, 0.000000,
                               0.000003, 5.338514,-0.000003, 1.000000;;
                            }
                            Frame Armature_mixamorig_RightHandThumb4_end {
                              FrameTransformMatrix {
                                 1.000000, 0.000001,-0.000003, 0.000000,
                                -0.000001, 1.000000,-0.000001, 0.000000,
                                 0.000003, 0.000001, 1.000000, 0.000000,
                                 0.000002, 5.338514,-0.000005, 1.000000;;
                              }
                            } // End of Armature_mixamorig_RightHandThumb4_end
                          } // End of Armature_mixamorig_RightHandThumb4
                        } // End of Armature_mixamorig_RightHandThumb3
                      } // End of Armature_mixamorig_RightHandThumb2
                    } // End of Armature_mixamorig_RightHandThumb1
                  } // End of Armature_mixamorig_RightHand
                } // End of Armature_mixamorig_RightForeArm
              } // End of Armature_mixamorig_RightArm
            } // End of Armature_mixamorig_RightShoulder
          } // End of Armature_mixamorig_Spine2
        } // End of Armature_mixamorig_Spine1
      } // End of Armature_mixamorig_Spine
    } // End of Armature_mixamorig_Hips
  } // End of Armature
} // End of Root
AnimationSet Global {
  Animation {
    {Armature}
    AnimationKey { // Rotation
      0;
      98;
      0;4;-0.707107, 0.707107, 0.000000, 0.000000;;,
      1;4;-0.707107, 0.707107, 0.000000, 0.000000;;,
      2;4;-0.707107, 0.707107, 0.000000, 0.000000;;,
      3;4;-0.707107, 0.707107, 0.000000, 0.000000;;,
      4;4;-0.707107, 0.707107, 0.000000, 0.000000;;,
      5;4;-0.707107, 0.707107, 0.000000, 0.000000;;,
      6;4;-0.707107, 0.707107, 0.000000, 0.000000;;,
      7;4;-0.707107, 0.707107, 0.000000, 0.000000;;,
      8;4;-0.707107, 0.707107, 0.000000, 0.000000;;,
      9;4;-0.707107, 0.707107, 0.000000, 0.000000;;,
      10;4;-0.707107, 0.707107, 0.000000, 0.000000;;,
      11;4;-0.707107, 0.707107, 0.000000, 0.000000;;,
      12;4;-0.707107, 0.707107, 0.000000, 0.000000;;,
      13;4;-0.707107, 0.707107, 0.000000, 0.000000;;,
      14;4;-0.707107, 0.707107, 0.000000, 0.000000;;,
      15;4;-0.707107, 0.707107, 0.000000, 0.000000;;,
      16;4;-0.707107, 0.707107, 0.000000, 0.000000;;,
      17;4;-0.707107, 0.707107, 0.000000, 0.000000;;,
      18;4;-0.707107, 0.707107, 0.000000, 0.000000;;,
      19;4;-0.707107, 0.707107, 0.000000, 0.000000;;,
      20;4;-0.707107, 0.707107, 0.000000, 0.000000;;,
      21;4;-0.707107, 0.707107, 0.000000, 0.000000;;,
      22;4;-0.707107, 0.707107, 0.000000, 0.000000;;,
      23;4;-0.707107, 0.707107, 0.000000, 0.000000;;,
      24;4;-0.707107, 0.707107, 0.000000, 0.000000;;,
      25;4;-0.707107, 0.707107, 0.000000, 0.000000;;,
      26;4;-0.707107, 0.707107, 0.000000, 0.000000;;,
      27;4;-0.707107, 0.707107, 0.000000, 0.000000;;,
      28;4;-0.707107, 0.707107, 0.000000, 0.000000;;,
      29;4;-0.707107, 0.707107, 0.000000, 0.000000;;,
      30;4;-0.707107, 0.707107, 0.000000, 0.000000;;,
      31;4;-0.707107, 0.707107, 0.000000, 0.000000;;,
      32;4;-0.707107, 0.707107, 0.000000, 0.000000;;,
      33;4;-0.707107, 0.707107, 0.000000, 0.000000;;,
      34;4;-0.707107, 0.707107, 0.000000, 0.000000;;,
      35;4;-0.707107, 0.707107, 0.000000, 0.000000;;,
      36;4;-0.707107, 0.707107, 0.000000, 0.000000;;,
      37;4;-0.707107, 0.707107, 0.000000, 0.000000;;,
      38;4;-0.707107, 0.707107, 0.000000, 0.000000;;,
      39;4;-0.707107, 0.707107, 0.000000, 0.000000;;,
      40;4;-0.707107, 0.707107, 0.000000, 0.000000;;,
      41;4;-0.707107, 0.707107, 0.000000, 0.000000;;,
      42;4;-0.707107, 0.707107, 0.000000, 0.000000;;,
      43;4;-0.707107, 0.707107, 0.000000, 0.000000;;,
      44;4;-0.707107, 0.707107, 0.000000, 0.000000;;,
      45;4;-0.707107, 0.707107, 0.000000, 0.000000;;,
      46;4;-0.707107, 0.707107, 0.000000, 0.000000;;,
      47;4;-0.707107, 0.707107, 0.000000, 0.000000;;,
      48;4;-0.707107, 0.707107, 0.000000, 0.000000;;,
      49;4;-0.707107, 0.707107, 0.000000, 0.000000;;,
