xof 0303txt 0032

template XSkinMeshHeader {
  <3cf169ce-ff7c-44ab-93c0-f78f62d172e2>
  WORD nMaxSkinWeightsPerVertex;
  WORD nMaxSkinWeightsPerFace;
  WORD nBones;
}

template SkinWeights {
  <6f0d123b-bad2-4167-a0d0-80224f25fabb>
  STRING transformNodeName;
  DWORD nWeights;
  array DWORD vertexIndices[nWeights];
  array float weights[nWeights];
  Matrix4x4 matrixOffset;
}

Frame Root {
  FrameTransformMatrix {
     1.000000, 0.000000, 0.000000, 0.000000,
     0.000000,-0.000000,-1.000000, 0.000000,
     0.000000, 1.000000,-0.000000, 0.000000,
     0.000000, 0.000000, 0.000000, 1.000000;;
  }
  Frame Armature {
    FrameTransformMatrix {
       0.110000, 0.000000, 0.000000, 0.000000,
       0.000000,-0.000000, 0.110000, 0.000000,
       0.000000,-0.110000,-0.000000, 0.000000,
       0.000000, 0.000000, 0.000000, 1.000000;;
    }
    Frame Armature_mixamorig_Hips {
      FrameTransformMatrix {
         0.683383, 0.186136,-0.705933, 0.000000,
         0.001823, 0.966513, 0.256609, 0.000000,
         0.730058,-0.176649, 0.660159, 0.000000,
         1.527427,72.527153,-1.566154, 1.000000;;
      }
      Frame Armature_mixamorig_LeftUpLeg {
        FrameTransformMatrix {
          -0.847307, 0.073476,-0.525995, 0.000000,
          -0.529684,-0.044534, 0.847021, 0.000000,
           0.038811, 0.996302, 0.076651, 0.000000,
          15.658502,-8.406806, 1.466999, 1.000000;;
        }
        Frame Armature_mixamorig_LeftLeg {
          FrameTransformMatrix {
             0.798545,-0.520880,-0.301679, 0.000000,
            -0.018883, 0.479258,-0.877471, 0.000000,
             0.601639, 0.706397, 0.372873, 0.000000,
            -0.000003,37.074806,-0.000002, 1.000000;;
          }
          Frame Armature_mixamorig_LeftFoot {
            FrameTransformMatrix {
               0.981812, 0.001408, 0.189848, 0.000000,
              -0.112788, 0.808709, 0.577294, 0.000000,
              -0.152719,-0.588207, 0.794159, 0.000000,
               0.000000,38.107525, 0.000000, 1.000000;;
            }
            Frame Armature_mixamorig_LeftToeBase {
              FrameTransformMatrix {
                 0.988930,-0.142646,-0.040855, 0.000000,
                 0.127773, 0.678680, 0.723234, 0.000000,
                -0.075439,-0.720448, 0.689394, 0.000000,
                 0.000001,27.500038, 0.000003, 1.000000;;
              }
              Frame Armature_mixamorig_LeftToe_End {
                FrameTransformMatrix {
                   1.000000,-0.000000,-0.000000, 0.000000,
                   0.000000, 1.000000, 0.000000, 0.000000,
                   0.000000,-0.000000, 1.000000, 0.000000,
                   0.000001,18.087683, 0.000000, 1.000000;;
                }
              } // End of Armature_mixamorig_LeftToe_End
            } // End of Armature_mixamorig_LeftToeBase
          } // End of Armature_mixamorig_LeftFoot
        } // End of Armature_mixamorig_LeftLeg
      } // End of Armature_mixamorig_LeftUpLeg
      Frame Armature_mixamorig_RightUpLeg {
        FrameTransformMatrix {
          -0.678071,-0.054282,-0.732986, 0.000000,
          -0.037285,-0.993445, 0.108064, 0.000000,
          -0.734050, 0.100604, 0.671599, 0.000000,
          -15.658501,-8.406808, 1.467000, 1.000000;;
        }
        Frame Armature_mixamorig_RightLeg {
          FrameTransformMatrix {
             0.981133,-0.192880,-0.013247, 0.000000,
             0.008396, 0.110966,-0.993789, 0.000000,
             0.193152, 0.974928, 0.110492, 0.000000,
             0.000000,37.074711, 0.000000, 1.000000;;
          }
          Frame Armature_mixamorig_RightFoot {
            FrameTransformMatrix {
               0.958537, 0.284834,-0.008755, 0.000000,
               0.078294,-0.233689, 0.969154, 0.000000,
               0.274002,-0.929656,-0.246300, 0.000000,
               0.000000,38.107540, 0.000001, 1.000000;;
            }
            Frame Armature_mixamorig_RightToeBase {
              FrameTransformMatrix {
                 0.991933, 0.026609,-0.123942, 0.000000,
                 0.119556, 0.128688, 0.984452, 0.000000,
                 0.042145,-0.991328, 0.124469, 0.000000,
                -0.000002,27.500040, 0.000001, 1.000000;;
              }
              Frame Armature_mixamorig_RightToe_End {
                FrameTransformMatrix {
                   1.000000, 0.000000, 0.000000, 0.000000,
                  -0.000000, 1.000000, 0.000000, 0.000000,
                  -0.000000,-0.000000, 1.000000, 0.000000,
                  -0.000002,18.088081, 0.000000, 1.000000;;
                }
              } // End of Armature_mixamorig_RightToe_End
            } // End of Armature_mixamorig_RightToeBase
          } // End of Armature_mixamorig_RightFoot
        } // End of Armature_mixamorig_RightLeg
      } // End of Armature_mixamorig_RightUpLeg
      Frame Armature_mixamorig_Spine {
        FrameTransformMatrix {
           0.989735,-0.067748,-0.125838, 0.000000,
           0.079825, 0.992410, 0.093547, 0.000000,
           0.118545,-0.102631, 0.987630, 0.000000,
          -0.000000,12.947400, 1.306900, 1.000000;;
        }
        Frame Armature_mixamorig_Spine1 {
          FrameTransformMatrix {
             0.973849,-0.113285,-0.196940, 0.000000,
             0.145744, 0.976461, 0.159005, 0.000000,
             0.174292,-0.183549, 0.967436, 0.000000,
            -0.000001,11.650499,-0.000002, 1.000000;;
          }
          Frame Armature_mixamorig_Spine2 {
            FrameTransformMatrix {
               0.973848,-0.111432,-0.197995, 0.000000,
               0.146038, 0.974600, 0.169786, 0.000000,
               0.174046,-0.194260, 0.965386, 0.000000,
               0.000001,11.899610, 0.000000, 1.000000;;
            }
            Frame Armature_mixamorig_LeftShoulder {
              FrameTransformMatrix {
                 0.003242, 0.020461,-0.999786, 0.000000,
                 0.786163,-0.617936,-0.010097, 0.000000,
                -0.618010,-0.785962,-0.018089, 0.000000,
                15.693199,30.527601,-14.885508, 1.000000;;
              }
              Frame Armature_mixamorig_LeftArm {
                FrameTransformMatrix {
                   0.965381, 0.138525, 0.221019, 0.000000,
                  -0.185235, 0.960647, 0.206991, 0.000000,
                  -0.183648,-0.240765, 0.953050, 0.000000,
                  -0.000001,18.001999, 0.000005, 1.000000;;
                }
                Frame Armature_mixamorig_LeftForeArm {
                  FrameTransformMatrix {
                     0.734695, 0.654535,-0.178346, 0.000000,
                    -0.657221, 0.751897, 0.052068, 0.000000,
                     0.168178, 0.078959, 0.982589, 0.000000,
                    -0.000001,37.520100, 0.000004, 1.000000;;
                  }
                  Frame Armature_mixamorig_LeftHand {
                    FrameTransformMatrix {
                       0.970943, 0.124756,-0.204221, 0.000000,
                      -0.169330, 0.961171,-0.217893, 0.000000,
                       0.169108, 0.246142, 0.954367, 0.000000,
                      -0.000002,41.865597,-0.000004, 1.000000;;
                    }
                    Frame Armature_mixamorig_LeftHandIndex1 {
                      FrameTransformMatrix {
                         0.965454, 0.223063,-0.134688, 0.000000,
                         0.145390,-0.032192, 0.988851, 0.000000,
                         0.216240,-0.974272,-0.063511, 0.000000,
                        -6.345712,17.472898, 0.144192, 1.000000;;
                      }
                      Frame Armature_mixamorig_LeftHandIndex2 {
                        FrameTransformMatrix {
                           0.992057, 0.073514, 0.102067, 0.000000,
                          -0.107345, 0.071831, 0.991624, 0.000000,
                           0.065567,-0.994704, 0.079152, 0.000000,
                          -0.000001, 6.306509, 0.000007, 1.000000;;
                        }
                        Frame Armature_mixamorig_LeftHandIndex3 {
                          FrameTransformMatrix {
                             1.000000,-0.000000,-0.000000, 0.000000,
                            -0.000000, 1.000000, 0.000000, 0.000000,
                             0.000000,-0.000000, 1.000000, 0.000000,
                             0.000005, 5.286999, 0.000002, 1.000000;;
                          }
                          Frame Armature_mixamorig_LeftHandIndex4 {
                            FrameTransformMatrix {
                               1.000000,-0.000000, 0.000000, 0.000000,
                              -0.000000, 1.000000,-0.000000, 0.000000,
                               0.000000, 0.000000, 1.000000, 0.000000,
                               0.000002, 4.643600,-0.000002, 1.000000;;
                            }
                          } // End of Armature_mixamorig_LeftHandIndex4
                        } // End of Armature_mixamorig_LeftHandIndex3
                      } // End of Armature_mixamorig_LeftHandIndex2
                    } // End of Armature_mixamorig_LeftHandIndex1
                    Frame Armature_mixamorig_LeftHandMiddle1 {
                      FrameTransformMatrix {
                         0.999519,-0.024439,-0.019077, 0.000000,
                         0.016175,-0.113865, 0.993365, 0.000000,
                        -0.026449,-0.993196,-0.113414, 0.000000,
                        -0.112411,18.009901,-0.441101, 1.000000;;
                      }
                      Frame Armature_mixamorig_LeftHandMiddle2 {
                        FrameTransformMatrix {
                           0.990175, 0.092346, 0.104999, 0.000000,
                          -0.106409, 0.010461, 0.994267, 0.000000,
                           0.090718,-0.995672, 0.020185, 0.000000,
                          -0.000001, 6.842808,-0.000001, 1.000000;;
                        }
                        Frame Armature_mixamorig_LeftHandMiddle3 {
                          FrameTransformMatrix {
                             1.000000, 0.000000,-0.000000, 0.000000,
                            -0.000000, 1.000000, 0.000000, 0.000000,
                            -0.000000,-0.000000, 1.000000, 0.000000,
                            -0.000001, 5.656095, 0.000000, 1.000000;;
                          }
                          Frame Armature_mixamorig_LeftHandMiddle4 {
                            FrameTransformMatrix {
                               1.000000, 0.000000,-0.000000, 0.000000,
                              -0.000000, 1.000000, 0.000000, 0.000000,
                              -0.000000,-0.000000, 1.000000, 0.000000,
                               0.000003, 4.457901,-0.000007, 1.000000;;
                            }
                          } // End of Armature_mixamorig_LeftHandMiddle4
                        } // End of Armature_mixamorig_LeftHandMiddle3
                      } // End of Armature_mixamorig_LeftHandMiddle2
                    } // End of Armature_mixamorig_LeftHandMiddle1
                    Frame Armature_mixamorig_LeftHandPinky1 {
                      FrameTransformMatrix {
                         0.945859,-0.308375, 0.101271, 0.000000,
                        -0.165786,-0.190766, 0.967535, 0.000000,
                        -0.279045,-0.931940,-0.231562, 0.000000,
                        11.143591,14.820596, 0.001793, 1.000000;;
                      }
                      Frame Armature_mixamorig_LeftHandPinky2 {
                        FrameTransformMatrix {
                           0.993994, 0.105246, 0.029980, 0.000000,
                           0.001407,-0.286230, 0.958160, 0.000000,
                           0.109424,-0.952363,-0.284659, 0.000000,
                           0.000007, 5.576291, 0.000003, 1.000000;;
                        }
                        Frame Armature_mixamorig_LeftHandPinky3 {
                          FrameTransformMatrix {
                             1.000000, 0.000000,-0.000000, 0.000000,
                            -0.000000, 1.000000, 0.000000, 0.000000,
                             0.000000, 0.000000, 1.000000, 0.000000,
                             0.000000, 4.090198,-0.000015, 1.000000;;
                          }
                          Frame Armature_mixamorig_LeftHandPinky4 {
                            FrameTransformMatrix {
                               1.000000,-0.000000,-0.000000, 0.000000,
                               0.000000, 1.000000,-0.000000, 0.000000,
                               0.000000,-0.000000, 1.000000, 0.000000,
                               0.000000, 4.222302,-0.000015, 1.000000;;
                            }
                          } // End of Armature_mixamorig_LeftHandPinky4
                        } // End of Armature_mixamorig_LeftHandPinky3
                      } // End of Armature_mixamorig_LeftHandPinky2
                    } // End of Armature_mixamorig_LeftHandPinky1
                    Frame Armature_mixamorig_LeftHandRing1 {
                      FrameTransformMatrix {
                         0.981275,-0.185847, 0.050597, 0.000000,
                        -0.086511,-0.190557, 0.977857, 0.000000,
                        -0.172090,-0.963924,-0.203067, 0.000000,
                         5.832493,16.592598,-0.117397, 1.000000;;
                      }
                      Frame Armature_mixamorig_LeftHandRing2 {
                        FrameTransformMatrix {
                           0.995182, 0.071823, 0.066745, 0.000000,
                          -0.054778,-0.157309, 0.986029, 0.000000,
                           0.081319,-0.984934,-0.152617, 0.000000,
                           0.000000, 6.332907, 0.000002, 1.000000;;
                        }
                        Frame Armature_mixamorig_LeftHandRing3 {
                          FrameTransformMatrix {
                             1.000000, 0.000000, 0.000000, 0.000000,
                            -0.000000, 1.000000, 0.000000, 0.000000,
                             0.000000,-0.000000, 1.000000, 0.000000,
                             0.000003, 5.608897, 0.000001, 1.000000;;
                          }
                          Frame Armature_mixamorig_LeftHandRing4 {
                            FrameTransformMatrix {
                               1.000000,-0.000000, 0.000000, 0.000000,
                              -0.000000, 1.000000, 0.000000, 0.000000,
                              -0.000000,-0.000000, 1.000000, 0.000000,
                              -0.000001, 4.489698, 0.000000, 1.000000;;
                            }
                          } // End of Armature_mixamorig_LeftHandRing4
                        } // End of Armature_mixamorig_LeftHandRing3
                      } // End of Armature_mixamorig_LeftHandRing2
                    } // End of Armature_mixamorig_LeftHandRing1
                    Frame Armature_mixamorig_LeftHandThumb1 {
                      FrameTransformMatrix {
                         0.775405, 0.591468,-0.221161, 0.000000,
                        -0.194931, 0.557335, 0.807081, 0.000000,
                         0.600624,-0.582704, 0.547455, 0.000000,
                        -7.297913, 5.809497, 5.140806, 1.000000;;
                      }
                      Frame Armature_mixamorig_LeftHandThumb2 {
                        FrameTransformMatrix {
                           0.980664,-0.182613,-0.070360, 0.000000,
                           0.182605, 0.983164,-0.006588, 0.000000,
                           0.070379,-0.006388, 0.997500, 0.000000,
                          -0.000002, 6.981899,-0.000001, 1.000000;;
                        }
                        Frame Armature_mixamorig_LeftHandThumb3 {
                          FrameTransformMatrix {
                             1.000000, 0.000001,-0.000002, 0.000000,
                            -0.000001, 1.000000, 0.000001, 0.000000,
                             0.000002,-0.000001, 1.000000, 0.000000,
                             0.000001, 4.446802,-0.000003, 1.000000;;
                          }
                          Frame Armature_mixamorig_LeftHandThumb4 {
                            FrameTransformMatrix {
                               1.000000,-0.000002, 0.000003, 0.000000,
                               0.000002, 1.000000,-0.000002, 0.000000,
                              -0.000003, 0.000002, 1.000000, 0.000000,
                              -0.000010, 5.337998, 0.000005, 1.000000;;
                            }
                          } // End of Armature_mixamorig_LeftHandThumb4
                        } // End of Armature_mixamorig_LeftHandThumb3
                      } // End of Armature_mixamorig_LeftHandThumb2
                    } // End of Armature_mixamorig_LeftHandThumb1
                  } // End of Armature_mixamorig_LeftHand
                } // End of Armature_mixamorig_LeftForeArm
              } // End of Armature_mixamorig_LeftArm
            } // End of Armature_mixamorig_LeftShoulder
            Frame Armature_mixamorig_Neck {
              FrameTransformMatrix {
                 0.842392, 0.191325, 0.503756, 0.000000,
                -0.213376, 0.976867,-0.014199, 0.000000,
                -0.494819,-0.095528, 0.863729, 0.000000,
                -0.000001,29.862499,-6.856805, 1.000000;;
              }
              Frame Armature_mixamorig_Head {
                FrameTransformMatrix {
                   0.942578, 0.299090, 0.148631, 0.000000,
                  -0.160953, 0.016850, 0.986818, 0.000000,
                   0.292643,-0.954076, 0.064022, 0.000000,
                   0.000002,15.812693, 4.504616, 1.000000;;
                }
                Frame Armature_mixamorig_HeadTop_End {
                  FrameTransformMatrix {
                     1.000000,-0.000000,-0.000000, 0.000000,
                     0.000000, 1.000000, 0.000000, 0.000000,
                     0.000000,-0.000000, 1.000000, 0.000000,
                     0.000000, 8.548805,-16.914196, 1.000000;;
                  }
                } // End of Armature_mixamorig_HeadTop_End
                Frame Armature_mixamorig_RightEye {
                  FrameTransformMatrix {
                    -0.000000, 1.000000, 0.000000, 0.000000,
                     0.000000,-0.000000, 1.000000, 0.000000,
                     1.000000, 0.000000,-0.000000, 0.000000,
                    -4.116900,14.065413,-5.662584, 1.000000;;
                  }
                } // End of Armature_mixamorig_RightEye
              } // End of Armature_mixamorig_Head
            } // End of Armature_mixamorig_Neck
            Frame Armature_mixamorig_RightShoulder {
              FrameTransformMatrix {
                 0.264834,-0.026136, 0.963940, 0.000000,
                -0.963248, 0.039376, 0.265712, 0.000000,
                -0.044901,-0.998883,-0.014748, 0.000000,
                -15.693205,30.527903,-14.885501, 1.000000;;
              }
              Frame Armature_mixamorig_RightArm {
                FrameTransformMatrix {
                   0.256274,-0.924741,-0.281387, 0.000000,
                   0.753876, 0.373415,-0.540585, 0.000000,
                   0.604975,-0.073593, 0.792836, 0.000000,
                   0.000005,18.001894, 0.000006, 1.000000;;
                }
                Frame Armature_mixamorig_RightForeArm {
                  FrameTransformMatrix {
                     0.465967,-0.877408,-0.114149, 0.000000,
                     0.847989, 0.406022, 0.340677, 0.000000,
                    -0.252566,-0.255541, 0.933225, 0.000000,
                    -0.000001,37.520103,-0.000002, 1.000000;;
                  }
                  Frame Armature_mixamorig_RightHand {
                    FrameTransformMatrix {
                       0.828532,-0.412400, 0.378762, 0.000000,
                       0.498268, 0.851621,-0.162695, 0.000000,
                      -0.255466, 0.323523, 0.911082, 0.000000,
                      -0.000008,41.865704, 0.000003, 1.000000;;
                    }
                    Frame Armature_mixamorig_RightHandIndex1 {
                      FrameTransformMatrix {
                         0.997352,-0.037109, 0.062551, 0.000000,
                        -0.058367, 0.104744, 0.992785, 0.000000,
                        -0.043393,-0.993807, 0.102300, 0.000000,
                         6.345602,17.473011, 0.144410, 1.000000;;
                      }
                      Frame Armature_mixamorig_RightHandIndex2 {
                        FrameTransformMatrix {
                           0.993749,-0.043728,-0.102713, 0.000000,
                           0.104076, 0.030108, 0.994114, 0.000000,
                          -0.040378,-0.998590, 0.034471, 0.000000,
                           0.000001, 6.305992, 0.000003, 1.000000;;
                        }
                        Frame Armature_mixamorig_RightHandIndex3 {
                          FrameTransformMatrix {
                             1.000000, 0.000000,-0.000000, 0.000000,
                            -0.000000, 1.000000,-0.000000, 0.000000,
                             0.000000, 0.000000, 1.000000, 0.000000,
                            -0.000000, 5.287008,-0.000011, 1.000000;;
                          }
                          Frame Armature_mixamorig_RightHandIndex4 {
                            FrameTransformMatrix {
                               1.000000,-0.000000, 0.000000, 0.000000,
                              -0.000000, 1.000000, 0.000000, 0.000000,
                               0.000000,-0.000000, 1.000000, 0.000000,
                               0.000001, 4.643995,-0.000000, 1.000000;;
                            }
                          } // End of Armature_mixamorig_RightHandIndex4
                        } // End of Armature_mixamorig_RightHandIndex3
                      } // End of Armature_mixamorig_RightHandIndex2
                    } // End of Armature_mixamorig_RightHandIndex1
                    Frame Armature_mixamorig_RightHandMiddle1 {
                      FrameTransformMatrix {
                         0.997467,-0.022475,-0.067488, 0.000000,
                         0.069099, 0.080946, 0.994321, 0.000000,
                        -0.016884,-0.996465, 0.082294, 0.000000,
                         0.112397,18.009605,-0.440803, 1.000000;;
                      }
                      Frame Armature_mixamorig_RightHandMiddle2 {
                        FrameTransformMatrix {
                           0.990662,-0.068071,-0.118135, 0.000000,
                           0.103056,-0.193448, 0.975683, 0.000000,
                          -0.089268,-0.978746,-0.184626, 0.000000,
                          -0.000003, 6.843015,-0.000001, 1.000000;;
                        }
                        Frame Armature_mixamorig_RightHandMiddle3 {
                          FrameTransformMatrix {
                             1.000000, 0.000000,-0.000000, 0.000000,
                            -0.000000, 1.000000, 0.000000, 0.000000,
                             0.000000,-0.000000, 1.000000, 0.000000,
                            -0.000001, 5.656006, 0.000003, 1.000000;;
                          }
                          Frame Armature_mixamorig_RightHandMiddle4 {
                            FrameTransformMatrix {
                               1.000000, 0.000000, 0.000000, 0.000000,
                               0.000000, 1.000000,-0.000000, 0.000000,
                               0.000000, 0.000000, 1.000000, 0.000000,
                              -0.000003, 4.458007,-0.000005, 1.000000;;
                            }
                          } // End of Armature_mixamorig_RightHandMiddle4
                        } // End of Armature_mixamorig_RightHandMiddle3
                      } // End of Armature_mixamorig_RightHandMiddle2
                    } // End of Armature_mixamorig_RightHandMiddle1
                    Frame Armature_mixamorig_RightHandPinky1 {
                      FrameTransformMatrix {
                         0.939696, 0.233776,-0.249640, 0.000000,
                         0.264097,-0.032201, 0.963958, 0.000000,
                         0.217312,-0.971757,-0.091999, 0.000000,
                        -11.143703,14.820505, 0.002411, 1.000000;;
                      }
                      Frame Armature_mixamorig_RightHandPinky2 {
                        FrameTransformMatrix {
                           0.982871,-0.161410,-0.088951, 0.000000,
                           0.012769,-0.421846, 0.906578, 0.000000,
                          -0.183854,-0.892185,-0.412559, 0.000000,
                           0.000010, 5.576009, 0.000003, 1.000000;;
                        }
                        Frame Armature_mixamorig_RightHandPinky3 {
                          FrameTransformMatrix {
                             1.000000, 0.000000, 0.000000, 0.000000,
                            -0.000000, 1.000000,-0.000000, 0.000000,
                            -0.000000, 0.000000, 1.000000, 0.000000,
                            -0.000007, 4.089984, 0.000005, 1.000000;;
                          }
                          Frame Armature_mixamorig_RightHandPinky4 {
                            FrameTransformMatrix {
                               1.000000, 0.000000,-0.000000, 0.000000,
                              -0.000000, 1.000000, 0.000000, 0.000000,
                               0.000000,-0.000000, 1.000000, 0.000000,
                               0.000015, 4.223013,-0.000002, 1.000000;;
                            }
                          } // End of Armature_mixamorig_RightHandPinky4
                        } // End of Armature_mixamorig_RightHandPinky3
                      } // End of Armature_mixamorig_RightHandPinky2
                    } // End of Armature_mixamorig_RightHandPinky1
                    Frame Armature_mixamorig_RightHandRing1 {
                      FrameTransformMatrix {
                         0.985349, 0.084246,-0.148287, 0.000000,
                         0.147740, 0.012723, 0.988944, 0.000000,
                         0.085201,-0.996364, 0.000090, 0.000000,
                        -5.832506,16.592411,-0.117306, 1.000000;;
                      }
                      Frame Armature_mixamorig_RightHandRing2 {
                        FrameTransformMatrix {
                           0.990817,-0.093935,-0.097252, 0.000000,
                           0.061345,-0.328667, 0.942451, 0.000000,
                          -0.120492,-0.939763,-0.319887, 0.000000,
                           0.000005, 6.332991,-0.000003, 1.000000;;
                        }
                        Frame Armature_mixamorig_RightHandRing3 {
                          FrameTransformMatrix {
                             1.000000,-0.000000, 0.000000, 0.000000,
                             0.000000, 1.000000, 0.000000, 0.000000,
                            -0.000000, 0.000000, 1.000000, 0.000000,
                             0.000000, 5.608998, 0.000010, 1.000000;;
                          }
                          Frame Armature_mixamorig_RightHandRing4 {
                            FrameTransformMatrix {
                               1.000000,-0.000000, 0.000000, 0.000000,
                               0.000000, 1.000000, 0.000000, 0.000000,
                              -0.000000, 0.000000, 1.000000, 0.000000,
                              -0.000008, 4.490021, 0.000007, 1.000000;;
                            }
                          } // End of Armature_mixamorig_RightHandRing4
                        } // End of Armature_mixamorig_RightHandRing3
                      } // End of Armature_mixamorig_RightHandRing2
                    } // End of Armature_mixamorig_RightHandRing1
                    Frame Armature_mixamorig_RightHandThumb1 {
                      FrameTransformMatrix {
                         0.649466,-0.714871, 0.259139, 0.000000,
                         0.309879, 0.560044, 0.768327, 0.000000,
                        -0.694384,-0.418700, 0.585253, 0.000000,
                         7.297806, 5.809104, 5.141002, 1.000000;;
                      }
                      Frame Armature_mixamorig_RightHandThumb2 {
                        FrameTransformMatrix {
                           0.947284, 0.319239,-0.027191, 0.000000,
                          -0.318321, 0.947397, 0.033333, 0.000000,
                           0.036402,-0.022921, 0.999074, 0.000000,
                          -0.000009, 6.982114, 0.000007, 1.000000;;
                        }
                        Frame Armature_mixamorig_RightHandThumb3 {
                          FrameTransformMatrix {
                             1.000000, 0.000000,-0.000000, 0.000000,
                            -0.000000, 1.000000, 0.000001, 0.000000,
                             0.000000,-0.000001, 1.000000, 0.000000,
                            -0.000002, 4.446900,-0.000004, 1.000000;;
                          }
                          Frame Armature_mixamorig_RightHandThumb4 {
                            FrameTransformMatrix {
                               1.000000, 0.000001,-0.000002, 0.000000,
                              -0.000001, 1.000000,-0.000000, 0.000000,
                               0.000002, 0.000000, 1.000000, 0.000000,
                              -0.000002, 5.338495, 0.000012, 1.000000;;
                            }
                          } // End of Armature_mixamorig_RightHandThumb4
                        } // End of Armature_mixamorig_RightHandThumb3
                      } // End of Armature_mixamorig_RightHandThumb2
                    } // End of Armature_mixamorig_RightHandThumb1
                  } // End of Armature_mixamorig_RightHand
                } // End of Armature_mixamorig_RightForeArm
              } // End of Armature_mixamorig_RightArm
            } // End of Armature_mixamorig_RightShoulder
          } // End of Armature_mixamorig_Spine2
        } // End of Armature_mixamorig_Spine1
      } // End of Armature_mixamorig_Spine
    } // End of Armature_mixamorig_Hips
  } // End of Armature
} // End of Root
AnimationSet Global {
  Animation {
    {Armature}
    AnimationKey { // Rotation
      0;
      34;
      0;4;-0.707107, 0.707107, 0.000000, 0.000000;;,
      1;4;-0.707107, 0.707107, 0.000000, 0.000000;;,
      2;4;-0.707107, 0.707107, 0.000000, 0.000000;;,
      3;4;-0.707107, 0.707107, 0.000000, 0.000000;;,
      4;4;-0.707107, 0.707107, 0.000000, 0.000000;;,
      5;4;-0.707107, 0.707107, 0.000000, 0.000000;;,
      6;4;-0.707107, 0.707107, 0.000000, 0.000000;;,
      7;4;-0.707107, 0.707107, 0.000000, 0.000000;;,
      8;4;-0.707107, 0.707107, 0.000000, 0.000000;;,
      9;4;-0.707107, 0.707107, 0.000000, 0.000000;;,
      10;4;-0.707107, 0.707107, 0.000000, 0.000000;;,
      11;4;-0.707107, 0.707107, 0.000000, 0.000000;;,
      12;4;-0.707107, 0.707107, 0.000000, 0.000000;;,
      13;4;-0.707107, 0.707107, 0.000000, 0.000000;;,
      14;4;-0.707107, 0.707107, 0.000000, 0.000000;;,
      15;4;-0.707107, 0.707107, 0.000000, 0.000000;;,
      16;4;-0.707107, 0.707107, 0.000000, 0.000000;;,
      17;4;-0.707107, 0.707107, 0.000000, 0.000000;;,
      18;4;-0.707107, 0.707107, 0.000000, 0.000000;;,
      19;4;-0.707107, 0.707107, 0.000000, 0.000000;;,
      20;4;-0.707107, 0.707107, 0.000000, 0.000000;;,
      21;4;-0.707107, 0.707107, 0.000000, 0.000000;;,
      22;4;-0.707107, 0.707107, 0.000000, 0.000000;;,
      23;4;-0.707107, 0.707107, 0.000000, 0.000000;;,
      24;4;-0.707107, 0.707107, 0.000000, 0.000000;;,
      25;4;-0.707107, 0.707107, 0.000000, 0.000000;;,
      26;4;-0.707107, 0.707107, 0.000000, 0.000000;;,
      27;4;-0.707107, 0.707107, 0.000000, 0.000000;;,
      28;4;-0.707107, 0.707107, 0.000000, 0.000000;;,
      29;4;-0.707107, 0.707107, 0.000000, 0.000000;;,
      30;4;-0.707107, 0.707107, 0.000000, 0.000000;;,
      31;4;-0.707107, 0.707107, 0.000000, 0.000000;;,
      32;4;-0.707107, 0.707107, 0.000000, 0.000000;;,
      33;4;-0.707107, 0.707107, 0.000000, 0.000000;;;
    }
    AnimationKey { // Scale
      1;
      34;
      0;3; 0.110000, 0.110000, 0.110000;;,
      1;3; 0.110000, 0.110000, 0.110000;;,
      2;3; 0.110000, 0.110000, 0.110000;;,
      3;3; 0.110000, 0.110000, 0.110000;;,
      4;3; 0.110000, 0.110000, 0.110000;;,
      5;3; 0.110000, 0.110000, 0.110000;;,
      6;3; 0.110000, 0.110000, 0.110000;;,
      7;3; 0.110000, 0.110000, 0.110000;;,
      8;3; 0.110000, 0.110000, 0.110000;;,
      9;3; 0.110000, 0.110000, 0.110000;;,
      10;3; 0.110000, 0.110000, 0.110000;;,
      11;3; 0.110000, 0.110000, 0.110000;;,
      12;3; 0.110000, 0.110000, 0.110000;;,
      13;3; 0.110000, 0.110000, 0.110000;;,
      14;3; 0.110000, 0.110000, 0.110000;;,
      15;3; 0.110000, 0.110000, 0.110000;;,
      16;3; 0.110000, 0.110000, 0.110000;;,
      17;3; 0.110000, 0.110000, 0.110000;;,
      18;3; 0.110000, 0.110000, 0.110000;;,
      19;3; 0.110000, 0.110000, 0.110000;;,
      20;3; 0.110000, 0.110000, 0.110000;;,
      21;3; 0.110000, 0.110000, 0.110000;;,
      22;3; 0.110000, 0.110000, 0.110000;;,
      23;3; 0.110000, 0.110000, 0.110000;;,
      24;3; 0.110000, 0.110000, 0.110000;;,
      25;3; 0.110000, 0.110000, 0.110000;;,
      26;3; 0.110000, 0.110000, 0.110000;;,
      27;3; 0.110000, 0.110000, 0.110000;;,
      28;3; 0.110000, 0.110000, 0.110000;;,
      29;3; 0.110000, 0.110000, 0.110000;;,
      30;3; 0.110000, 0.110000, 0.110000;;,
      31;3; 0.110000, 0.110000, 0.110000;;,
      32;3; 0.110000, 0.110000, 0.110000;;,
      33;3; 0.110000, 0.110000, 0.110000;;;
    }
    AnimationKey { // Position
      2;
      34;
      0;3; 0.000000, 0.000000, 0.000000;;,
      1;3; 0.000000, 0.000000, 0.000000;;,
      2;3; 0.000000, 0.000000, 0.000000;;,
      3;3; 0.000000, 0.000000, 0.000000;;,
      4;3; 0.000000, 0.000000, 0.000000;;,
      5;3; 0.000000, 0.000000, 0.000000;;,
      6;3; 0.000000, 0.000000, 0.000000;;,
      7;3; 0.000000, 0.000000, 0.000000;;,
      8;3; 0.000000, 0.000000, 0.000000;;,
      9;3; 0.000000, 0.000000, 0.000000;;,
      10;3; 0.000000, 0.000000, 0.000000;;,
      11;3; 0.000000, 0.000000, 0.000000;;,
      12;3; 0.000000, 0.000000, 0.000000;;,
      13;3; 0.000000, 0.000000, 0.000000;;,
      14;3; 0.000000, 0.000000, 0.000000;;,
      15;3; 0.000000, 0.000000, 0.000000;;,
      16;3; 0.000000, 0.000000, 0.000000;;,
      17;3; 0.000000, 0.000000, 0.000000;;,
      18;3; 0.000000, 0.000000, 0.000000;;,
      19;3; 0.000000, 0.000000, 0.000000;;,
      20;3; 0.000000, 0.000000, 0.000000;;,
      21;3; 0.000000, 0.000000, 0.000000;;,
      22;3; 0.000000, 0.000000, 0.000000;;,
      23;3; 0.000000, 0.000000, 0.000000;;,
      24;3; 0.000000, 0.000000, 0.000000;;,
      25;3; 0.000000, 0.000000, 0.000000;;,
      26;3; 0.000000, 0.000000, 0.000000;;,
      27;3; 0.000000, 0.000000, 0.000000;;,
      28;3; 0.000000, 0.000000, 0.000000;;,
      29;3; 0.000000, 0.000000, 0.000000;;,
      30;3; 0.000000, 0.000000, 0.000000;;,
      31;3; 0.000000, 0.000000, 0.000000;;,
      32;3; 0.000000, 0.000000, 0.000000;;,
      33;3; 0.000000, 0.000000, 0.000000;;;
    }
  }
  Animation {
    {Armature_mixamorig_Hips}
    AnimationKey { // Rotation
      0;
      34;
      0;4;-0.929029,-0.036980,-0.367959,-0.011953;;,
      1;4;-0.919477,-0.022721,-0.392479,-0.002632;;,
      2;4;-0.918102,-0.012233,-0.396153, 0.001043;;,
      3;4;-0.929966,-0.007361,-0.367570,-0.000932;;,
      4;4;-0.954182,-0.006164,-0.299011,-0.009528;;,
      5;4;-0.981373,-0.004448,-0.191125,-0.018929;;,
      6;4;-0.997947, 0.001546,-0.060776,-0.020137;;,
      7;4;-0.998415, 0.009129, 0.054494,-0.010721;;,
      8;4;-0.992386, 0.013930, 0.122331, 0.003476;;,
      9;4;-0.988096, 0.021155, 0.151498, 0.016342;;,
      10;4;-0.981297, 0.041501, 0.185947, 0.027517;;,
      11;4;-0.964837, 0.074155, 0.249280, 0.038066;;,
      12;4;-0.940300, 0.103942, 0.320538, 0.047826;;,
      13;4;-0.919359, 0.119937, 0.370794, 0.053907;;,
      14;4;-0.909650, 0.123510, 0.392843, 0.054374;;,
      15;4;-0.909678, 0.119069, 0.394643, 0.050654;;,
      16;4;-0.915945, 0.107999, 0.384022, 0.043692;;,
      17;4;-0.926189, 0.091705, 0.364229, 0.033182;;,
      18;4;-0.939033, 0.074033, 0.335198, 0.019429;;,
      19;4;-0.953497, 0.058427, 0.295644, 0.005003;;,
      20;4;-0.968931, 0.044397, 0.243214,-0.006961;;,
      21;4;-0.983848, 0.029781, 0.175873,-0.015008;;,
      22;4;-0.994986, 0.015280, 0.096688,-0.020502;;,
      23;4;-0.999518, 0.004216, 0.014824,-0.026933;;,
      24;4;-0.997522,-0.001424,-0.061784,-0.033639;;,
      25;4;-0.990667,-0.002934,-0.131426,-0.036026;;,
      26;4;-0.980166,-0.003293,-0.195641,-0.031430;;,
      27;4;-0.967102,-0.005918,-0.253316,-0.022557;;,
      28;4;-0.954069,-0.012303,-0.299014,-0.013862;;,
      29;4;-0.944071,-0.019044,-0.329066,-0.009165;;,
      30;4;-0.937678,-0.022649,-0.346640,-0.009322;;,
      31;4;-0.933511,-0.025113,-0.357466,-0.012070;;,
      32;4;-0.930606,-0.029953,-0.364544,-0.013522;;,
      33;4;-0.929028,-0.037071,-0.367961,-0.011723;;;
    }
    AnimationKey { // Scale
      1;
      34;
      0;3; 1.000000, 1.000000, 1.000000;;,
      1;3; 1.000000, 1.000000, 1.000000;;,
      2;3; 1.000000, 1.000000, 1.000000;;,
      3;3; 1.000000, 1.000000, 1.000000;;,
      4;3; 1.000000, 1.000000, 1.000000;;,
      5;3; 1.000000, 1.000000, 1.000000;;,
      6;3; 1.000000, 1.000000, 1.000000;;,
      7;3; 1.000000, 1.000000, 1.000000;;,
      8;3; 1.000000, 1.000000, 1.000000;;,
      9;3; 1.000000, 1.000000, 1.000000;;,
      10;3; 1.000000, 1.000000, 1.000000;;,
      11;3; 1.000000, 1.000000, 1.000000;;,
      12;3; 1.000000, 1.000000, 1.000000;;,
      13;3; 1.000000, 1.000000, 1.000000;;,
      14;3; 1.000000, 1.000000, 1.000000;;,
      15;3; 1.000000, 1.000000, 1.000000;;,
      16;3; 1.000000, 1.000000, 1.000000;;,
      17;3; 1.000000, 1.000000, 1.000000;;,
      18;3; 1.000000, 1.000000, 1.000000;;,
      19;3; 1.000000, 1.000000, 1.000000;;,
      20;3; 1.000000, 1.000000, 1.000000;;,
      21;3; 1.000000, 1.000000, 1.000000;;,
      22;3; 1.000000, 1.000000, 1.000000;;,
      23;3; 1.000000, 1.000000, 1.000000;;,
      24;3; 1.000000, 1.000000, 1.000000;;,
      25;3; 1.000000, 1.000000, 1.000000;;,
      26;3; 1.000000, 1.000000, 1.000000;;,
      27;3; 1.000000, 1.000000, 1.000000;;,
      28;3; 1.000000, 1.000000, 1.000000;;,
      29;3; 1.000000, 1.000000, 1.000000;;,
      30;3; 1.000000, 1.000000, 1.000000;;,
      31;3; 1.000000, 1.000000, 1.000000;;,
      32;3; 1.000000, 1.000000, 1.000000;;,
      33;3; 1.000000, 1.000000, 1.000000;;;
    }
    AnimationKey { // Position
      2;
      34;
      0;3; 1.527396,90.502243,-1.566154;;,
      1;3; 1.527400,88.359642,-1.566154;;,
      2;3; 1.527404,85.813095,-1.566154;;,
      3;3; 1.527408,83.596230,-1.566154;;,
      4;3; 1.527411,82.088104,-1.566154;;,
      5;3; 1.527412,81.454941,-1.566154;;,
      6;3; 1.527412,81.267792,-1.566154;;,
      7;3; 1.527413,80.516418,-1.566154;;,
      8;3; 1.527416,79.010735,-1.566154;;,
      9;3; 1.527419,77.343292,-1.566154;;,
      10;3; 1.527421,76.038300,-1.566154;;,
      11;3; 1.527423,75.026230,-1.566154;;,
      12;3; 1.527425,73.952431,-1.566154;;,
      13;3; 1.527426,73.055077,-1.566154;;,
      14;3; 1.527427,72.568581,-1.566154;;,
      15;3; 1.527427,72.527153,-1.566154;;,
      16;3; 1.527427,72.843864,-1.566154;;,
      17;3; 1.527426,73.478889,-1.566154;;,
      18;3; 1.527424,74.398232,-1.566154;;,
      19;3; 1.527422,75.562668,-1.566154;;,
      20;3; 1.527420,76.992149,-1.566154;;,
      21;3; 1.527417,78.591782,-1.566154;;,
      22;3; 1.527414,80.165977,-1.566154;;,
      23;3; 1.527411,81.889091,-1.566154;;,
      24;3; 1.527408,83.796974,-1.566154;;,
      25;3; 1.527404,85.696320,-1.566154;;,
      26;3; 1.527402,87.329437,-1.566154;;,
      27;3; 1.527400,88.473106,-1.566154;;,
      28;3; 1.527398,89.209953,-1.566154;;,
      29;3; 1.527397,89.727394,-1.566154;;,
