xof 0303txt 0032

template XSkinMeshHeader {
  <3cf169ce-ff7c-44ab-93c0-f78f62d172e2>
  WORD nMaxSkinWeightsPerVertex;
  WORD nMaxSkinWeightsPerFace;
  WORD nBones;
}

template SkinWeights {
  <6f0d123b-bad2-4167-a0d0-80224f25fabb>
  STRING transformNodeName;
  DWORD nWeights;
  array DWORD vertexIndices[nWeights];
  array float weights[nWeights];
  Matrix4x4 matrixOffset;
}

Frame Root {
  FrameTransformMatrix {
     1.000000, 0.000000, 0.000000, 0.000000,
     0.000000,-0.000000,-1.000000, 0.000000,
     0.000000, 1.000000,-0.000000, 0.000000,
     0.000000, 0.000000, 0.000000, 1.000000;;
  }
  Frame Armature {
    FrameTransformMatrix {
       0.110000, 0.000000, 0.000000, 0.000000,
       0.000000,-0.000000, 0.110000, 0.000000,
       0.000000,-0.110000,-0.000000, 0.000000,
       0.000000, 0.000000, 0.000000, 1.000000;;
    }
    Frame Armature_mixamorig_Hips {
      FrameTransformMatrix {
         0.984654, 0.119062,-0.127596, 0.000000,
        -0.077084, 0.952664, 0.294089, 0.000000,
         0.156571,-0.279740, 0.947223, 0.000000,
        -1.702647,72.349068,-1.354205, 1.000000;;
      }
      Frame Armature_mixamorig_LeftUpLeg {
        FrameTransformMatrix {
          -0.981312, 0.064565, 0.181269, 0.000000,
          -0.095928,-0.980767,-0.169975, 0.000000,
           0.166809,-0.184190, 0.968628, 0.000000,
          15.658500,-8.406807, 1.467001, 1.000000;;
        }
        Frame Armature_mixamorig_LeftLeg {
          FrameTransformMatrix {
             0.962671, 0.061027, 0.263705, 0.000000,
             0.191404, 0.535389,-0.822632, 0.000000,
            -0.191388, 0.842398, 0.503722, 0.000000,
            -0.000002,37.074814, 0.000001, 1.000000;;
          }
          Frame Armature_mixamorig_LeftFoot {
            FrameTransformMatrix {
               0.873916,-0.455104, 0.170737, 0.000000,
              -0.180835, 0.021638, 0.983275, 0.000000,
              -0.451187,-0.890175,-0.063388, 0.000000,
              -0.000002,38.107529,-0.000002, 1.000000;;
            }
            Frame Armature_mixamorig_LeftToeBase {
              FrameTransformMatrix {
                 0.967164,-0.197205, 0.160322, 0.000000,
                -0.143252, 0.098064, 0.984816, 0.000000,
                -0.209933,-0.975445, 0.066594, 0.000000,
                 0.000004,27.500038, 0.000001, 1.000000;;
              }
              Frame Armature_mixamorig_LeftToe_End {
                FrameTransformMatrix {
                   1.000000,-0.000000,-0.000000, 0.000000,
                   0.000000, 1.000000, 0.000000, 0.000000,
                   0.000000,-0.000000, 1.000000, 0.000000,
                   0.000004,18.087685, 0.000000, 1.000000;;
                }
              } // End of Armature_mixamorig_LeftToe_End
            } // End of Armature_mixamorig_LeftToeBase
          } // End of Armature_mixamorig_LeftFoot
        } // End of Armature_mixamorig_LeftLeg
      } // End of Armature_mixamorig_LeftUpLeg
      Frame Armature_mixamorig_RightUpLeg {
        FrameTransformMatrix {
          -0.999740, 0.018226,-0.013736, 0.000000,
          -0.011615, 0.111751, 0.993663, 0.000000,
           0.019646, 0.993569,-0.111512, 0.000000,
          -15.658500,-8.406808, 1.467002, 1.000000;;
        }
        Frame Armature_mixamorig_RightLeg {
          FrameTransformMatrix {
             0.988740,-0.112122,-0.099110, 0.000000,
            -0.047883, 0.390438,-0.919383, 0.000000,
             0.141779, 0.913776, 0.380673, 0.000000,
             0.000000,37.074711,-0.000002, 1.000000;;
          }
          Frame Armature_mixamorig_RightFoot {
            FrameTransformMatrix {
               0.724474,-0.366095,-0.584048, 0.000000,
               0.641086, 0.669186, 0.375764, 0.000000,
               0.253271,-0.646656, 0.719506, 0.000000,
              -0.000000,38.107533, 0.000004, 1.000000;;
            }
            Frame Armature_mixamorig_RightToeBase {
              FrameTransformMatrix {
                 0.991690, 0.071635,-0.106865, 0.000000,
                 0.031350, 0.671045, 0.740753, 0.000000,
                 0.124775,-0.737948, 0.663223, 0.000000,
                 0.000004,27.500042,-0.000000, 1.000000;;
              }
              Frame Armature_mixamorig_RightToe_End {
                FrameTransformMatrix {
                   1.000000, 0.000000, 0.000000, 0.000000,
                  -0.000000, 1.000000, 0.000000, 0.000000,
                  -0.000000,-0.000000, 1.000000, 0.000000,
                  -0.000008,18.088083, 0.000000, 1.000000;;
                }
              } // End of Armature_mixamorig_RightToe_End
            } // End of Armature_mixamorig_RightToeBase
          } // End of Armature_mixamorig_RightFoot
        } // End of Armature_mixamorig_RightLeg
      } // End of Armature_mixamorig_RightUpLeg
      Frame Armature_mixamorig_Spine {
        FrameTransformMatrix {
           0.952783, 0.110799, 0.282717, 0.000000,
          -0.159211, 0.975095, 0.154408, 0.000000,
          -0.258567,-0.192129, 0.946694, 0.000000,
           0.000000,12.947398, 1.306900, 1.000000;;
        }
        Frame Armature_mixamorig_Spine1 {
          FrameTransformMatrix {
             0.997453,-0.000816, 0.071317, 0.000000,
            -0.002081, 0.999176, 0.040534, 0.000000,
            -0.071291,-0.040579, 0.996630, 0.000000,
             0.000002,11.650499,-0.000001, 1.000000;;
          }
          Frame Armature_mixamorig_Spine2 {
            FrameTransformMatrix {
               0.997154, 0.001548, 0.075372, 0.000000,
              -0.005420, 0.998674, 0.051195, 0.000000,
              -0.075193,-0.051458, 0.995841, 0.000000,
               0.000001,11.899604,-0.000004, 1.000000;;
            }
            Frame Armature_mixamorig_LeftShoulder {
              FrameTransformMatrix {
                 0.205473, 0.049688,-0.977401, 0.000000,
                 0.911009,-0.374588, 0.172473, 0.000000,
                -0.357553,-0.925859,-0.122234, 0.000000,
                15.693201,30.527611,-14.885504, 1.000000;;
              }
              Frame Armature_mixamorig_LeftArm {
                FrameTransformMatrix {
                   0.270574, 0.922249,-0.276128, 0.000000,
                  -0.846660, 0.091443,-0.524218, 0.000000,
                  -0.458210, 0.375627, 0.805573, 0.000000,
                   0.000008,18.001995, 0.000010, 1.000000;;
                }
                Frame Armature_mixamorig_LeftForeArm {
                  FrameTransformMatrix {
                    -0.082105, 0.996624, 0.000005, 0.000000,
                    -0.996624,-0.082105, 0.000005, 0.000000,
                     0.000006,-0.000005, 1.000000, 0.000000,
                     0.000003,37.520100, 0.000007, 1.000000;;
                  }
                  Frame Armature_mixamorig_LeftHand {
                    FrameTransformMatrix {
                       0.901836, 0.350572,-0.252571, 0.000000,
                      -0.379035, 0.922503,-0.072944, 0.000000,
                       0.207425, 0.161517, 0.964825, 0.000000,
                       0.000001,41.865608, 0.000008, 1.000000;;
                    }
                    Frame Armature_mixamorig_LeftHandIndex1 {
                      FrameTransformMatrix {
                         0.996270,-0.085834,-0.008856, 0.000000,
                         0.085618, 0.970507, 0.225359, 0.000000,
                        -0.010749,-0.225277, 0.974236, 0.000000,
                        -6.345707,17.472900, 0.144192, 1.000000;;
                      }
                      Frame Armature_mixamorig_LeftHandIndex2 {
                        FrameTransformMatrix {
                           0.999596,-0.028174,-0.003827, 0.000000,
                           0.028174, 0.963365, 0.266709, 0.000000,
                          -0.003827,-0.266709, 0.963770, 0.000000,
                           0.000003, 6.306503,-0.000003, 1.000000;;
                        }
                        Frame Armature_mixamorig_LeftHandIndex3 {
                          FrameTransformMatrix {
                             0.999596,-0.028166,-0.003825, 0.000000,
                             0.028166, 0.963387, 0.266631, 0.000000,
                            -0.003825,-0.266631, 0.963791, 0.000000,
                             0.000001, 5.286994, 0.000007, 1.000000;;
                          }
                          Frame Armature_mixamorig_LeftHandIndex4 {
                            FrameTransformMatrix {
                               1.000000,-0.000000,-0.000000, 0.000000,
                               0.000000, 1.000000,-0.000000, 0.000000,
                              -0.000000, 0.000000, 1.000000, 0.000000,
                               0.000001, 4.643595,-0.000010, 1.000000;;
                            }
                          } // End of Armature_mixamorig_LeftHandIndex4
                        } // End of Armature_mixamorig_LeftHandIndex3
                      } // End of Armature_mixamorig_LeftHandIndex2
                    } // End of Armature_mixamorig_LeftHandIndex1
                    Frame Armature_mixamorig_LeftHandMiddle1 {
                      FrameTransformMatrix {
                         0.992987,-0.114503,-0.029437, 0.000000,
                         0.112749, 0.842249, 0.527166, 0.000000,
                        -0.035569,-0.526788, 0.849252, 0.000000,
                        -0.112407,18.009899,-0.441108, 1.000000;;
                      }
                      Frame Armature_mixamorig_LeftHandMiddle2 {
                        FrameTransformMatrix {
                           0.998059,-0.059505,-0.018376, 0.000000,
                           0.059505, 0.824106, 0.563301, 0.000000,
                          -0.018376,-0.563301, 0.826047, 0.000000,
                          -0.000002, 6.842806, 0.000007, 1.000000;;
                        }
                        Frame Armature_mixamorig_LeftHandMiddle3 {
                          FrameTransformMatrix {
                             0.997836,-0.062477,-0.020484, 0.000000,
                             0.062477, 0.803926, 0.591439, 0.000000,
                            -0.020484,-0.591439, 0.806089, 0.000000,
                             0.000003, 5.656101, 0.000008, 1.000000;;
                          }
                          Frame Armature_mixamorig_LeftHandMiddle4 {
                            FrameTransformMatrix {
                               1.000000, 0.000000, 0.000000, 0.000000,
                              -0.000000, 1.000000, 0.000000, 0.000000,
                              -0.000000,-0.000000, 1.000000, 0.000000,
                               0.000000, 4.457901, 0.000004, 1.000000;;
                            }
                          } // End of Armature_mixamorig_LeftHandMiddle4
                        } // End of Armature_mixamorig_LeftHandMiddle3
                      } // End of Armature_mixamorig_LeftHandMiddle2
                    } // End of Armature_mixamorig_LeftHandMiddle1
                    Frame Armature_mixamorig_LeftHandPinky1 {
                      FrameTransformMatrix {
                         0.988690,-0.136455,-0.062225, 0.000000,
                         0.131720, 0.591709, 0.795318, 0.000000,
                        -0.071706,-0.794519, 0.602991, 0.000000,
                        11.143597,14.820601, 0.001791, 1.000000;;
                      }
                      Frame Armature_mixamorig_LeftHandPinky2 {
                        FrameTransformMatrix {
                           0.995806,-0.082423,-0.039698, 0.000000,
                           0.082423, 0.620003, 0.780258, 0.000000,
                          -0.039698,-0.780258, 0.624196, 0.000000,
                           0.000007, 5.576299,-0.000010, 1.000000;;
                        }
                        Frame Armature_mixamorig_LeftHandPinky3 {
                          FrameTransformMatrix {
                             0.995808,-0.082413,-0.039685, 0.000000,
                             0.082413, 0.620123, 0.780164, 0.000000,
                            -0.039686,-0.780164, 0.624315, 0.000000,
                             0.000004, 4.090201, 0.000004, 1.000000;;
                          }
                          Frame Armature_mixamorig_LeftHandPinky4 {
                            FrameTransformMatrix {
                               1.000000, 0.000000, 0.000000, 0.000000,
                               0.000000, 1.000000,-0.000000, 0.000000,
                              -0.000000,-0.000000, 1.000000, 0.000000,
                               0.000004, 4.222301, 0.000002, 1.000000;;
                            }
                          } // End of Armature_mixamorig_LeftHandPinky4
                        } // End of Armature_mixamorig_LeftHandPinky3
                      } // End of Armature_mixamorig_LeftHandPinky2
                    } // End of Armature_mixamorig_LeftHandPinky1
                    Frame Armature_mixamorig_LeftHandRing1 {
                      FrameTransformMatrix {
                         0.990813,-0.127394,-0.045389, 0.000000,
                         0.124251, 0.725012, 0.677436, 0.000000,
                        -0.053394,-0.676852, 0.734180, 0.000000,
                         5.832495,16.592602,-0.117397, 1.000000;;
                      }
                      Frame Armature_mixamorig_LeftHandRing2 {
                        FrameTransformMatrix {
                           0.997106,-0.070920,-0.027400, 0.000000,
                           0.070920, 0.737723, 0.671368, 0.000000,
                          -0.027400,-0.671368, 0.740617, 0.000000,
                          -0.000007, 6.332901, 0.000010, 1.000000;;
                        }
                        Frame Armature_mixamorig_LeftHandRing3 {
                          FrameTransformMatrix {
                             0.996842,-0.073570,-0.029897, 0.000000,
                             0.073570, 0.713823, 0.696451, 0.000000,
                            -0.029897,-0.696451, 0.716981, 0.000000,
                             0.000008, 5.608910,-0.000008, 1.000000;;
                          }
                          Frame Armature_mixamorig_LeftHandRing4 {
                            FrameTransformMatrix {
                               1.000000, 0.000000, 0.000000, 0.000000,
                               0.000000, 1.000000,-0.000000, 0.000000,
                               0.000000,-0.000000, 1.000000, 0.000000,
                              -0.000002, 4.489704,-0.000006, 1.000000;;
                            }
                          } // End of Armature_mixamorig_LeftHandRing4
                        } // End of Armature_mixamorig_LeftHandRing3
                      } // End of Armature_mixamorig_LeftHandRing2
                    } // End of Armature_mixamorig_LeftHandRing1
                    Frame Armature_mixamorig_LeftHandThumb1 {
                      FrameTransformMatrix {
                         0.545120, 0.826990, 0.137593, 0.000000,
                        -0.820800, 0.493053, 0.288422, 0.000000,
                         0.170681,-0.270161, 0.947566, 0.000000,
                        -7.297905, 5.809494, 5.140800, 1.000000;;
                      }
                      Frame Armature_mixamorig_LeftHandThumb2 {
                        FrameTransformMatrix {
                           0.701734,-0.703474, 0.112669, 0.000000,
                           0.705670, 0.708068, 0.025866, 0.000000,
                          -0.097973, 0.061356, 0.993296, 0.000000,
                           0.000001, 6.981913, 0.000008, 1.000000;;
                        }
                        Frame Armature_mixamorig_LeftHandThumb3 {
                          FrameTransformMatrix {
                             0.990183, 0.131384,-0.047697, 0.000000,
                            -0.139482, 0.950837,-0.276504, 0.000000,
                             0.009024, 0.280443, 0.959828, 0.000000,
                            -0.000002, 4.446802, 0.000004, 1.000000;;
                          }
                          Frame Armature_mixamorig_LeftHandThumb4 {
                            FrameTransformMatrix {
                               1.000000,-0.000002, 0.000003, 0.000000,
                               0.000002, 1.000000,-0.000002, 0.000000,
                              -0.000003, 0.000002, 1.000000, 0.000000,
                              -0.000003, 5.337987,-0.000015, 1.000000;;
                            }
                          } // End of Armature_mixamorig_LeftHandThumb4
                        } // End of Armature_mixamorig_LeftHandThumb3
                      } // End of Armature_mixamorig_LeftHandThumb2
                    } // End of Armature_mixamorig_LeftHandThumb1
                  } // End of Armature_mixamorig_LeftHand
                } // End of Armature_mixamorig_LeftForeArm
              } // End of Armature_mixamorig_LeftArm
            } // End of Armature_mixamorig_LeftShoulder
            Frame Armature_mixamorig_Neck {
              FrameTransformMatrix {
                 0.996250,-0.076679,-0.040078, 0.000000,
                 0.076127, 0.996984,-0.015120, 0.000000,
                 0.041117, 0.012013, 0.999082, 0.000000,
                 0.000000,29.862503,-6.856795, 1.000000;;
              }
              Frame Armature_mixamorig_Head {
                FrameTransformMatrix {
                   0.968312,-0.210451,-0.134468, 0.000000,
                   0.161983, 0.119425, 0.979540, 0.000000,
                  -0.190087,-0.970282, 0.149730, 0.000000,
                   0.000000,15.812691, 4.504599, 1.000000;;
                }
                Frame Armature_mixamorig_HeadTop_End {
                  FrameTransformMatrix {
                     1.000000,-0.000000,-0.000000, 0.000000,
                     0.000000, 1.000000, 0.000000, 0.000000,
                     0.000000,-0.000000, 1.000000, 0.000000,
                     0.000001, 8.548812,-16.914190, 1.000000;;
                  }
                } // End of Armature_mixamorig_HeadTop_End
                Frame Armature_mixamorig_RightEye {
                  FrameTransformMatrix {
                    -0.000000, 1.000000, 0.000000, 0.000000,
                     0.000000,-0.000000, 1.000000, 0.000000,
                     1.000000, 0.000000,-0.000000, 0.000000,
                    -4.116900,14.065408,-5.662586, 1.000000;;
                  }
                } // End of Armature_mixamorig_RightEye
              } // End of Armature_mixamorig_Head
            } // End of Armature_mixamorig_Neck
            Frame Armature_mixamorig_RightShoulder {
              FrameTransformMatrix {
                 0.021861,-0.020889, 0.999543, 0.000000,
                -0.734570,-0.678530, 0.001885, 0.000000,
                 0.678180,-0.734275,-0.030178, 0.000000,
                -15.693201,30.527910,-14.885494, 1.000000;;
              }
              Frame Armature_mixamorig_RightArm {
                FrameTransformMatrix {
                   0.841341, 0.395847,-0.368035, 0.000000,
                  -0.285962, 0.903803, 0.318380, 0.000000,
                   0.458661,-0.162622, 0.873604, 0.000000,
                   0.000006,18.001898, 0.000009, 1.000000;;
                }
                Frame Armature_mixamorig_RightForeArm {
                  FrameTransformMatrix {
                     0.982544,-0.186032,-0.000000, 0.000000,
                     0.186032, 0.982544, 0.000001, 0.000000,
                     0.000000,-0.000001, 1.000000, 0.000000,
                     0.000008,37.520119,-0.000015, 1.000000;;
                  }
                  Frame Armature_mixamorig_RightHand {
                    FrameTransformMatrix {
                       0.907998,-0.321552, 0.268596, 0.000000,
                       0.384221, 0.894704,-0.227769, 0.000000,
                      -0.167075, 0.310014, 0.935936, 0.000000,
                       0.000000,41.865707, 0.000008, 1.000000;;
                    }
                    Frame Armature_mixamorig_RightHandIndex1 {
                      FrameTransformMatrix {
                         0.992469,-0.119208,-0.028171, 0.000000,
                         0.122317, 0.976763, 0.175988, 0.000000,
                         0.006537,-0.178109, 0.983989, 0.000000,
                         6.345602,17.473017, 0.144403, 1.000000;;
                      }
                      Frame Armature_mixamorig_RightHandIndex2 {
                        FrameTransformMatrix {
                           0.999710, 0.023832, 0.003427, 0.000000,
                          -0.023832, 0.959197, 0.281734, 0.000000,
                           0.003427,-0.281733, 0.959487, 0.000000,
                           0.000002, 6.305997, 0.000002, 1.000000;;
                        }
                        Frame Armature_mixamorig_RightHandIndex3 {
                          FrameTransformMatrix {
                             0.999694, 0.024460, 0.003614, 0.000000,
                            -0.024459, 0.956970, 0.289154, 0.000000,
                             0.003614,-0.289154, 0.957276, 0.000000,
                            -0.000001, 5.287007, 0.000000, 1.000000;;
                          }
                          Frame Armature_mixamorig_RightHandIndex4 {
                            FrameTransformMatrix {
                               1.000000,-0.000000,-0.000000, 0.000000,
                               0.000000, 1.000000, 0.000000, 0.000000,
                               0.000000,-0.000000, 1.000000, 0.000000,
                               0.000003, 4.644003, 0.000012, 1.000000;;
                            }
                          } // End of Armature_mixamorig_RightHandIndex4
                        } // End of Armature_mixamorig_RightHandIndex3
                      } // End of Armature_mixamorig_RightHandIndex2
                    } // End of Armature_mixamorig_RightHandIndex1
                    Frame Armature_mixamorig_RightHandMiddle1 {
                      FrameTransformMatrix {
                         0.999394,-0.027025,-0.021921, 0.000000,
                         0.032134, 0.958482, 0.283335, 0.000000,
                         0.013354,-0.283868, 0.958770, 0.000000,
                         0.112394,18.009611,-0.440804, 1.000000;;
                      }
                      Frame Armature_mixamorig_RightHandMiddle2 {
                        FrameTransformMatrix {
                           0.999526, 0.030272, 0.005604, 0.000000,
                          -0.030272, 0.933280, 0.357872, 0.000000,
                           0.005604,-0.357872, 0.933754, 0.000000,
                           0.000002, 6.843000, 0.000002, 1.000000;;
                        }
                        Frame Armature_mixamorig_RightHandMiddle3 {
                          FrameTransformMatrix {
                             0.999430, 0.033077, 0.006737, 0.000000,
                            -0.033077, 0.919783, 0.391031, 0.000000,
                             0.006737,-0.391031, 0.920353, 0.000000,
                             0.000004, 5.656003, 0.000015, 1.000000;;
                          }
                          Frame Armature_mixamorig_RightHandMiddle4 {
                            FrameTransformMatrix {
                               1.000000,-0.000000,-0.000000, 0.000000,
                              -0.000000, 1.000000,-0.000000, 0.000000,
                               0.000000, 0.000000, 1.000000, 0.000000,
                               0.000004, 4.458015, 0.000009, 1.000000;;
                            }
                          } // End of Armature_mixamorig_RightHandMiddle4
                        } // End of Armature_mixamorig_RightHandMiddle3
                      } // End of Armature_mixamorig_RightHandMiddle2
                    } // End of Armature_mixamorig_RightHandMiddle1
                    Frame Armature_mixamorig_RightHandPinky1 {
                      FrameTransformMatrix {
                         0.998330, 0.057755,-0.001128, 0.000000,
                        -0.048909, 0.855490, 0.515503, 0.000000,
                         0.030738,-0.514587, 0.856887, 0.000000,
                        -11.143707,14.820511, 0.002401, 1.000000;;
                      }
                      Frame Armature_mixamorig_RightHandPinky2 {
                        FrameTransformMatrix {
                           0.999047, 0.042168, 0.011266, 0.000000,
                          -0.042168, 0.865867, 0.498494, 0.000000,
                           0.011266,-0.498494, 0.866820, 0.000000,
                           0.000004, 5.576010, 0.000008, 1.000000;;
                        }
                        Frame Armature_mixamorig_RightHandPinky3 {
                          FrameTransformMatrix {
                             0.999048, 0.042157, 0.011260, 0.000000,
                            -0.042158, 0.865936, 0.498376, 0.000000,
                             0.011260,-0.498376, 0.866888, 0.000000,
                            -0.000004, 4.089983,-0.000006, 1.000000;;
                          }
                          Frame Armature_mixamorig_RightHandPinky4 {
                            FrameTransformMatrix {
                               1.000000,-0.000000,-0.000000, 0.000000,
                              -0.000000, 1.000000, 0.000000, 0.000000,
                              -0.000000,-0.000000, 1.000000, 0.000000,
                              -0.000011, 4.223012, 0.000000, 1.000000;;
                            }
                          } // End of Armature_mixamorig_RightHandPinky4
                        } // End of Armature_mixamorig_RightHandPinky3
                      } // End of Armature_mixamorig_RightHandPinky2
                    } // End of Armature_mixamorig_RightHandPinky1
                    Frame Armature_mixamorig_RightHandRing1 {
                      FrameTransformMatrix {
                         0.998887, 0.047068,-0.002987, 0.000000,
                        -0.041776, 0.912418, 0.407122, 0.000000,
                         0.021888,-0.406544, 0.913369, 0.000000,
                        -5.832510,16.592419,-0.117299, 1.000000;;
                      }
                      Frame Armature_mixamorig_RightHandRing2 {
                        FrameTransformMatrix {
                           0.999387, 0.034263, 0.007252, 0.000000,
                          -0.034263, 0.913650, 0.405056, 0.000000,
                           0.007252,-0.405056, 0.914263, 0.000000,
                           0.000004, 6.333001, 0.000007, 1.000000;;
                        }
                        Frame Armature_mixamorig_RightHandRing3 {
                          FrameTransformMatrix {
                             0.999282, 0.036921, 0.008486, 0.000000,
                            -0.036921, 0.898961, 0.436470, 0.000000,
                             0.008486,-0.436470, 0.899679, 0.000000,
                            -0.000006, 5.608989, 0.000002, 1.000000;;
                          }
                          Frame Armature_mixamorig_RightHandRing4 {
                            FrameTransformMatrix {
                               1.000000, 0.000000, 0.000000, 0.000000,
                               0.000000, 1.000000,-0.000000, 0.000000,
                               0.000000, 0.000000, 1.000000, 0.000000,
                              -0.000004, 4.490021,-0.000002, 1.000000;;
                            }
                          } // End of Armature_mixamorig_RightHandRing4
                        } // End of Armature_mixamorig_RightHandRing3
                      } // End of Armature_mixamorig_RightHandRing2
                    } // End of Armature_mixamorig_RightHandRing1
                    Frame Armature_mixamorig_RightHandThumb1 {
                      FrameTransformMatrix {
                         0.772660,-0.633575,-0.039735, 0.000000,
                         0.608586, 0.721470, 0.330308, 0.000000,
                        -0.180608,-0.279398, 0.943036, 0.000000,
                         7.297804, 5.809107, 5.140996, 1.000000;;
                      }
                      Frame Armature_mixamorig_RightHandThumb2 {
                        FrameTransformMatrix {
                           0.859983, 0.504813,-0.074786, 0.000000,
                          -0.503108, 0.863227, 0.041505, 0.000000,
                           0.085509, 0.001932, 0.996336, 0.000000,
                           0.000002, 6.982115,-0.000006, 1.000000;;
                        }
                        Frame Armature_mixamorig_RightHandThumb3 {
                          FrameTransformMatrix {
                             0.990822,-0.127330, 0.045369, 0.000000,
                             0.134362, 0.964418,-0.227694, 0.000000,
                            -0.014763, 0.231700, 0.972675, 0.000000,
                            -0.000002, 4.446900, 0.000010, 1.000000;;
                          }
                          Frame Armature_mixamorig_RightHandThumb4 {
                            FrameTransformMatrix {
                               1.000000, 0.000001,-0.000001, 0.000000,
                              -0.000001, 1.000000,-0.000000, 0.000000,
                               0.000001, 0.000000, 1.000000, 0.000000,
                               0.000000, 5.338501, 0.000009, 1.000000;;
                            }
                          } // End of Armature_mixamorig_RightHandThumb4
                        } // End of Armature_mixamorig_RightHandThumb3
                      } // End of Armature_mixamorig_RightHandThumb2
                    } // End of Armature_mixamorig_RightHandThumb1
                  } // End of Armature_mixamorig_RightHand
                } // End of Armature_mixamorig_RightForeArm
              } // End of Armature_mixamorig_RightArm
            } // End of Armature_mixamorig_RightShoulder
          } // End of Armature_mixamorig_Spine2
        } // End of Armature_mixamorig_Spine1
      } // End of Armature_mixamorig_Spine
    } // End of Armature_mixamorig_Hips
  } // End of Armature
} // End of Root
AnimationSet Global {
  Animation {
    {Armature}
    AnimationKey { // Rotation
      0;
      93;
      0;4;-0.707107, 0.707107, 0.000000, 0.000000;;,
      1;4;-0.707107, 0.707107, 0.000000, 0.000000;;,
      2;4;-0.707107, 0.707107, 0.000000, 0.000000;;,
      3;4;-0.707107, 0.707107, 0.000000, 0.000000;;,
      4;4;-0.707107, 0.707107, 0.000000, 0.000000;;,
      5;4;-0.707107, 0.707107, 0.000000, 0.000000;;,
      6;4;-0.707107, 0.707107, 0.000000, 0.000000;;,
      7;4;-0.707107, 0.707107, 0.000000, 0.000000;;,
      8;4;-0.707107, 0.707107, 0.000000, 0.000000;;,
      9;4;-0.707107, 0.707107, 0.000000, 0.000000;;,
      10;4;-0.707107, 0.707107, 0.000000, 0.000000;;,
      11;4;-0.707107, 0.707107, 0.000000, 0.000000;;,
      12;4;-0.707107, 0.707107, 0.000000, 0.000000;;,
      13;4;-0.707107, 0.707107, 0.000000, 0.000000;;,
      14;4;-0.707107, 0.707107, 0.000000, 0.000000;;,
      15;4;-0.707107, 0.707107, 0.000000, 0.000000;;,
      16;4;-0.707107, 0.707107, 0.000000, 0.000000;;,
      17;4;-0.707107, 0.707107, 0.000000, 0.000000;;,
      18;4;-0.707107, 0.707107, 0.000000, 0.000000;;,
      19;4;-0.707107, 0.707107, 0.000000, 0.000000;;,
      20;4;-0.707107, 0.707107, 0.000000, 0.000000;;,
      21;4;-0.707107, 0.707107, 0.000000, 0.000000;;,
      22;4;-0.707107, 0.707107, 0.000000, 0.000000;;,
      23;4;-0.707107, 0.707107, 0.000000, 0.000000;;,
      24;4;-0.707107, 0.707107, 0.000000, 0.000000;;,
      25;4;-0.707107, 0.707107, 0.000000, 0.000000;;,
      26;4;-0.707107, 0.707107, 0.000000, 0.000000;;,
      27;4;-0.707107, 0.707107, 0.000000, 0.000000;;,
      28;4;-0.707107, 0.707107, 0.000000, 0.000000;;,
      29;4;-0.707107, 0.707107, 0.000000, 0.000000;;,
      30;4;-0.707107, 0.707107, 0.000000, 0.000000;;,
      31;4;-0.707107, 0.707107, 0.000000, 0.000000;;,
      32;4;-0.707107, 0.707107, 0.000000, 0.000000;;,
      33;4;-0.707107, 0.707107, 0.000000, 0.000000;;,
      34;4;-0.707107, 0.707107, 0.000000, 0.000000;;,
      35;4;-0.707107, 0.707107, 0.000000, 0.000000;;,
      36;4;-0.707107, 0.707107, 0.000000, 0.000000;;,
      37;4;-0.707107, 0.707107, 0.000000, 0.000000;;,
      38;4;-0.707107, 0.707107, 0.000000, 0.000000;;,
      39;4;-0.707107, 0.707107, 0.000000, 0.000000;;,
      40;4;-0.707107, 0.707107, 0.000000, 0.000000;;,
      41;4;-0.707107, 0.707107, 0.000000, 0.000000;;,
      42;4;-0.707107, 0.707107, 0.000000, 0.000000;;,
      43;4;-0.707107, 0.707107, 0.000000, 0.000000;;,
      44;4;-0.707107, 0.707107, 0.000000, 0.000000;;,
      45;4;-0.707107, 0.707107, 0.000000, 0.000000;;,
      46;4;-0.707107, 0.707107, 0.000000, 0.000000;;,
      47;4;-0.707107, 0.707107, 0.000000, 0.000000;;,
      48;4;-0.707107, 0.707107, 0.000000, 0.000000;;,
      49;4;-0.707107, 0.707107, 0.000000, 0.000000;;,
      50;4;-0.707107, 0.707107, 0.000000, 0.000000;;,
      51;4;-0.707107, 0.707107, 0.000000, 0.000000;;,
      52;4;-0.707107, 0.707107, 0.000000, 0.000000;;,
      53;4;-0.707107, 0.707107, 0.000000, 0.000000;;,
      54;4;-0.707107, 0.707107, 0.000000, 0.000000;;,
      55;4;-0.707107, 0.707107, 0.000000, 0.000000;;,
      56;4;-0.707107, 0.707107, 0.000000, 0.000000;;,
      57;4;-0.707107, 0.707107, 0.000000, 0.000000;;,
      58;4;-0.707107, 0.707107, 0.000000, 0.000000;;,
      59;4;-0.707107, 0.707107, 0.000000, 0.000000;;,
      60;4;-0.707107, 0.707107, 0.000000, 0.000000;;,
      61;4;-0.707107, 0.707107, 0.000000, 0.000000;;,
      62;4;-0.707107, 0.707107, 0.000000, 0.000000;;,
      63;4;-0.707107, 0.707107, 0.000000, 0.000000;;,
      64;4;-0.707107, 0.707107, 0.000000, 0.000000;;,
      65;4;-0.707107, 0.707107, 0.000000, 0.000000;;,
      66;4;-0.707107, 0.707107, 0.000000, 0.000000;;,
      67;4;-0.707107, 0.707107, 0.000000, 0.000000;;,
      68;4;-0.707107, 0.707107, 0.000000, 0.000000;;,
      69;4;-0.707107, 0.707107, 0.000000, 0.000000;;,
      70;4;-0.707107, 0.707107, 0.000000, 0.000000;;,
      71;4;-0.707107, 0.707107, 0.000000, 0.000000;;,
      72;4;-0.707107, 0.707107, 0.000000, 0.000000;;,
      73;4;-0.707107, 0.707107, 0.000000, 0.000000;;,
      74;4;-0.707107, 0.707107, 0.000000, 0.000000;;,
      75;4;-0.707107, 0.707107, 0.000000, 0.000000;;,
      76;4;-0.707107, 0.707107, 0.000000, 0.000000;;,
      77;4;-0.707107, 0.707107, 0.000000, 0.000000;;,
      78;4;-0.707107, 0.707107, 0.000000, 0.000000;;,
      79;4;-0.707107, 0.707107, 0.000000, 0.000000;;,
      80;4;-0.707107, 0.707107, 0.000000, 0.000000;;,
      81;4;-0.707107, 0.707107, 0.000000, 0.000000;;,
      82;4;-0.707107, 0.707107, 0.000000, 0.000000;;,
      83;4;-0.707107, 0.707107, 0.000000, 0.000000;;,
      84;4;-0.707107, 0.707107, 0.000000, 0.000000;;,
      85;4;-0.707107, 0.707107, 0.000000, 0.000000;;,
      86;4;-0.707107, 0.707107, 0.000000, 0.000000;;,
      87;4;-0.707107, 0.707107, 0.000000, 0.000000;;,
      88;4;-0.707107, 0.707107, 0.000000, 0.000000;;,
      89;4;-0.707107, 0.707107, 0.000000, 0.000000;;,
      90;4;-0.707107, 0.707107, 0.000000, 0.000000;;,
      91;4;-0.707107, 0.707107, 0.000000, 0.000000;;,
      92;4;-0.707107, 0.707107, 0.000000, 0.000000;;;
    }
    AnimationKey { // Scale
      1;
      93;
      0;3; 0.110000, 0.110000, 0.110000;;,
      1;3; 0.110000, 0.110000, 0.110000;;,
      2;3; 0.110000, 0.110000, 0.110000;;,
      3;3; 0.110000, 0.110000, 0.110000;;,
      4;3; 0.110000, 0.110000, 0.110000;;,
      5;3; 0.110000, 0.110000, 0.110000;;,
      6;3; 0.110000, 0.110000, 0.110000;;,
      7;3; 0.110000, 0.110000, 0.110000;;,
      8;3; 0.110000, 0.110000, 0.110000;;,
      9;3; 0.110000, 0.110000, 0.110000;;,
      10;3; 0.110000, 0.110000, 0.110000;;,
      11;3; 0.110000, 0.110000, 0.110000;;,
      12;3; 0.110000, 0.110000, 0.110000;;,
      13;3; 0.110000, 0.110000, 0.110000;;,
      14;3; 0.110000, 0.110000, 0.110000;;,
      15;3; 0.110000, 0.110000, 0.110000;;,
      16;3; 0.110000, 0.110000, 0.110000;;,
      17;3; 0.110000, 0.110000, 0.110000;;,
      18;3; 0.110000, 0.110000, 0.110000;;,
      19;3; 0.110000, 0.110000, 0.110000;;,
      20;3; 0.110000, 0.110000, 0.110000;;,
      21;3; 0.110000, 0.110000, 0.110000;;,
      22;3; 0.110000, 0.110000, 0.110000;;,
      23;3; 0.110000, 0.110000, 0.110000;;,
      24;3; 0.110000, 0.110000, 0.110000;;,
      25;3; 0.110000, 0.110000, 0.110000;;,
      26;3; 0.110000, 0.110000, 0.110000;;,
      27;3; 0.110000, 0.110000, 0.110000;;,
      28;3; 0.110000, 0.110000, 0.110000;;,
      29;3; 0.110000, 0.110000, 0.110000;;,
      30;3; 0.110000, 0.110000, 0.110000;;,
      31;3; 0.110000, 0.110000, 0.110000;;,
      32;3; 0.110000, 0.110000, 0.110000;;,
      33;3; 0.110000, 0.110000, 0.110000;;,
      34;3; 0.110000, 0.110000, 0.110000;;,
      35;3; 0.110000, 0.110000, 0.110000;;,
      36;3; 0.110000, 0.110000, 0.110000;;,
      37;3; 0.110000, 0.110000, 0.110000;;,
      38;3; 0.110000, 0.110000, 0.110000;;,
      39;3; 0.110000, 0.110000, 0.110000;;,
      40;3; 0.110000, 0.110000, 0.110000;;,
      41;3; 0.110000, 0.110000, 0.110000;;,
      42;3; 0.110000, 0.110000, 0.110000;;,
      43;3; 0.110000, 0.110000, 0.110000;;,
      44;3; 0.110000, 0.110000, 0.110000;;,
      45;3; 0.110000, 0.110000, 0.110000;;,
      46;3; 0.110000, 0.110000, 0.110000;;,
      47;3; 0.110000, 0.110000, 0.110000;;,
      48;3; 0.110000, 0.110000, 0.110000;;,
      49;3; 0.110000, 0.110000, 0.110000;;,
      50;3; 0.110000, 0.110000, 0.110000;;,
      51;3; 0.110000, 0.110000, 0.110000;;,
      52;3; 0.110000, 0.110000, 0.110000;;,
      53;3; 0.110000, 0.110000, 0.110000;;,
      54;3; 0.110000, 0.110000, 0.110000;;,
      55;3; 0.110000, 0.110000, 0.110000;;,
      56;3; 0.110000, 0.110000, 0.110000;;,
      57;3; 0.110000, 0.110000, 0.110000;;,
      58;3; 0.110000, 0.110000, 0.110000;;,
      59;3; 0.110000, 0.110000, 0.110000;;,
      60;3; 0.110000, 0.110000, 0.110000;;,
      61;3; 0.110000, 0.110000, 0.110000;;,
      62;3; 0.110000, 0.110000, 0.110000;;,
      63;3; 0.110000, 0.110000, 0.110000;;,
      64;3; 0.110000, 0.110000, 0.110000;;,
      65;3; 0.110000, 0.110000, 0.110000;;,
      66;3; 0.110000, 0.110000, 0.110000;;,
      67;3; 0.110000, 0.110000, 0.110000;;,
      68;3; 0.110000, 0.110000, 0.110000;;,
      69;3; 0.110000, 0.110000, 0.110000;;,
      70;3; 0.110000, 0.110000, 0.110000;;,
      71;3; 0.110000, 0.110000, 0.110000;;,
      72;3; 0.110000, 0.110000, 0.110000;;,
      73;3; 0.110000, 0.110000, 0.110000;;,
      74;3; 0.110000, 0.110000, 0.110000;;,
      75;3; 0.110000, 0.110000, 0.110000;;,
      76;3; 0.110000, 0.110000, 0.110000;;,
      77;3; 0.110000, 0.110000, 0.110000;;,
      78;3; 0.110000, 0.110000, 0.110000;;,
      79;3; 0.110000, 0.110000, 0.110000;;,
      80;3; 0.110000, 0.110000, 0.110000;;,
      81;3; 0.110000, 0.110000, 0.110000;;,
      82;3; 0.110000, 0.110000, 0.110000;;,
      83;3; 0.110000, 0.110000, 0.110000;;,
      84;3; 0.110000, 0.110000, 0.110000;;,
      85;3; 0.110000, 0.110000, 0.110000;;,
      86;3; 0.110000, 0.110000, 0.110000;;,
      87;3; 0.110000, 0.110000, 0.110000;;,
      88;3; 0.110000, 0.110000, 0.110000;;,
      89;3; 0.110000, 0.110000, 0.110000;;,
      90;3; 0.110000, 0.110000, 0.110000;;,
      91;3; 0.110000, 0.110000, 0.110000;;,
      92;3; 0.110000, 0.110000, 0.110000;;;
    }
    AnimationKey { // Position
      2;
      93;
      0;3; 0.000000, 0.000000, 0.000000;;,
      1;3; 0.000000, 0.000000, 0.000000;;,
      2;3; 0.000000, 0.000000, 0.000000;;,
      3;3; 0.000000, 0.000000, 0.000000;;,
      4;3; 0.000000, 0.000000, 0.000000;;,
      5;3; 0.000000, 0.000000, 0.000000;;,
      6;3; 0.000000, 0.000000, 0.000000;;,
      7;3; 0.000000, 0.000000, 0.000000;;,
      8;3; 0.000000, 0.000000, 0.000000;;,
      9;3; 0.000000, 0.000000, 0.000000;;,
      10;3; 0.000000, 0.000000, 0.000000;;,
      11;3; 0.000000, 0.000000, 0.000000;;,
      12;3; 0.000000, 0.000000, 0.000000;;,
