xof 0303txt 0032

template XSkinMeshHeader {
  <3cf169ce-ff7c-44ab-93c0-f78f62d172e2>
  WORD nMaxSkinWeightsPerVertex;
  WORD nMaxSkinWeightsPerFace;
  WORD nBones;
}

template SkinWeights {
  <6f0d123b-bad2-4167-a0d0-80224f25fabb>
  STRING transformNodeName;
  DWORD nWeights;
  array DWORD vertexIndices[nWeights];
  array float weights[nWeights];
  Matrix4x4 matrixOffset;
}

Frame Root {
  FrameTransformMatrix {
     1.000000, 0.000000, 0.000000, 0.000000,
     0.000000,-0.000000,-1.000000, 0.000000,
     0.000000, 1.000000,-0.000000, 0.000000,
     0.000000, 0.000000, 0.000000, 1.000000;;
  }
  Frame Armature {
    FrameTransformMatrix {
       0.110000, 0.000000, 0.000000, 0.000000,
       0.000000,-0.000000, 0.110000, 0.000000,
       0.000000,-0.110000,-0.000000, 0.000000,
       0.000000, 0.000000, 0.000000, 1.000000;;
    }
    Frame Armature_mixamorig_Hips {
      FrameTransformMatrix {
         0.999822, 0.018867,-0.000102, 0.000000,
        -0.018868, 0.999812,-0.004403, 0.000000,
         0.000018, 0.004405, 0.999990, 0.000000,
        -0.027046,85.043991,-0.980485, 1.000000;;
      }
      Frame Armature_mixamorig_LeftUpLeg {
        FrameTransformMatrix {
          -0.892860,-0.212042, 0.397289, 0.000000,
           0.431829,-0.653432, 0.621729, 0.000000,
           0.127769, 0.726680, 0.674985, 0.000000,
          15.658501,-8.406810, 1.467000, 1.000000;;
        }
        Frame Armature_mixamorig_LeftLeg {
          FrameTransformMatrix {
             0.991663,-0.076061,-0.104015, 0.000000,
            -0.069155, 0.366961,-0.927662, 0.000000,
             0.108728, 0.927121, 0.358642, 0.000000,
             0.000005,37.074806,-0.000001, 1.000000;;
          }
          Frame Armature_mixamorig_LeftFoot {
            FrameTransformMatrix {
               0.979998,-0.183404, 0.077253, 0.000000,
               0.001940, 0.396972, 0.917829, 0.000000,
              -0.199001,-0.899320, 0.389388, 0.000000,
               0.000001,38.107533,-0.000000, 1.000000;;
            }
            Frame Armature_mixamorig_LeftToeBase {
              FrameTransformMatrix {
                 0.934343,-0.335146, 0.121158, 0.000000,
                 0.144007, 0.666053, 0.731871, 0.000000,
                -0.325981,-0.666371, 0.670586, 0.000000,
                -0.000001,27.500038,-0.000000, 1.000000;;
              }
              Frame Armature_mixamorig_LeftToe_End {
                FrameTransformMatrix {
                   1.000000,-0.000000,-0.000000, 0.000000,
                   0.000000, 1.000000, 0.000000, 0.000000,
                   0.000000,-0.000000, 1.000000, 0.000000,
                  -0.000001,18.087683, 0.000000, 1.000000;;
                }
              } // End of Armature_mixamorig_LeftToe_End
            } // End of Armature_mixamorig_LeftToeBase
          } // End of Armature_mixamorig_LeftFoot
        } // End of Armature_mixamorig_LeftLeg
      } // End of Armature_mixamorig_LeftUpLeg
      Frame Armature_mixamorig_RightUpLeg {
        FrameTransformMatrix {
          -0.875570, 0.385049,-0.291744, 0.000000,
          -0.478741,-0.610723, 0.630731, 0.000000,
           0.064688, 0.691921, 0.719065, 0.000000,
          -15.658500,-8.406805, 1.467000, 1.000000;;
        }
        Frame Armature_mixamorig_RightLeg {
          FrameTransformMatrix {
             0.983584, 0.167624,-0.066821, 0.000000,
            -0.123065, 0.352275,-0.927770, 0.000000,
            -0.131978, 0.920763, 0.367120, 0.000000,
            -0.000000,37.074707, 0.000000, 1.000000;;
          }
          Frame Armature_mixamorig_RightFoot {
            FrameTransformMatrix {
               0.992996, 0.116765,-0.018018, 0.000000,
              -0.028075, 0.381338, 0.924009, 0.000000,
               0.114763,-0.917032, 0.381945, 0.000000,
               0.000007,38.107529,-0.000002, 1.000000;;
            }
            Frame Armature_mixamorig_RightToeBase {
              FrameTransformMatrix {
                 0.970034, 0.239163, 0.042844, 0.000000,
                -0.193012, 0.651398, 0.733776, 0.000000,
                 0.147584,-0.720057, 0.678039, 0.000000,
                 0.000002,27.500040, 0.000002, 1.000000;;
              }
              Frame Armature_mixamorig_RightToe_End {
                FrameTransformMatrix {
                   1.000000, 0.000000, 0.000000, 0.000000,
                  -0.000000, 1.000000, 0.000000, 0.000000,
                  -0.000000,-0.000000, 1.000000, 0.000000,
                   0.000002,18.088081, 0.000000, 1.000000;;
                }
              } // End of Armature_mixamorig_RightToe_End
            } // End of Armature_mixamorig_RightToeBase
          } // End of Armature_mixamorig_RightFoot
        } // End of Armature_mixamorig_RightLeg
      } // End of Armature_mixamorig_RightUpLeg
      Frame Armature_mixamorig_Spine {
        FrameTransformMatrix {
           0.999969,-0.007494, 0.002423, 0.000000,
           0.006455, 0.956133, 0.292861, 0.000000,
          -0.004511,-0.292837, 0.956152, 0.000000,
          -0.000000,12.947407, 1.306900, 1.000000;;
        }
        Frame Armature_mixamorig_Spine1 {
          FrameTransformMatrix {
             0.999843,-0.017562, 0.002427, 0.000000,
             0.015733, 0.942004, 0.335233, 0.000000,
            -0.008174,-0.335142, 0.942132, 0.000000,
             0.000000,11.650504, 0.000003, 1.000000;;
          }
          Frame Armature_mixamorig_Spine2 {
            FrameTransformMatrix {
               0.999848,-0.017196, 0.002650, 0.000000,
               0.016194, 0.975428, 0.219723, 0.000000,
              -0.006363,-0.219647, 0.975559, 0.000000,
               0.000000,11.899595, 0.000005, 1.000000;;
            }
            Frame Armature_mixamorig_LeftShoulder {
              FrameTransformMatrix {
                 0.231688, 0.306236,-0.923331, 0.000000,
                 0.916368,-0.387256, 0.101502, 0.000000,
                -0.326482,-0.869628,-0.370347, 0.000000,
                15.693198,30.527605,-14.885505, 1.000000;;
              }
              Frame Armature_mixamorig_LeftArm {
                FrameTransformMatrix {
                   0.857390, 0.382748, 0.344073, 0.000000,
                  -0.452118, 0.879560, 0.148200, 0.000000,
                  -0.245910,-0.282627, 0.927173, 0.000000,
                   0.000009,18.001995, 0.000005, 1.000000;;
                }
                Frame Armature_mixamorig_LeftForeArm {
                  FrameTransformMatrix {
                     0.387467, 0.866101, 0.315814, 0.000000,
                    -0.920818, 0.380067, 0.087427, 0.000000,
                    -0.044310,-0.324682, 0.944784, 0.000000,
                    -0.000002,37.520092,-0.000002, 1.000000;;
                  }
                  Frame Armature_mixamorig_LeftHand {
                    FrameTransformMatrix {
                       0.964914,-0.023859, 0.261480, 0.000000,
                      -0.048701, 0.962319, 0.267527, 0.000000,
                      -0.258010,-0.270875, 0.927393, 0.000000,
                       0.000000,41.865604,-0.000008, 1.000000;;
                    }
                    Frame Armature_mixamorig_LeftHandIndex1 {
                      FrameTransformMatrix {
                         0.949057,-0.002030,-0.315097, 0.000000,
                         0.193495, 0.792991, 0.577689, 0.000000,
                         0.248697,-0.609229, 0.752987, 0.000000,
                        -6.345699,17.472900, 0.144190, 1.000000;;
                      }
                      Frame Armature_mixamorig_LeftHandIndex2 {
                        FrameTransformMatrix {
                           0.984935, 0.159369, 0.067122, 0.000000,
                          -0.170737, 0.834635, 0.523673, 0.000000,
                           0.027435,-0.527244, 0.849271, 0.000000,
                           0.000004, 6.306500,-0.000003, 1.000000;;
                        }
                        Frame Armature_mixamorig_LeftHandIndex3 {
                          FrameTransformMatrix {
                             0.972780, 0.210897, 0.096023, 0.000000,
                            -0.226438, 0.953160, 0.200527, 0.000000,
                            -0.049234,-0.216812, 0.974971, 0.000000,
                             0.000004, 5.287004,-0.000001, 1.000000;;
                          }
                          Frame Armature_mixamorig_LeftHandIndex4 {
                            FrameTransformMatrix {
                               1.000000,-0.000000, 0.000000, 0.000000,
                               0.000000, 1.000000,-0.000000, 0.000000,
                              -0.000000, 0.000000, 1.000000, 0.000000,
                               0.000013, 4.643600,-0.000008, 1.000000;;
                            }
                          } // End of Armature_mixamorig_LeftHandIndex4
                        } // End of Armature_mixamorig_LeftHandIndex3
                      } // End of Armature_mixamorig_LeftHandIndex2
                    } // End of Armature_mixamorig_LeftHandIndex1
                    Frame Armature_mixamorig_LeftHandMiddle1 {
                      FrameTransformMatrix {
                         0.997442,-0.036745, 0.061310, 0.000000,
                        -0.002205, 0.841524, 0.540216, 0.000000,
                        -0.071444,-0.538969, 0.839290, 0.000000,
                        -0.112391,18.009901,-0.441107, 1.000000;;
                      }
                      Frame Armature_mixamorig_LeftHandMiddle2 {
                        FrameTransformMatrix {
                           0.998636,-0.050291,-0.014011, 0.000000,
                           0.050322, 0.855819, 0.514822, 0.000000,
                          -0.013900,-0.514825, 0.857182, 0.000000,
                           0.000003, 6.842803,-0.000005, 1.000000;;
                        }
                        Frame Armature_mixamorig_LeftHandMiddle3 {
                          FrameTransformMatrix {
                             0.998631,-0.050392,-0.013998, 0.000000,
                             0.050402, 0.855819, 0.514815, 0.000000,
                            -0.013962,-0.514816, 0.857187, 0.000000,
                            -0.000004, 5.656099, 0.000006, 1.000000;;
                          }
                          Frame Armature_mixamorig_LeftHandMiddle4 {
                            FrameTransformMatrix {
                               1.000000, 0.000000, 0.000000, 0.000000,
                              -0.000000, 1.000000, 0.000000, 0.000000,
                              -0.000000,-0.000000, 1.000000, 0.000000,
                              -0.000007, 4.457905,-0.000004, 1.000000;;
                            }
                          } // End of Armature_mixamorig_LeftHandMiddle4
                        } // End of Armature_mixamorig_LeftHandMiddle3
                      } // End of Armature_mixamorig_LeftHandMiddle2
                    } // End of Armature_mixamorig_LeftHandMiddle1
                    Frame Armature_mixamorig_LeftHandPinky1 {
                      FrameTransformMatrix {
                         0.956590,-0.040619, 0.288594, 0.000000,
                        -0.135693, 0.814282, 0.564386, 0.000000,
                        -0.257922,-0.579046, 0.773422, 0.000000,
                        11.143608,14.820598, 0.001792, 1.000000;;
                      }
                      Frame Armature_mixamorig_LeftHandPinky2 {
                        FrameTransformMatrix {
                           0.998680,-0.049562,-0.013513, 0.000000,
                           0.049547, 0.859827, 0.508176, 0.000000,
                          -0.013567,-0.508174, 0.861148, 0.000000,
                           0.000002, 5.576302,-0.000003, 1.000000;;
                        }
                        Frame Armature_mixamorig_LeftHandPinky3 {
                          FrameTransformMatrix {
                             0.997637,-0.064319,-0.024174, 0.000000,
                             0.064402, 0.752630, 0.655287, 0.000000,
                            -0.023954,-0.655295, 0.754993, 0.000000,
                             0.000006, 4.090195,-0.000005, 1.000000;;
                          }
                          Frame Armature_mixamorig_LeftHandPinky4 {
                            FrameTransformMatrix {
                               1.000000, 0.000000,-0.000000, 0.000000,
                               0.000000, 1.000000, 0.000000, 0.000000,
                              -0.000000, 0.000000, 1.000000, 0.000000,
                               0.000003, 4.222305, 0.000008, 1.000000;;
                            }
                          } // End of Armature_mixamorig_LeftHandPinky4
                        } // End of Armature_mixamorig_LeftHandPinky3
                      } // End of Armature_mixamorig_LeftHandPinky2
                    } // End of Armature_mixamorig_LeftHandPinky1
                    Frame Armature_mixamorig_LeftHandRing1 {
                      FrameTransformMatrix {
                         0.961103,-0.165486, 0.221124, 0.000000,
                         0.025322, 0.850045, 0.526101, 0.000000,
                        -0.275028,-0.500038, 0.821171, 0.000000,
                         5.832505,16.592596,-0.117396, 1.000000;;
                      }
                      Frame Armature_mixamorig_LeftHandRing2 {
                        FrameTransformMatrix {
                           0.976138,-0.153344, 0.153757, 0.000000,
                           0.051028, 0.850207, 0.523969, 0.000000,
                          -0.211073,-0.503620, 0.837744, 0.000000,
                           0.000002, 6.332904, 0.000003, 1.000000;;
                        }
                        Frame Armature_mixamorig_LeftHandRing3 {
                          FrameTransformMatrix {
                             0.976113,-0.153728, 0.153530, 0.000000,
                             0.051493, 0.850207, 0.523924, 0.000000,
                            -0.211074,-0.503503, 0.837814, 0.000000,
                             0.000000, 5.608904,-0.000001, 1.000000;;
                          }
                          Frame Armature_mixamorig_LeftHandRing4 {
                            FrameTransformMatrix {
                               1.000000,-0.000000, 0.000000, 0.000000,
                               0.000000, 1.000000,-0.000000, 0.000000,
                              -0.000000, 0.000000, 1.000000, 0.000000,
                              -0.000004, 4.489700,-0.000000, 1.000000;;
                            }
                          } // End of Armature_mixamorig_LeftHandRing4
                        } // End of Armature_mixamorig_LeftHandRing3
                      } // End of Armature_mixamorig_LeftHandRing2
                    } // End of Armature_mixamorig_LeftHandRing1
                    Frame Armature_mixamorig_LeftHandThumb1 {
                      FrameTransformMatrix {
                         0.758154, 0.484699,-0.436198, 0.000000,
                         0.095679, 0.579009, 0.809688, 0.000000,
                         0.645018,-0.655603, 0.392603, 0.000000,
                        -7.297896, 5.809498, 5.140802, 1.000000;;
                      }
                      Frame Armature_mixamorig_LeftHandThumb2 {
                        FrameTransformMatrix {
                           0.894082,-0.443751,-0.060843, 0.000000,
                           0.419289, 0.876981,-0.234735, 0.000000,
                           0.157522, 0.184362, 0.970153, 0.000000,
                           0.000010, 6.981900, 0.000004, 1.000000;;
                        }
                        Frame Armature_mixamorig_LeftHandThumb3 {
                          FrameTransformMatrix {
                             0.935809,-0.327571,-0.130225, 0.000000,
                             0.281255, 0.916535,-0.284357, 0.000000,
                             0.212503, 0.229477, 0.949833, 0.000000,
                             0.000004, 4.446801,-0.000007, 1.000000;;
                          }
                          Frame Armature_mixamorig_LeftHandThumb4 {
                            FrameTransformMatrix {
                               1.000000,-0.000002, 0.000003, 0.000000,
                               0.000002, 1.000000,-0.000002, 0.000000,
                              -0.000003, 0.000002, 1.000000, 0.000000,
                              -0.000001, 5.337996, 0.000008, 1.000000;;
                            }
                          } // End of Armature_mixamorig_LeftHandThumb4
                        } // End of Armature_mixamorig_LeftHandThumb3
                      } // End of Armature_mixamorig_LeftHandThumb2
                    } // End of Armature_mixamorig_LeftHandThumb1
                  } // End of Armature_mixamorig_LeftHand
                } // End of Armature_mixamorig_LeftForeArm
              } // End of Armature_mixamorig_LeftArm
            } // End of Armature_mixamorig_LeftShoulder
            Frame Armature_mixamorig_Neck {
              FrameTransformMatrix {
                 0.999870,-0.001389,-0.016070, 0.000000,
                 0.002222, 0.998646, 0.051979, 0.000000,
                 0.015976,-0.052008, 0.998519, 0.000000,
                -0.000000,29.862507,-6.856802, 1.000000;;
              }
              Frame Armature_mixamorig_Head {
                FrameTransformMatrix {
                   0.998271, 0.043165, 0.039899, 0.000000,
                  -0.053060, 0.369639, 0.927659, 0.000000,
                   0.025294,-0.928172, 0.371290, 0.000000,
                   0.000000,15.812689, 4.504607, 1.000000;;
                }
                Frame Armature_mixamorig_HeadTop_End {
                  FrameTransformMatrix {
                     1.000000, 0.000000, 0.000000, 0.000000,
                    -0.000000, 1.000000, 0.000000, 0.000000,
                     0.000000, 0.000000, 1.000000, 0.000000,
                    -0.000000, 8.548788,-16.914219, 1.000000;;
                  }
                } // End of Armature_mixamorig_HeadTop_End
                Frame Armature_mixamorig_RightEye {
                  FrameTransformMatrix {
                    -0.000000, 1.000000, 0.000000, 0.000000,
                     0.000000,-0.000000, 1.000000, 0.000000,
                     1.000000, 0.000000,-0.000000, 0.000000,
                    -4.116900,14.065398,-5.662606, 1.000000;;
                  }
                } // End of Armature_mixamorig_RightEye
              } // End of Armature_mixamorig_Head
            } // End of Armature_mixamorig_Neck
            Frame Armature_mixamorig_RightShoulder {
              FrameTransformMatrix {
                 0.301164,-0.333671, 0.893288, 0.000000,
                -0.902253,-0.402887, 0.153696, 0.000000,
                 0.308610,-0.852259,-0.422391, 0.000000,
                -15.693201,30.527910,-14.885500, 1.000000;;
              }
              Frame Armature_mixamorig_RightArm {
                FrameTransformMatrix {
                   0.794405,-0.510095,-0.329732, 0.000000,
                   0.531941, 0.846328,-0.027691, 0.000000,
                   0.293187,-0.153400, 0.943668, 0.000000,
                  -0.000013,18.001894,-0.000001, 1.000000;;
                }
                Frame Armature_mixamorig_RightForeArm {
                  FrameTransformMatrix {
                     0.613136,-0.789471,-0.028278, 0.000000,
                     0.755247, 0.575308, 0.314041, 0.000000,
                    -0.231658,-0.213907, 0.948988, 0.000000,
                    -0.000008,37.520103,-0.000002, 1.000000;;
                  }
                  Frame Armature_mixamorig_RightHand {
                    FrameTransformMatrix {
                       0.543784,-0.327489,-0.772690, 0.000000,
                       0.412333, 0.906183,-0.093886, 0.000000,
                       0.730945,-0.267551, 0.627802, 0.000000,
                       0.000000,41.865715, 0.000002, 1.000000;;
                    }
                    Frame Armature_mixamorig_RightHandIndex1 {
                      FrameTransformMatrix {
                         0.987153, 0.159602, 0.007499, 0.000000,
                        -0.149789, 0.908083, 0.391086, 0.000000,
                         0.055608,-0.387185, 0.920324, 0.000000,
                         6.345600,17.473013, 0.144399, 1.000000;;
                      }
                      Frame Armature_mixamorig_RightHandIndex2 {
                        FrameTransformMatrix {
                           0.999308, 0.036517, 0.007080, 0.000000,
                          -0.036516, 0.926881, 0.373576, 0.000000,
                           0.007080,-0.373576, 0.927573, 0.000000,
                           0.000002, 6.306000, 0.000003, 1.000000;;
                        }
                        Frame Armature_mixamorig_RightHandIndex3 {
                          FrameTransformMatrix {
                             0.999860, 0.013777, 0.009469, 0.000000,
                            -0.016584, 0.888673, 0.458242, 0.000000,
                            -0.002102,-0.458335, 0.888777, 0.000000,
                             0.000002, 5.287005,-0.000002, 1.000000;;
                          }
                          Frame Armature_mixamorig_RightHandIndex4 {
                            FrameTransformMatrix {
                               1.000000, 0.000000, 0.000000, 0.000000,
                               0.000000, 1.000000, 0.000000, 0.000000,
                               0.000000,-0.000000, 1.000000, 0.000000,
                              -0.000004, 4.644001,-0.000003, 1.000000;;
                            }
                          } // End of Armature_mixamorig_RightHandIndex4
                        } // End of Armature_mixamorig_RightHandIndex3
                      } // End of Armature_mixamorig_RightHandIndex2
                    } // End of Armature_mixamorig_RightHandIndex1
                    Frame Armature_mixamorig_RightHandMiddle1 {
                      FrameTransformMatrix {
                         0.987153, 0.159602, 0.007499, 0.000000,
                        -0.149789, 0.908083, 0.391086, 0.000000,
                         0.055608,-0.387185, 0.920323, 0.000000,
                         0.112403,18.009607,-0.440804, 1.000000;;
                      }
                      Frame Armature_mixamorig_RightHandMiddle2 {
                        FrameTransformMatrix {
                           0.999308, 0.036516, 0.007080, 0.000000,
                          -0.036516, 0.926881, 0.373576, 0.000000,
                           0.007080,-0.373576, 0.927573, 0.000000,
                           0.000004, 6.843009,-0.000003, 1.000000;;
                        }
                        Frame Armature_mixamorig_RightHandMiddle3 {
                          FrameTransformMatrix {
                             0.999308, 0.036517, 0.007079, 0.000000,
                            -0.036517, 0.926880, 0.373576, 0.000000,
                             0.007080,-0.373576, 0.927572, 0.000000,
                             0.000001, 5.656006,-0.000005, 1.000000;;
                          }
                          Frame Armature_mixamorig_RightHandMiddle4 {
                            FrameTransformMatrix {
                               1.000000, 0.000000,-0.000000, 0.000000,
                              -0.000000, 1.000000,-0.000000, 0.000000,
                              -0.000000, 0.000000, 1.000000, 0.000000,
                               0.000001, 4.458008,-0.000006, 1.000000;;
                            }
                          } // End of Armature_mixamorig_RightHandMiddle4
                        } // End of Armature_mixamorig_RightHandMiddle3
                      } // End of Armature_mixamorig_RightHandMiddle2
                    } // End of Armature_mixamorig_RightHandMiddle1
                    Frame Armature_mixamorig_RightHandPinky1 {
                      FrameTransformMatrix {
                         0.987168, 0.159517, 0.007351, 0.000000,
                        -0.149654, 0.908111, 0.391072, 0.000000,
                         0.055707,-0.387153, 0.920331, 0.000000,
                        -11.143703,14.820507, 0.002399, 1.000000;;
                      }
                      Frame Armature_mixamorig_RightHandPinky2 {
                        FrameTransformMatrix {
                           0.999312, 0.036427, 0.006934, 0.000000,
                          -0.036379, 0.926892, 0.373561, 0.000000,
                           0.007181,-0.373557, 0.927580, 0.000000,
                           0.000002, 5.576013,-0.000001, 1.000000;;
                        }
                        Frame Armature_mixamorig_RightHandPinky3 {
                          FrameTransformMatrix {
                             0.999312, 0.036428, 0.006933, 0.000000,
                            -0.036379, 0.926892, 0.373562, 0.000000,
                             0.007182,-0.373557, 0.927580, 0.000000,
                             0.000002, 4.089983, 0.000003, 1.000000;;
                          }
                          Frame Armature_mixamorig_RightHandPinky4 {
                            FrameTransformMatrix {
                               1.000000, 0.000000, 0.000000, 0.000000,
                              -0.000000, 1.000000, 0.000000, 0.000000,
                               0.000000,-0.000000, 1.000000, 0.000000,
                               0.000005, 4.223009, 0.000002, 1.000000;;
                            }
                          } // End of Armature_mixamorig_RightHandPinky4
                        } // End of Armature_mixamorig_RightHandPinky3
                      } // End of Armature_mixamorig_RightHandPinky2
                    } // End of Armature_mixamorig_RightHandPinky1
                    Frame Armature_mixamorig_RightHandRing1 {
                      FrameTransformMatrix {
                         0.987153, 0.159599, 0.007498, 0.000000,
                        -0.149788, 0.908095, 0.391059, 0.000000,
                         0.055604,-0.387158, 0.920335, 0.000000,
                        -5.832501,16.592407,-0.117301, 1.000000;;
                      }
                      Frame Armature_mixamorig_RightHandRing2 {
                        FrameTransformMatrix {
                           0.999308, 0.036514, 0.007079, 0.000000,
                          -0.036514, 0.926892, 0.373548, 0.000000,
                           0.007079,-0.373548, 0.927584, 0.000000,
                           0.000008, 6.332999,-0.000007, 1.000000;;
                        }
                        Frame Armature_mixamorig_RightHandRing3 {
                          FrameTransformMatrix {
                             0.999308, 0.036514, 0.007079, 0.000000,
                            -0.036514, 0.926892, 0.373548, 0.000000,
                             0.007079,-0.373548, 0.927584, 0.000000,
                            -0.000002, 5.608994, 0.000000, 1.000000;;
                          }
                          Frame Armature_mixamorig_RightHandRing4 {
                            FrameTransformMatrix {
                               1.000000,-0.000000,-0.000000, 0.000000,
                              -0.000000, 1.000000,-0.000000, 0.000000,
                              -0.000000, 0.000000, 1.000000, 0.000000,
                              -0.000003, 4.490022,-0.000006, 1.000000;;
                            }
                          } // End of Armature_mixamorig_RightHandRing4
                        } // End of Armature_mixamorig_RightHandRing3
                      } // End of Armature_mixamorig_RightHandRing2
                    } // End of Armature_mixamorig_RightHandRing1
                    Frame Armature_mixamorig_RightHandThumb1 {
                      FrameTransformMatrix {
                         0.822607,-0.342549, 0.453849, 0.000000,
                        -0.107691, 0.689868, 0.715880, 0.000000,
                        -0.558320,-0.637763, 0.530601, 0.000000,
                         7.297803, 5.809099, 5.140997, 1.000000;;
                      }
                      Frame Armature_mixamorig_RightHandThumb2 {
                        FrameTransformMatrix {
                           0.900577, 0.433927,-0.025851, 0.000000,
                          -0.431202, 0.884231,-0.179448, 0.000000,
                          -0.055009, 0.172753, 0.983428, 0.000000,
                          -0.000007, 6.982114,-0.000005, 1.000000;;
                        }
                        Frame Armature_mixamorig_RightHandThumb3 {
                          FrameTransformMatrix {
                             0.935361, 0.352657,-0.027056, 0.000000,
                            -0.351246, 0.917184,-0.188148, 0.000000,
                            -0.041536, 0.185490, 0.981768, 0.000000,
                             0.000006, 4.446893,-0.000003, 1.000000;;
                          }
                          Frame Armature_mixamorig_RightHandThumb4 {
                            FrameTransformMatrix {
                               1.000000, 0.000001,-0.000001, 0.000000,
                              -0.000001, 1.000000,-0.000000, 0.000000,
                               0.000001, 0.000000, 1.000000, 0.000000,
                               0.000002, 5.338495, 0.000003, 1.000000;;
                            }
                          } // End of Armature_mixamorig_RightHandThumb4
                        } // End of Armature_mixamorig_RightHandThumb3
                      } // End of Armature_mixamorig_RightHandThumb2
                    } // End of Armature_mixamorig_RightHandThumb1
                  } // End of Armature_mixamorig_RightHand
                } // End of Armature_mixamorig_RightForeArm
              } // End of Armature_mixamorig_RightArm
            } // End of Armature_mixamorig_RightShoulder
          } // End of Armature_mixamorig_Spine2
        } // End of Armature_mixamorig_Spine1
      } // End of Armature_mixamorig_Spine
    } // End of Armature_mixamorig_Hips
  } // End of Armature
} // End of Root
AnimationSet Global {
  Animation {
    {Armature}
    AnimationKey { // Rotation
      0;
      81;
      0;4;-0.707107, 0.707107, 0.000000, 0.000000;;,
      1;4;-0.707107, 0.707107, 0.000000, 0.000000;;,
      2;4;-0.707107, 0.707107, 0.000000, 0.000000;;,
      3;4;-0.707107, 0.707107, 0.000000, 0.000000;;,
      4;4;-0.707107, 0.707107, 0.000000, 0.000000;;,
      5;4;-0.707107, 0.707107, 0.000000, 0.000000;;,
      6;4;-0.707107, 0.707107, 0.000000, 0.000000;;,
      7;4;-0.707107, 0.707107, 0.000000, 0.000000;;,
      8;4;-0.707107, 0.707107, 0.000000, 0.000000;;,
      9;4;-0.707107, 0.707107, 0.000000, 0.000000;;,
      10;4;-0.707107, 0.707107, 0.000000, 0.000000;;,
      11;4;-0.707107, 0.707107, 0.000000, 0.000000;;,
      12;4;-0.707107, 0.707107, 0.000000, 0.000000;;,
      13;4;-0.707107, 0.707107, 0.000000, 0.000000;;,
      14;4;-0.707107, 0.707107, 0.000000, 0.000000;;,
      15;4;-0.707107, 0.707107, 0.000000, 0.000000;;,
      16;4;-0.707107, 0.707107, 0.000000, 0.000000;;,
      17;4;-0.707107, 0.707107, 0.000000, 0.000000;;,
      18;4;-0.707107, 0.707107, 0.000000, 0.000000;;,
      19;4;-0.707107, 0.707107, 0.000000, 0.000000;;,
      20;4;-0.707107, 0.707107, 0.000000, 0.000000;;,
      21;4;-0.707107, 0.707107, 0.000000, 0.000000;;,
      22;4;-0.707107, 0.707107, 0.000000, 0.000000;;,
      23;4;-0.707107, 0.707107, 0.000000, 0.000000;;,
      24;4;-0.707107, 0.707107, 0.000000, 0.000000;;,
      25;4;-0.707107, 0.707107, 0.000000, 0.000000;;,
      26;4;-0.707107, 0.707107, 0.000000, 0.000000;;,
      27;4;-0.707107, 0.707107, 0.000000, 0.000000;;,
      28;4;-0.707107, 0.707107, 0.000000, 0.000000;;,
      29;4;-0.707107, 0.707107, 0.000000, 0.000000;;,
      30;4;-0.707107, 0.707107, 0.000000, 0.000000;;,
      31;4;-0.707107, 0.707107, 0.000000, 0.000000;;,
      32;4;-0.707107, 0.707107, 0.000000, 0.000000;;,
      33;4;-0.707107, 0.707107, 0.000000, 0.000000;;,
      34;4;-0.707107, 0.707107, 0.000000, 0.000000;;,
      35;4;-0.707107, 0.707107, 0.000000, 0.000000;;,
      36;4;-0.707107, 0.707107, 0.000000, 0.000000;;,
      37;4;-0.707107, 0.707107, 0.000000, 0.000000;;,
      38;4;-0.707107, 0.707107, 0.000000, 0.000000;;,
      39;4;-0.707107, 0.707107, 0.000000, 0.000000;;,
      40;4;-0.707107, 0.707107, 0.000000, 0.000000;;,
      41;4;-0.707107, 0.707107, 0.000000, 0.000000;;,
      42;4;-0.707107, 0.707107, 0.000000, 0.000000;;,
      43;4;-0.707107, 0.707107, 0.000000, 0.000000;;,
      44;4;-0.707107, 0.707107, 0.000000, 0.000000;;,
      45;4;-0.707107, 0.707107, 0.000000, 0.000000;;,
      46;4;-0.707107, 0.707107, 0.000000, 0.000000;;,
      47;4;-0.707107, 0.707107, 0.000000, 0.000000;;,
      48;4;-0.707107, 0.707107, 0.000000, 0.000000;;,
      49;4;-0.707107, 0.707107, 0.000000, 0.000000;;,
      50;4;-0.707107, 0.707107, 0.000000, 0.000000;;,
      51;4;-0.707107, 0.707107, 0.000000, 0.000000;;,
      52;4;-0.707107, 0.707107, 0.000000, 0.000000;;,
      53;4;-0.707107, 0.707107, 0.000000, 0.000000;;,
      54;4;-0.707107, 0.707107, 0.000000, 0.000000;;,
      55;4;-0.707107, 0.707107, 0.000000, 0.000000;;,
      56;4;-0.707107, 0.707107, 0.000000, 0.000000;;,
      57;4;-0.707107, 0.707107, 0.000000, 0.000000;;,
      58;4;-0.707107, 0.707107, 0.000000, 0.000000;;,
      59;4;-0.707107, 0.707107, 0.000000, 0.000000;;,
      60;4;-0.707107, 0.707107, 0.000000, 0.000000;;,
      61;4;-0.707107, 0.707107, 0.000000, 0.000000;;,
      62;4;-0.707107, 0.707107, 0.000000, 0.000000;;,
      63;4;-0.707107, 0.707107, 0.000000, 0.000000;;,
      64;4;-0.707107, 0.707107, 0.000000, 0.000000;;,
      65;4;-0.707107, 0.707107, 0.000000, 0.000000;;,
      66;4;-0.707107, 0.707107, 0.000000, 0.000000;;,
      67;4;-0.707107, 0.707107, 0.000000, 0.000000;;,
      68;4;-0.707107, 0.707107, 0.000000, 0.000000;;,
      69;4;-0.707107, 0.707107, 0.000000, 0.000000;;,
      70;4;-0.707107, 0.707107, 0.000000, 0.000000;;,
      71;4;-0.707107, 0.707107, 0.000000, 0.000000;;,
      72;4;-0.707107, 0.707107, 0.000000, 0.000000;;,
      73;4;-0.707107, 0.707107, 0.000000, 0.000000;;,
      74;4;-0.707107, 0.707107, 0.000000, 0.000000;;,
      75;4;-0.707107, 0.707107, 0.000000, 0.000000;;,
      76;4;-0.707107, 0.707107, 0.000000, 0.000000;;,
      77;4;-0.707107, 0.707107, 0.000000, 0.000000;;,
      78;4;-0.707107, 0.707107, 0.000000, 0.000000;;,
      79;4;-0.707107, 0.707107, 0.000000, 0.000000;;,
      80;4;-0.707107, 0.707107, 0.000000, 0.000000;;;
    }
    AnimationKey { // Scale
      1;
      81;
      0;3; 0.110000, 0.110000, 0.110000;;,
      1;3; 0.110000, 0.110000, 0.110000;;,
      2;3; 0.110000, 0.110000, 0.110000;;,
      3;3; 0.110000, 0.110000, 0.110000;;,
      4;3; 0.110000, 0.110000, 0.110000;;,
      5;3; 0.110000, 0.110000, 0.110000;;,
      6;3; 0.110000, 0.110000, 0.110000;;,
      7;3; 0.110000, 0.110000, 0.110000;;,
      8;3; 0.110000, 0.110000, 0.110000;;,
      9;3; 0.110000, 0.110000, 0.110000;;,
      10;3; 0.110000, 0.110000, 0.110000;;,
      11;3; 0.110000, 0.110000, 0.110000;;,
      12;3; 0.110000, 0.110000, 0.110000;;,
      13;3; 0.110000, 0.110000, 0.110000;;,
      14;3; 0.110000, 0.110000, 0.110000;;,
      15;3; 0.110000, 0.110000, 0.110000;;,
      16;3; 0.110000, 0.110000, 0.110000;;,
      17;3; 0.110000, 0.110000, 0.110000;;,
      18;3; 0.110000, 0.110000, 0.110000;;,
      19;3; 0.110000, 0.110000, 0.110000;;,
      20;3; 0.110000, 0.110000, 0.110000;;,
      21;3; 0.110000, 0.110000, 0.110000;;,
      22;3; 0.110000, 0.110000, 0.110000;;,
      23;3; 0.110000, 0.110000, 0.110000;;,
      24;3; 0.110000, 0.110000, 0.110000;;,
      25;3; 0.110000, 0.110000, 0.110000;;,
      26;3; 0.110000, 0.110000, 0.110000;;,
      27;3; 0.110000, 0.110000, 0.110000;;,
      28;3; 0.110000, 0.110000, 0.110000;;,
      29;3; 0.110000, 0.110000, 0.110000;;,
      30;3; 0.110000, 0.110000, 0.110000;;,
      31;3; 0.110000, 0.110000, 0.110000;;,
      32;3; 0.110000, 0.110000, 0.110000;;,
      33;3; 0.110000, 0.110000, 0.110000;;,
      34;3; 0.110000, 0.110000, 0.110000;;,
      35;3; 0.110000, 0.110000, 0.110000;;,
      36;3; 0.110000, 0.110000, 0.110000;;,
      37;3; 0.110000, 0.110000, 0.110000;;,
      38;3; 0.110000, 0.110000, 0.110000;;,
      39;3; 0.110000, 0.110000, 0.110000;;,
      40;3; 0.110000, 0.110000, 0.110000;;,
      41;3; 0.110000, 0.110000, 0.110000;;,
      42;3; 0.110000, 0.110000, 0.110000;;,
      43;3; 0.110000, 0.110000, 0.110000;;,
      44;3; 0.110000, 0.110000, 0.110000;;,
      45;3; 0.110000, 0.110000, 0.110000;;,
      46;3; 0.110000, 0.110000, 0.110000;;,
      47;3; 0.110000, 0.110000, 0.110000;;,
      48;3; 0.110000, 0.110000, 0.110000;;,
      49;3; 0.110000, 0.110000, 0.110000;;,
      50;3; 0.110000, 0.110000, 0.110000;;,
      51;3; 0.110000, 0.110000, 0.110000;;,
      52;3; 0.110000, 0.110000, 0.110000;;,
      53;3; 0.110000, 0.110000, 0.110000;;,
      54;3; 0.110000, 0.110000, 0.110000;;,
      55;3; 0.110000, 0.110000, 0.110000;;,
      56;3; 0.110000, 0.110000, 0.110000;;,
      57;3; 0.110000, 0.110000, 0.110000;;,
      58;3; 0.110000, 0.110000, 0.110000;;,
      59;3; 0.110000, 0.110000, 0.110000;;,
      60;3; 0.110000, 0.110000, 0.110000;;,
      61;3; 0.110000, 0.110000, 0.110000;;,
      62;3; 0.110000, 0.110000, 0.110000;;,
      63;3; 0.110000, 0.110000, 0.110000;;,
      64;3; 0.110000, 0.110000, 0.110000;;,
      65;3; 0.110000, 0.110000, 0.110000;;,
      66;3; 0.110000, 0.110000, 0.110000;;,
      67;3; 0.110000, 0.110000, 0.110000;;,
      68;3; 0.110000, 0.110000, 0.110000;;,
      69;3; 0.110000, 0.110000, 0.110000;;,
      70;3; 0.110000, 0.110000, 0.110000;;,
      71;3; 0.110000, 0.110000, 0.110000;;,
      72;3; 0.110000, 0.110000, 0.110000;;,
      73;3; 0.110000, 0.110000, 0.110000;;,
      74;3; 0.110000, 0.110000, 0.110000;;,
      75;3; 0.110000, 0.110000, 0.110000;;,
      76;3; 0.110000, 0.110000, 0.110000;;,
      77;3; 0.110000, 0.110000, 0.110000;;,
      78;3; 0.110000, 0.110000, 0.110000;;,
      79;3; 0.110000, 0.110000, 0.110000;;,
      80;3; 0.110000, 0.110000, 0.110000;;;
    }
    AnimationKey { // Position
      2;
      81;
      0;3; 0.000000, 0.000000, 0.000000;;,
      1;3; 0.000000, 0.000000, 0.000000;;,
      2;3; 0.000000, 0.000000, 0.000000;;,
      3;3; 0.000000, 0.000000, 0.000000;;,
      4;3; 0.000000, 0.000000, 0.000000;;,
      5;3; 0.000000, 0.000000, 0.000000;;,
      6;3; 0.000000, 0.000000, 0.000000;;,
      7;3; 0.000000, 0.000000, 0.000000;;,
      8;3; 0.000000, 0.000000, 0.000000;;,
      9;3; 0.000000, 0.000000, 0.000000;;,
      10;3; 0.000000, 0.000000, 0.000000;;,
      11;3; 0.000000, 0.000000, 0.000000;;,
      12;3; 0.000000, 0.000000, 0.000000;;,
      13;3; 0.000000, 0.000000, 0.000000;;,
      14;3; 0.000000, 0.000000, 0.000000;;,
      15;3; 0.000000, 0.000000, 0.000000;;,
      16;3; 0.000000, 0.000000, 0.000000;;,
      17;3; 0.000000, 0.000000, 0.000000;;,
      18;3; 0.000000, 0.000000, 0.000000;;,
      19;3; 0.000000, 0.000000, 0.000000;;,
      20;3; 0.000000, 0.000000, 0.000000;;,
      21;3; 0.000000, 0.000000, 0.000000;;,
      22;3; 0.000000, 0.000000, 0.000000;;,
      23;3; 0.000000, 0.000000, 0.000000;;,
      24;3; 0.000000, 0.000000, 0.000000;;,
      25;3; 0.000000, 0.000000, 0.000000;;,
      26;3; 0.000000, 0.000000, 0.000000;;,
      27;3; 0.000000, 0.000000, 0.000000;;,
      28;3; 0.000000, 0.000000, 0.000000;;,
      29;3; 0.000000, 0.000000, 0.000000;;,
      30;3; 0.000000, 0.000000, 0.000000;;,
      31;3; 0.000000, 0.000000, 0.000000;;,
      32;3; 0.000000, 0.000000, 0.000000;;,
      33;3; 0.000000, 0.000000, 0.000000;;,
      34;3; 0.000000, 0.000000, 0.000000;;,
      35;3; 0.000000, 0.000000, 0.000000;;,
      36;3; 0.000000, 0.000000, 0.000000;;,
      37;3; 0.000000, 0.000000, 0.000000;;,
      38;3; 0.000000, 0.000000, 0.000000;;,
