xof 0303txt 0032

template XSkinMeshHeader {
  <3cf169ce-ff7c-44ab-93c0-f78f62d172e2>
  WORD nMaxSkinWeightsPerVertex;
  WORD nMaxSkinWeightsPerFace;
  WORD nBones;
}

template SkinWeights {
  <6f0d123b-bad2-4167-a0d0-80224f25fabb>
  STRING transformNodeName;
  DWORD nWeights;
  array DWORD vertexIndices[nWeights];
  array float weights[nWeights];
  Matrix4x4 matrixOffset;
}

Frame Root {
  FrameTransformMatrix {
     1.000000, 0.000000, 0.000000, 0.000000,
     0.000000,-0.000000,-1.000000, 0.000000,
     0.000000, 1.000000,-0.000000, 0.000000,
     0.000000, 0.000000, 0.000000, 1.000000;;
  }
  Frame Armature {
    FrameTransformMatrix {
       0.110000, 0.000000, 0.000000, 0.000000,
       0.000000,-0.000000, 0.110000, 0.000000,
       0.000000,-0.110000,-0.000000, 0.000000,
       0.000000, 0.000000, 0.000000, 1.000000;;
    }
    Frame Armature_mixamorig_Hips {
      FrameTransformMatrix {
         0.728935, 0.005500, 0.684561, 0.000000,
         0.049062, 0.996977,-0.060253, 0.000000,
        -0.682822, 0.077507, 0.726461, 0.000000,
         1.656141,90.541801,-2.464315, 1.000000;;
      }
      Frame Armature_mixamorig_LeftUpLeg {
        FrameTransformMatrix {
          -0.964530,-0.176965, 0.195869, 0.000000,
           0.259196,-0.775431, 0.575780, 0.000000,
           0.049991, 0.606127, 0.793790, 0.000000,
          15.658499,-8.406798, 1.466998, 1.000000;;
        }
        Frame Armature_mixamorig_LeftLeg {
          FrameTransformMatrix {
             0.969635,-0.166939,-0.178714, 0.000000,
            -0.047033, 0.589833,-0.806154, 0.000000,
             0.239991, 0.790081, 0.564071, 0.000000,
             0.000002,37.074806,-0.000000, 1.000000;;
          }
          Frame Armature_mixamorig_LeftFoot {
            FrameTransformMatrix {
               0.977703,-0.095915, 0.186806, 0.000000,
              -0.110370, 0.522090, 0.845719, 0.000000,
              -0.178647,-0.847480, 0.499863, 0.000000,
               0.000001,38.107529, 0.000004, 1.000000;;
            }
            Frame Armature_mixamorig_LeftToeBase {
              FrameTransformMatrix {
                 0.994141,-0.094915, 0.051708, 0.000000,
                 0.028394, 0.690929, 0.722365, 0.000000,
                -0.104290,-0.716664, 0.689577, 0.000000,
                -0.000001,27.500042, 0.000002, 1.000000;;
              }
              Frame Armature_mixamorig_LeftToe_End {
                FrameTransformMatrix {
                   1.000000,-0.000000,-0.000000, 0.000000,
                   0.000000, 1.000000, 0.000000, 0.000000,
                   0.000000,-0.000000, 1.000000, 0.000000,
                  -0.000000,18.087690, 0.000000, 1.000000;;
                }
              } // End of Armature_mixamorig_LeftToe_End
            } // End of Armature_mixamorig_LeftToeBase
          } // End of Armature_mixamorig_LeftFoot
        } // End of Armature_mixamorig_LeftLeg
      } // End of Armature_mixamorig_LeftUpLeg
      Frame Armature_mixamorig_RightUpLeg {
        FrameTransformMatrix {
          -0.925294, 0.303355,-0.227612, 0.000000,
          -0.325125,-0.943485, 0.064257, 0.000000,
          -0.195257, 0.133458, 0.971625, 0.000000,
          -15.658500,-8.406798, 1.466999, 1.000000;;
        }
        Frame Armature_mixamorig_RightLeg {
          FrameTransformMatrix {
             0.990501,-0.091455,-0.102678, 0.000000,
            -0.024291, 0.618609,-0.785324, 0.000000,
             0.135339, 0.780359, 0.610511, 0.000000,
            -0.000001,37.074707,-0.000003, 1.000000;;
          }
          Frame Armature_mixamorig_RightFoot {
            FrameTransformMatrix {
               0.930348, 0.352419,-0.101256, 0.000000,
               0.035513, 0.188245, 0.981480, 0.000000,
               0.364953,-0.916714, 0.162618, 0.000000,
               0.000001,38.107536,-0.000000, 1.000000;;
            }
            Frame Armature_mixamorig_RightToeBase {
              FrameTransformMatrix {
                 0.992034, 0.063982,-0.108515, 0.000000,
                 0.031928, 0.705587, 0.707904, 0.000000,
                 0.121860,-0.705729, 0.697923, 0.000000,
                 0.000000,27.500038, 0.000002, 1.000000;;
              }
              Frame Armature_mixamorig_RightToe_End {
                FrameTransformMatrix {
                   1.000000, 0.000000, 0.000000, 0.000000,
                  -0.000000, 1.000000, 0.000000, 0.000000,
                  -0.000000,-0.000000, 1.000000, 0.000000,
                   0.000006,18.088081,-0.000000, 1.000000;;
                }
              } // End of Armature_mixamorig_RightToe_End
            } // End of Armature_mixamorig_RightToeBase
          } // End of Armature_mixamorig_RightFoot
        } // End of Armature_mixamorig_RightLeg
      } // End of Armature_mixamorig_RightUpLeg
      Frame Armature_mixamorig_Spine {
        FrameTransformMatrix {
           0.996399,-0.016260,-0.083214, 0.000000,
           0.025199, 0.993883, 0.107525, 0.000000,
           0.080957,-0.109234, 0.990714, 0.000000,
          -0.000000,12.947413, 1.306900, 1.000000;;
        }
        Frame Armature_mixamorig_Spine1 {
          FrameTransformMatrix {
             0.986175,-0.021685,-0.164280, 0.000000,
             0.052793, 0.980855, 0.187445, 0.000000,
             0.157070,-0.193527, 0.968440, 0.000000,
            -0.000000,11.650504, 0.000000, 1.000000;;
          }
          Frame Armature_mixamorig_Spine2 {
            FrameTransformMatrix {
               0.986175,-0.020142,-0.164476, 0.000000,
               0.053057, 0.978711, 0.198268, 0.000000,
               0.156981,-0.204253, 0.966249, 0.000000,
              -0.000001,11.899613, 0.000003, 1.000000;;
            }
            Frame Armature_mixamorig_LeftShoulder {
              FrameTransformMatrix {
                 0.010628, 0.025276,-0.999624, 0.000000,
                 0.814282,-0.580438,-0.006019, 0.000000,
                -0.580372,-0.813912,-0.026751, 0.000000,
                15.693202,30.527607,-14.885500, 1.000000;;
              }
              Frame Armature_mixamorig_LeftArm {
                FrameTransformMatrix {
                   0.968195, 0.078796, 0.237465, 0.000000,
                  -0.203305, 0.800961, 0.563142, 0.000000,
                  -0.145827,-0.593509, 0.791506, 0.000000,
                  -0.000005,18.001997, 0.000007, 1.000000;;
                }
                Frame Armature_mixamorig_LeftForeArm {
                  FrameTransformMatrix {
                     0.665270, 0.737572,-0.115770, 0.000000,
                    -0.740471, 0.671658, 0.024043, 0.000000,
                     0.095491, 0.069729, 0.992985, 0.000000,
                    -0.000001,37.520100, 0.000007, 1.000000;;
                  }
                  Frame Armature_mixamorig_LeftHand {
                    FrameTransformMatrix {
                       0.961519,-0.021026,-0.273934, 0.000000,
                      -0.062618, 0.954053,-0.293021, 0.000000,
                       0.267509, 0.298898, 0.916023, 0.000000,
                      -0.000002,41.865604, 0.000005, 1.000000;;
                    }
                    Frame Armature_mixamorig_LeftHandIndex1 {
                      FrameTransformMatrix {
                         0.991711, 0.127868, 0.012610, 0.000000,
                        -0.128281, 0.990906, 0.040626, 0.000000,
                        -0.007301,-0.041907, 0.999095, 0.000000,
                        -6.345700,17.472908, 0.144192, 1.000000;;
                      }
                      Frame Armature_mixamorig_LeftHandIndex2 {
                        FrameTransformMatrix {
                           0.999888,-0.014909,-0.000999, 0.000000,
                           0.014584, 0.959150, 0.282522, 0.000000,
                          -0.003254,-0.282505, 0.959260, 0.000000,
                           0.000008, 6.306503, 0.000006, 1.000000;;
                        }
                        Frame Armature_mixamorig_LeftHandIndex3 {
                          FrameTransformMatrix {
                             1.000000,-0.000000, 0.000000, 0.000000,
                             0.000000, 1.000000, 0.000000, 0.000000,
                            -0.000000,-0.000000, 1.000000, 0.000000,
                             0.000000, 5.287004, 0.000008, 1.000000;;
                          }
                          Frame Armature_mixamorig_LeftHandIndex4 {
                            FrameTransformMatrix {
                               1.000000,-0.000000,-0.000000, 0.000000,
                              -0.000000, 1.000000,-0.000000, 0.000000,
                               0.000000, 0.000000, 1.000000, 0.000000,
                              -0.000004, 4.643596, 0.000008, 1.000000;;
                            }
                          } // End of Armature_mixamorig_LeftHandIndex4
                        } // End of Armature_mixamorig_LeftHandIndex3
                      } // End of Armature_mixamorig_LeftHandIndex2
                    } // End of Armature_mixamorig_LeftHandIndex1
                    Frame Armature_mixamorig_LeftHandMiddle1 {
                      FrameTransformMatrix {
                         0.986085,-0.163668,-0.029154, 0.000000,
                         0.166041, 0.960942, 0.221404, 0.000000,
                        -0.008221,-0.223164, 0.974746, 0.000000,
                        -0.112405,18.009901,-0.441107, 1.000000;;
                      }
                      Frame Armature_mixamorig_LeftHandMiddle2 {
                        FrameTransformMatrix {
                           0.999637, 0.025941, 0.007283, 0.000000,
                          -0.026786, 0.927610, 0.372589, 0.000000,
                           0.002909,-0.372649, 0.927968, 0.000000,
                           0.000003, 6.842802, 0.000013, 1.000000;;
                        }
                        Frame Armature_mixamorig_LeftHandMiddle3 {
                          FrameTransformMatrix {
                             1.000000, 0.000000,-0.000000, 0.000000,
                            -0.000000, 1.000000, 0.000000, 0.000000,
                            -0.000000,-0.000000, 1.000000, 0.000000,
                             0.000004, 5.656105, 0.000019, 1.000000;;
                          }
                          Frame Armature_mixamorig_LeftHandMiddle4 {
                            FrameTransformMatrix {
                               1.000000, 0.000000,-0.000000, 0.000000,
                              -0.000000, 1.000000, 0.000000, 0.000000,
                              -0.000000,-0.000000, 1.000000, 0.000000,
                               0.000003, 4.457901,-0.000001, 1.000000;;
                            }
                          } // End of Armature_mixamorig_LeftHandMiddle4
                        } // End of Armature_mixamorig_LeftHandMiddle3
                      } // End of Armature_mixamorig_LeftHandMiddle2
                    } // End of Armature_mixamorig_LeftHandMiddle1
                    Frame Armature_mixamorig_LeftHandPinky1 {
                      FrameTransformMatrix {
                         0.947197,-0.314695,-0.061518, 0.000000,
                         0.297775, 0.792110, 0.532815, 0.000000,
                        -0.118945,-0.522999, 0.843993, 0.000000,
                        11.143601,14.820604, 0.001793, 1.000000;;
                      }
                      Frame Armature_mixamorig_LeftHandPinky2 {
                        FrameTransformMatrix {
                           0.995051, 0.098694, 0.011575, 0.000000,
                          -0.083655, 0.769107, 0.633622, 0.000000,
                           0.053633,-0.631454, 0.773556, 0.000000,
                           0.000001, 5.576296,-0.000007, 1.000000;;
                        }
                        Frame Armature_mixamorig_LeftHandPinky3 {
                          FrameTransformMatrix {
                             1.000000, 0.000000,-0.000000, 0.000000,
                             0.000000, 1.000000, 0.000000, 0.000000,
                             0.000000, 0.000000, 1.000000, 0.000000,
                            -0.000001, 4.090193, 0.000000, 1.000000;;
                          }
                          Frame Armature_mixamorig_LeftHandPinky4 {
                            FrameTransformMatrix {
                               1.000000, 0.000000,-0.000000, 0.000000,
                               0.000000, 1.000000, 0.000000, 0.000000,
                               0.000000, 0.000000, 1.000000, 0.000000,
                              -0.000001, 4.222312,-0.000002, 1.000000;;
                            }
                          } // End of Armature_mixamorig_LeftHandPinky4
                        } // End of Armature_mixamorig_LeftHandPinky3
                      } // End of Armature_mixamorig_LeftHandPinky2
                    } // End of Armature_mixamorig_LeftHandPinky1
                    Frame Armature_mixamorig_LeftHandRing1 {
                      FrameTransformMatrix {
                         0.966538,-0.253714,-0.037855, 0.000000,
                         0.239387, 0.839068, 0.488528, 0.000000,
                        -0.092183,-0.481243, 0.871727, 0.000000,
                         5.832500,16.592602,-0.117399, 1.000000;;
                      }
                      Frame Armature_mixamorig_LeftHandRing2 {
                        FrameTransformMatrix {
                           0.998918, 0.045463, 0.009814, 0.000000,
                          -0.043754, 0.846994, 0.529799, 0.000000,
                           0.015774,-0.529655, 0.848066, 0.000000,
                           0.000005, 6.332904, 0.000004, 1.000000;;
                        }
                        Frame Armature_mixamorig_LeftHandRing3 {
                          FrameTransformMatrix {
                             1.000000, 0.000000, 0.000000, 0.000000,
                            -0.000000, 1.000000,-0.000000, 0.000000,
                            -0.000000, 0.000000, 1.000000, 0.000000,
                             0.000000, 5.608906,-0.000001, 1.000000;;
                          }
                          Frame Armature_mixamorig_LeftHandRing4 {
                            FrameTransformMatrix {
                               1.000000,-0.000000,-0.000000, 0.000000,
                               0.000000, 1.000000, 0.000000, 0.000000,
                               0.000000,-0.000000, 1.000000, 0.000000,
                              -0.000001, 4.489704,-0.000003, 1.000000;;
                            }
                          } // End of Armature_mixamorig_LeftHandRing4
                        } // End of Armature_mixamorig_LeftHandRing3
                      } // End of Armature_mixamorig_LeftHandRing2
                    } // End of Armature_mixamorig_LeftHandRing1
                    Frame Armature_mixamorig_LeftHandThumb1 {
                      FrameTransformMatrix {
                         0.893615, 0.432310,-0.120664, 0.000000,
                        -0.299902, 0.775131, 0.556086, 0.000000,
                         0.333932,-0.460739, 0.822319, 0.000000,
                        -7.297902, 5.809497, 5.140800, 1.000000;;
                      }
                      Frame Armature_mixamorig_LeftHandThumb2 {
                        FrameTransformMatrix {
                           0.999998,-0.001543,-0.001043, 0.000000,
                           0.001528, 0.999890,-0.014735, 0.000000,
                           0.001066, 0.014733, 0.999891, 0.000000,
                          -0.000006, 6.981904, 0.000003, 1.000000;;
                        }
                        Frame Armature_mixamorig_LeftHandThumb3 {
                          FrameTransformMatrix {
                             1.000000, 0.000001,-0.000002, 0.000000,
                            -0.000001, 1.000000, 0.000001, 0.000000,
                             0.000002,-0.000001, 1.000000, 0.000000,
                            -0.000002, 4.446795, 0.000001, 1.000000;;
                          }
                          Frame Armature_mixamorig_LeftHandThumb4 {
                            FrameTransformMatrix {
                               1.000000,-0.000002, 0.000003, 0.000000,
                               0.000002, 1.000000,-0.000002, 0.000000,
                              -0.000003, 0.000002, 1.000000, 0.000000,
                               0.000001, 5.337993, 0.000006, 1.000000;;
                            }
                          } // End of Armature_mixamorig_LeftHandThumb4
                        } // End of Armature_mixamorig_LeftHandThumb3
                      } // End of Armature_mixamorig_LeftHandThumb2
                    } // End of Armature_mixamorig_LeftHandThumb1
                  } // End of Armature_mixamorig_LeftHand
                } // End of Armature_mixamorig_LeftForeArm
              } // End of Armature_mixamorig_LeftArm
            } // End of Armature_mixamorig_LeftShoulder
            Frame Armature_mixamorig_Neck {
              FrameTransformMatrix {
                 0.999743, 0.005111, 0.022093, 0.000000,
                -0.003438, 0.997169,-0.075110, 0.000000,
                -0.022414, 0.075015, 0.996930, 0.000000,
                 0.000001,29.862509,-6.856801, 1.000000;;
              }
              Frame Armature_mixamorig_Head {
                FrameTransformMatrix {
                   0.937031,-0.044709,-0.346371, 0.000000,
                   0.349190, 0.102364, 0.931444, 0.000000,
                  -0.006188,-0.993742, 0.111530, 0.000000,
                  -0.000002,15.812703, 4.504597, 1.000000;;
                }
                Frame Armature_mixamorig_HeadTop_End {
                  FrameTransformMatrix {
                     1.000000, 0.000000, 0.000000, 0.000000,
                     0.000000, 1.000000, 0.000000, 0.000000,
                     0.000000, 0.000000, 1.000000, 0.000000,
                    -0.000000, 8.548803,-16.914196, 1.000000;;
                  }
                } // End of Armature_mixamorig_HeadTop_End
                Frame Armature_mixamorig_RightEye {
                  FrameTransformMatrix {
                    -0.000000, 1.000000, 0.000000, 0.000000,
                     0.000000,-0.000000, 1.000000, 0.000000,
                     1.000000, 0.000000,-0.000000, 0.000000,
                    -4.116899,14.065401,-5.662597, 1.000000;;
                  }
                } // End of Armature_mixamorig_RightEye
              } // End of Armature_mixamorig_Head
            } // End of Armature_mixamorig_Neck
            Frame Armature_mixamorig_RightShoulder {
              FrameTransformMatrix {
                 0.162919,-0.025285, 0.986315, 0.000000,
                -0.784014,-0.610211, 0.113860, 0.000000,
                 0.598982,-0.791835,-0.119238, 0.000000,
                -15.693199,30.527906,-14.885498, 1.000000;;
              }
              Frame Armature_mixamorig_RightArm {
                FrameTransformMatrix {
                   0.912096, 0.371576,-0.173243, 0.000000,
                  -0.219206, 0.799090, 0.559825, 0.000000,
                   0.346454,-0.472638, 0.810298, 0.000000,
                  -0.000005,18.001904,-0.000003, 1.000000;;
                }
                Frame Armature_mixamorig_RightForeArm {
                  FrameTransformMatrix {
                     0.739770,-0.667291,-0.086390, 0.000000,
                     0.672495, 0.737474, 0.062309, 0.000000,
                     0.022132,-0.104191, 0.994311, 0.000000,
                     0.000006,37.520103,-0.000007, 1.000000;;
                  }
                  Frame Armature_mixamorig_RightHand {
                    FrameTransformMatrix {
                       0.972808,-0.206812, 0.104272, 0.000000,
                       0.176132, 0.952927, 0.246793, 0.000000,
                      -0.150403,-0.221717, 0.963442, 0.000000,
                      -0.000001,41.865704, 0.000007, 1.000000;;
                    }
                    Frame Armature_mixamorig_RightHandIndex1 {
                      FrameTransformMatrix {
                         0.999709, 0.014730,-0.019097, 0.000000,
                        -0.013664, 0.998403, 0.054816, 0.000000,
                         0.019873,-0.054539, 0.998314, 0.000000,
                         6.345600,17.473005, 0.144401, 1.000000;;
                      }
                      Frame Armature_mixamorig_RightHandIndex2 {
                        FrameTransformMatrix {
                           0.999790, 0.020344, 0.002308, 0.000000,
                          -0.020134, 0.956469, 0.291140, 0.000000,
                           0.003716,-0.291125, 0.956678, 0.000000,
                           0.000000, 6.305994, 0.000008, 1.000000;;
                        }
                        Frame Armature_mixamorig_RightHandIndex3 {
                          FrameTransformMatrix {
                             1.000000, 0.000000,-0.000000, 0.000000,
                            -0.000000, 1.000000,-0.000000, 0.000000,
                             0.000000, 0.000000, 1.000000, 0.000000,
                             0.000000, 5.286995,-0.000002, 1.000000;;
                          }
                          Frame Armature_mixamorig_RightHandIndex4 {
                            FrameTransformMatrix {
                               1.000000,-0.000000, 0.000000, 0.000000,
                              -0.000000, 1.000000, 0.000000, 0.000000,
                              -0.000000,-0.000000, 1.000000, 0.000000,
                              -0.000000, 4.643998, 0.000000, 1.000000;;
                            }
                          } // End of Armature_mixamorig_RightHandIndex4
                        } // End of Armature_mixamorig_RightHandIndex3
                      } // End of Armature_mixamorig_RightHandIndex2
                    } // End of Armature_mixamorig_RightHandIndex1
                    Frame Armature_mixamorig_RightHandMiddle1 {
                      FrameTransformMatrix {
                         0.998913, 0.044839,-0.012759, 0.000000,
                        -0.041456, 0.979556, 0.196852, 0.000000,
                         0.021325,-0.196109, 0.980350, 0.000000,
                         0.112401,18.009602,-0.440805, 1.000000;;
                      }
                      Frame Armature_mixamorig_RightHandMiddle2 {
                        FrameTransformMatrix {
                           0.999484,-0.030105,-0.011200, 0.000000,
                           0.031616, 0.860497, 0.508474, 0.000000,
                          -0.005670,-0.508566, 0.861005, 0.000000,
                           0.000000, 6.843003, 0.000004, 1.000000;;
                        }
                        Frame Armature_mixamorig_RightHandMiddle3 {
                          FrameTransformMatrix {
                             1.000000,-0.000000,-0.000000, 0.000000,
                             0.000000, 1.000000, 0.000000, 0.000000,
                             0.000000,-0.000000, 1.000000, 0.000000,
                            -0.000003, 5.656005, 0.000001, 1.000000;;
                          }
                          Frame Armature_mixamorig_RightHandMiddle4 {
                            FrameTransformMatrix {
                               1.000000,-0.000000, 0.000000, 0.000000,
                              -0.000000, 1.000000,-0.000000, 0.000000,
                               0.000000, 0.000000, 1.000000, 0.000000,
                              -0.000001, 4.458013, 0.000002, 1.000000;;
                            }
                          } // End of Armature_mixamorig_RightHandMiddle4
                        } // End of Armature_mixamorig_RightHandMiddle3
                      } // End of Armature_mixamorig_RightHandMiddle2
                    } // End of Armature_mixamorig_RightHandMiddle1
                    Frame Armature_mixamorig_RightHandPinky1 {
                      FrameTransformMatrix {
                         0.983646, 0.171231, 0.055856, 0.000000,
                        -0.179554, 0.907895, 0.378796, 0.000000,
                         0.014150,-0.382630, 0.923793, 0.000000,
                        -11.143705,14.820495, 0.002399, 1.000000;;
                      }
                      Frame Armature_mixamorig_RightHandPinky2 {
                        FrameTransformMatrix {
                           0.990526,-0.135081,-0.024734, 0.000000,
                           0.118157, 0.746530, 0.654776, 0.000000,
                          -0.069983,-0.651495, 0.755419, 0.000000,
                          -0.000008, 5.576006,-0.000004, 1.000000;;
                        }
                        Frame Armature_mixamorig_RightHandPinky3 {
                          FrameTransformMatrix {
                             1.000000,-0.000000, 0.000000, 0.000000,
                             0.000000, 1.000000,-0.000000, 0.000000,
                            -0.000000, 0.000000, 1.000000, 0.000000,
                            -0.000006, 4.089979, 0.000007, 1.000000;;
                          }
                          Frame Armature_mixamorig_RightHandPinky4 {
                            FrameTransformMatrix {
                               1.000000, 0.000000, 0.000000, 0.000000,
                              -0.000000, 1.000000, 0.000000, 0.000000,
                               0.000000,-0.000000, 1.000000, 0.000000,
                               0.000004, 4.222999, 0.000004, 1.000000;;
                            }
                          } // End of Armature_mixamorig_RightHandPinky4
                        } // End of Armature_mixamorig_RightHandPinky3
                      } // End of Armature_mixamorig_RightHandPinky2
                    } // End of Armature_mixamorig_RightHandPinky1
                    Frame Armature_mixamorig_RightHandRing1 {
                      FrameTransformMatrix {
                         0.991411, 0.124935, 0.038668, 0.000000,
                        -0.130606, 0.930457, 0.342333, 0.000000,
                         0.006790,-0.344443, 0.938783, 0.000000,
                        -5.832506,16.592403,-0.117301, 1.000000;;
                      }
                      Frame Armature_mixamorig_RightHandRing2 {
                        FrameTransformMatrix {
                           0.997813,-0.063884,-0.016961, 0.000000,
                           0.061048, 0.792367, 0.606982, 0.000000,
                          -0.025337,-0.606690, 0.794535, 0.000000,
                           0.000002, 6.332996, 0.000003, 1.000000;;
                        }
                        Frame Armature_mixamorig_RightHandRing3 {
                          FrameTransformMatrix {
                             1.000000, 0.000000,-0.000000, 0.000000,
                            -0.000000, 1.000000,-0.000000, 0.000000,
                             0.000000,-0.000000, 1.000000, 0.000000,
                             0.000002, 5.608998, 0.000002, 1.000000;;
                          }
                          Frame Armature_mixamorig_RightHandRing4 {
                            FrameTransformMatrix {
                               1.000000,-0.000000,-0.000000, 0.000000,
                              -0.000000, 1.000000,-0.000000, 0.000000,
                               0.000000, 0.000000, 1.000000, 0.000000,
                               0.000002, 4.490026, 0.000002, 1.000000;;
                            }
                          } // End of Armature_mixamorig_RightHandRing4
                        } // End of Armature_mixamorig_RightHandRing3
                      } // End of Armature_mixamorig_RightHandRing2
                    } // End of Armature_mixamorig_RightHandRing1
                    Frame Armature_mixamorig_RightHandThumb1 {
                      FrameTransformMatrix {
                         0.892566,-0.435462,-0.117039, 0.000000,
                         0.446817, 0.819223, 0.359483, 0.000000,
                        -0.060660,-0.373158, 0.925783, 0.000000,
                         7.297804, 5.809093, 5.140996, 1.000000;;
                      }
                      Frame Armature_mixamorig_RightHandThumb2 {
                        FrameTransformMatrix {
                           0.932921, 0.360080,-0.001432, 0.000000,
                          -0.360035, 0.932855, 0.012558, 0.000000,
                           0.005857,-0.011200, 0.999920, 0.000000,
                          -0.000002, 6.982111,-0.000001, 1.000000;;
                        }
                        Frame Armature_mixamorig_RightHandThumb3 {
                          FrameTransformMatrix {
                             1.000000, 0.000000,-0.000000, 0.000000,
                            -0.000000, 1.000000, 0.000001, 0.000000,
                             0.000000,-0.000001, 1.000000, 0.000000,
                             0.000000, 4.446896,-0.000001, 1.000000;;
                          }
                          Frame Armature_mixamorig_RightHandThumb4 {
                            FrameTransformMatrix {
                               1.000000, 0.000001,-0.000001, 0.000000,
                              -0.000001, 1.000000,-0.000000, 0.000000,
                               0.000001, 0.000000, 1.000000, 0.000000,
                               0.000000, 5.338502,-0.000000, 1.000000;;
                            }
                          } // End of Armature_mixamorig_RightHandThumb4
                        } // End of Armature_mixamorig_RightHandThumb3
                      } // End of Armature_mixamorig_RightHandThumb2
                    } // End of Armature_mixamorig_RightHandThumb1
                  } // End of Armature_mixamorig_RightHand
                } // End of Armature_mixamorig_RightForeArm
              } // End of Armature_mixamorig_RightArm
            } // End of Armature_mixamorig_RightShoulder
          } // End of Armature_mixamorig_Spine2
        } // End of Armature_mixamorig_Spine1
      } // End of Armature_mixamorig_Spine
    } // End of Armature_mixamorig_Hips
  } // End of Armature
} // End of Root
AnimationSet Global {
  Animation {
    {Armature}
    AnimationKey { // Rotation
      0;
      38;
      0;4;-0.707107, 0.707107, 0.000000, 0.000000;;,
      1;4;-0.707107, 0.707107, 0.000000, 0.000000;;,
      2;4;-0.707107, 0.707107, 0.000000, 0.000000;;,
      3;4;-0.707107, 0.707107, 0.000000, 0.000000;;,
      4;4;-0.707107, 0.707107, 0.000000, 0.000000;;,
      5;4;-0.707107, 0.707107, 0.000000, 0.000000;;,
      6;4;-0.707107, 0.707107, 0.000000, 0.000000;;,
      7;4;-0.707107, 0.707107, 0.000000, 0.000000;;,
      8;4;-0.707107, 0.707107, 0.000000, 0.000000;;,
      9;4;-0.707107, 0.707107, 0.000000, 0.000000;;,
      10;4;-0.707107, 0.707107, 0.000000, 0.000000;;,
      11;4;-0.707107, 0.707107, 0.000000, 0.000000;;,
      12;4;-0.707107, 0.707107, 0.000000, 0.000000;;,
      13;4;-0.707107, 0.707107, 0.000000, 0.000000;;,
      14;4;-0.707107, 0.707107, 0.000000, 0.000000;;,
      15;4;-0.707107, 0.707107, 0.000000, 0.000000;;,
      16;4;-0.707107, 0.707107, 0.000000, 0.000000;;,
      17;4;-0.707107, 0.707107, 0.000000, 0.000000;;,
      18;4;-0.707107, 0.707107, 0.000000, 0.000000;;,
      19;4;-0.707107, 0.707107, 0.000000, 0.000000;;,
      20;4;-0.707107, 0.707107, 0.000000, 0.000000;;,
      21;4;-0.707107, 0.707107, 0.000000, 0.000000;;,
      22;4;-0.707107, 0.707107, 0.000000, 0.000000;;,
      23;4;-0.707107, 0.707107, 0.000000, 0.000000;;,
      24;4;-0.707107, 0.707107, 0.000000, 0.000000;;,
      25;4;-0.707107, 0.707107, 0.000000, 0.000000;;,
      26;4;-0.707107, 0.707107, 0.000000, 0.000000;;,
      27;4;-0.707107, 0.707107, 0.000000, 0.000000;;,
      28;4;-0.707107, 0.707107, 0.000000, 0.000000;;,
      29;4;-0.707107, 0.707107, 0.000000, 0.000000;;,
      30;4;-0.707107, 0.707107, 0.000000, 0.000000;;,
      31;4;-0.707107, 0.707107, 0.000000, 0.000000;;,
      32;4;-0.707107, 0.707107, 0.000000, 0.000000;;,
      33;4;-0.707107, 0.707107, 0.000000, 0.000000;;,
      34;4;-0.707107, 0.707107, 0.000000, 0.000000;;,
      35;4;-0.707107, 0.707107, 0.000000, 0.000000;;,
      36;4;-0.707107, 0.707107, 0.000000, 0.000000;;,
      37;4;-0.707107, 0.707107, 0.000000, 0.000000;;;
    }
    AnimationKey { // Scale
      1;
      38;
      0;3; 0.110000, 0.110000, 0.110000;;,
      1;3; 0.110000, 0.110000, 0.110000;;,
      2;3; 0.110000, 0.110000, 0.110000;;,
      3;3; 0.110000, 0.110000, 0.110000;;,
      4;3; 0.110000, 0.110000, 0.110000;;,
      5;3; 0.110000, 0.110000, 0.110000;;,
      6;3; 0.110000, 0.110000, 0.110000;;,
      7;3; 0.110000, 0.110000, 0.110000;;,
      8;3; 0.110000, 0.110000, 0.110000;;,
      9;3; 0.110000, 0.110000, 0.110000;;,
      10;3; 0.110000, 0.110000, 0.110000;;,
      11;3; 0.110000, 0.110000, 0.110000;;,
      12;3; 0.110000, 0.110000, 0.110000;;,
      13;3; 0.110000, 0.110000, 0.110000;;,
      14;3; 0.110000, 0.110000, 0.110000;;,
      15;3; 0.110000, 0.110000, 0.110000;;,
      16;3; 0.110000, 0.110000, 0.110000;;,
      17;3; 0.110000, 0.110000, 0.110000;;,
      18;3; 0.110000, 0.110000, 0.110000;;,
      19;3; 0.110000, 0.110000, 0.110000;;,
      20;3; 0.110000, 0.110000, 0.110000;;,
      21;3; 0.110000, 0.110000, 0.110000;;,
      22;3; 0.110000, 0.110000, 0.110000;;,
      23;3; 0.110000, 0.110000, 0.110000;;,
      24;3; 0.110000, 0.110000, 0.110000;;,
      25;3; 0.110000, 0.110000, 0.110000;;,
      26;3; 0.110000, 0.110000, 0.110000;;,
      27;3; 0.110000, 0.110000, 0.110000;;,
      28;3; 0.110000, 0.110000, 0.110000;;,
      29;3; 0.110000, 0.110000, 0.110000;;,
      30;3; 0.110000, 0.110000, 0.110000;;,
      31;3; 0.110000, 0.110000, 0.110000;;,
      32;3; 0.110000, 0.110000, 0.110000;;,
      33;3; 0.110000, 0.110000, 0.110000;;,
      34;3; 0.110000, 0.110000, 0.110000;;,
      35;3; 0.110000, 0.110000, 0.110000;;,
      36;3; 0.110000, 0.110000, 0.110000;;,
      37;3; 0.110000, 0.110000, 0.110000;;;
    }
    AnimationKey { // Position
      2;
      38;
      0;3; 0.000000, 0.000000, 0.000000;;,
      1;3; 0.000000, 0.000000, 0.000000;;,
      2;3; 0.000000, 0.000000, 0.000000;;,
      3;3; 0.000000, 0.000000, 0.000000;;,
      4;3; 0.000000, 0.000000, 0.000000;;,
      5;3; 0.000000, 0.000000, 0.000000;;,
      6;3; 0.000000, 0.000000, 0.000000;;,
      7;3; 0.000000, 0.000000, 0.000000;;,
      8;3; 0.000000, 0.000000, 0.000000;;,
      9;3; 0.000000, 0.000000, 0.000000;;,
      10;3; 0.000000, 0.000000, 0.000000;;,
      11;3; 0.000000, 0.000000, 0.000000;;,
      12;3; 0.000000, 0.000000, 0.000000;;,
      13;3; 0.000000, 0.000000, 0.000000;;,
      14;3; 0.000000, 0.000000, 0.000000;;,
      15;3; 0.000000, 0.000000, 0.000000;;,
      16;3; 0.000000, 0.000000, 0.000000;;,
      17;3; 0.000000, 0.000000, 0.000000;;,
      18;3; 0.000000, 0.000000, 0.000000;;,
      19;3; 0.000000, 0.000000, 0.000000;;,
      20;3; 0.000000, 0.000000, 0.000000;;,
      21;3; 0.000000, 0.000000, 0.000000;;,
      22;3; 0.000000, 0.000000, 0.000000;;,
      23;3; 0.000000, 0.000000, 0.000000;;,
      24;3; 0.000000, 0.000000, 0.000000;;,
      25;3; 0.000000, 0.000000, 0.000000;;,
      26;3; 0.000000, 0.000000, 0.000000;;,
      27;3; 0.000000, 0.000000, 0.000000;;,
      28;3; 0.000000, 0.000000, 0.000000;;,
      29;3; 0.000000, 0.000000, 0.000000;;,
      30;3; 0.000000, 0.000000, 0.000000;;,
      31;3; 0.000000, 0.000000, 0.000000;;,
      32;3; 0.000000, 0.000000, 0.000000;;,
      33;3; 0.000000, 0.000000, 0.000000;;,
      34;3; 0.000000, 0.000000, 0.000000;;,
      35;3; 0.000000, 0.000000, 0.000000;;,
      36;3; 0.000000, 0.000000, 0.000000;;,
      37;3; 0.000000, 0.000000, 0.000000;;;
    }
  }
  Animation {
    {Armature_mixamorig_Hips}
    AnimationKey { // Rotation
      0;
      38;
      0;4;-0.929028,-0.037071,-0.367961,-0.011723;;,
      1;4;-0.929062,-0.028667,-0.368665,-0.010359;;,
      2;4;-0.927241,-0.009430,-0.374334,-0.003000;;,
      3;4;-0.920536, 0.025408,-0.389755, 0.007645;;,
      4;4;-0.909474, 0.069336,-0.409520, 0.018519;;,
      5;4;-0.894750, 0.114758,-0.430708, 0.027285;;,
      6;4;-0.881674, 0.152858,-0.444917, 0.036532;;,
      7;4;-0.879667, 0.159920,-0.445756, 0.043739;;,
      8;4;-0.877567, 0.166964,-0.446548, 0.050941;;,
      9;4;-0.877861, 0.163236,-0.446433, 0.058411;;,
      10;4;-0.878095, 0.159495,-0.446286, 0.065877;;,
      11;4;-0.878667, 0.156628,-0.446195, 0.065742;;,
      12;4;-0.879232, 0.153759,-0.446100, 0.065607;;,
      13;4;-0.879790, 0.150888,-0.446001, 0.065471;;,
      14;4;-0.880340, 0.148016,-0.445898, 0.065334;;,
      15;4;-0.880882, 0.145143,-0.445791, 0.065197;;,
      16;4;-0.881417, 0.142269,-0.445681, 0.065059;;,
      17;4;-0.881944, 0.139394,-0.445567, 0.064920;;,
      18;4;-0.882464, 0.136517,-0.445448, 0.064782;;,
      19;4;-0.886240, 0.122734,-0.442809, 0.058614;;,
      20;4;-0.889796, 0.108916,-0.440058, 0.052431;;,
      21;4;-0.893130, 0.095075,-0.437198, 0.046235;;,
      22;4;-0.899189, 0.073367,-0.429734, 0.037481;;,
      23;4;-0.904673, 0.051612,-0.421995, 0.028702;;,
      24;4;-0.917937, 0.015496,-0.396077, 0.016598;;,
      25;4;-0.929058,-0.024488,-0.369116, 0.002147;;,
      26;4;-0.934665,-0.077626,-0.346846,-0.008583;;,
      27;4;-0.935766,-0.110837,-0.334496,-0.013041;;,
      28;4;-0.932665,-0.108073,-0.344000,-0.011001;;,
      29;4;-0.935519,-0.098290,-0.339097, 0.012496;;,
      30;4;-0.940476,-0.077863,-0.328383, 0.040082;;,
      31;4;-0.939502,-0.040797,-0.333032, 0.069002;;,
      32;4;-0.937221,-0.029166,-0.333675, 0.097094;;,
      33;4;-0.934854,-0.040651,-0.337087, 0.103772;;,
      34;4;-0.934254,-0.079999,-0.333405, 0.098034;;,
      35;4;-0.933669,-0.134451,-0.318271, 0.094279;;,
      36;4;-0.933486,-0.177766,-0.300512, 0.081823;;,
      37;4;-0.936667,-0.188041,-0.286883, 0.070673;;;
    }
    AnimationKey { // Scale
      1;
      38;
      0;3; 1.000000, 1.000000, 1.000000;;,
      1;3; 1.000000, 1.000000, 1.000000;;,
      2;3; 1.000000, 1.000000, 1.000000;;,
      3;3; 1.000000, 1.000000, 1.000000;;,
      4;3; 1.000000, 1.000000, 1.000000;;,
      5;3; 1.000000, 1.000000, 1.000000;;,
      6;3; 1.000000, 1.000000, 1.000000;;,
      7;3; 1.000000, 1.000000, 1.000000;;,
      8;3; 1.000000, 1.000000, 1.000000;;,
      9;3; 1.000000, 1.000000, 1.000000;;,
      10;3; 1.000000, 1.000000, 1.000000;;,
      11;3; 1.000000, 1.000000, 1.000000;;,
      12;3; 1.000000, 1.000000, 1.000000;;,
      13;3; 1.000000, 1.000000, 1.000000;;,
      14;3; 1.000000, 1.000000, 1.000000;;,
      15;3; 1.000000, 1.000000, 1.000000;;,
      16;3; 1.000000, 1.000000, 1.000000;;,
      17;3; 1.000000, 1.000000, 1.000000;;,
      18;3; 1.000000, 1.000000, 1.000000;;,
      19;3; 1.000000, 1.000000, 1.000000;;,
      20;3; 1.000000, 1.000000, 1.000000;;,
      21;3; 1.000000, 1.000000, 1.000000;;,
      22;3; 1.000000, 1.000000, 1.000000;;,
      23;3; 1.000000, 1.000000, 1.000000;;,
      24;3; 1.000000, 1.000000, 1.000000;;,
      25;3; 1.000000, 1.000000, 1.000000;;,
      26;3; 1.000000, 1.000000, 1.000000;;,
      27;3; 1.000000, 1.000000, 1.000000;;,
      28;3; 1.000000, 1.000000, 1.000000;;,
      29;3; 1.000000, 1.000000, 1.000000;;,
      30;3; 1.000000, 1.000000, 1.000000;;,
      31;3; 1.000000, 1.000000, 1.000000;;,
      32;3; 1.000000, 1.000000, 1.000000;;,
      33;3; 1.000000, 1.000000, 1.000000;;,
      34;3; 1.000000, 1.000000, 1.000000;;,
      35;3; 1.000000, 1.000000, 1.000000;;,
      36;3; 1.000000, 1.000000, 1.000000;;,
      37;3; 1.000000, 1.000000, 1.000000;;;
    }
    AnimationKey { // Position
      2;
      38;
      0;3; 1.656141,90.541801,-2.464315;;,
      1;3; 1.656141,90.446091,-2.464315;;,
      2;3; 1.656143,89.271507,-2.464315;;,
      3;3; 1.656148,86.635597,-2.464315;;,
      4;3; 1.656155,82.296776,-2.464315;;,
      5;3; 1.656166,76.289322,-2.464315;;,
      6;3; 1.656179,69.016594,-2.464315;;,
      7;3; 1.656185,65.236877,-2.464315;;,
