xof 0303txt 0032

template XSkinMeshHeader {
  <3cf169ce-ff7c-44ab-93c0-f78f62d172e2>
  WORD nMaxSkinWeightsPerVertex;
  WORD nMaxSkinWeightsPerFace;
  WORD nBones;
}

template SkinWeights {
  <6f0d123b-bad2-4167-a0d0-80224f25fabb>
  STRING transformNodeName;
  DWORD nWeights;
  array DWORD vertexIndices[nWeights];
  array float weights[nWeights];
  Matrix4x4 matrixOffset;
}

Frame Root {
  FrameTransformMatrix {
     1.000000, 0.000000, 0.000000, 0.000000,
     0.000000,-0.000000,-1.000000, 0.000000,
     0.000000, 1.000000,-0.000000, 0.000000,
     0.000000, 0.000000, 0.000000, 1.000000;;
  }
  Frame Armature {
    FrameTransformMatrix {
       0.110000, 0.000000, 0.000000, 0.000000,
       0.000000,-0.000000, 0.110000, 0.000000,
       0.000000,-0.110000,-0.000000, 0.000000,
       0.000000, 0.000000, 0.000000, 1.000000;;
    }
    Frame Armature_mixamorig_Hips {
      FrameTransformMatrix {
         0.846460, 0.285261, 0.449590, 0.000000,
        -0.243296, 0.958289,-0.149963, 0.000000,
        -0.473616, 0.017554, 0.880557, 0.000000,
        -1.739257,99.043594,-7.596967, 1.000000;;
      }
      Frame Armature_mixamorig_LeftUpLeg {
        FrameTransformMatrix {
          -0.829832,-0.286171, 0.479043, 0.000000,
           0.436008, 0.203241, 0.876688, 0.000000,
          -0.348246, 0.936375,-0.043885, 0.000000,
          15.658495,-8.406803, 1.467000, 1.000000;;
        }
        Frame Armature_mixamorig_LeftLeg {
          FrameTransformMatrix {
             0.999985,-0.002289,-0.004893, 0.000000,
            -0.000005, 0.905369,-0.424625, 0.000000,
             0.005402, 0.424619, 0.905356, 0.000000,
            -0.000003,37.074814,-0.000004, 1.000000;;
          }
          Frame Armature_mixamorig_LeftFoot {
            FrameTransformMatrix {
               0.984073, 0.071994, 0.162534, 0.000000,
              -0.123824, 0.933634, 0.336146, 0.000000,
              -0.127546,-0.350918, 0.927679, 0.000000,
               0.000004,38.107525,-0.000006, 1.000000;;
            }
            Frame Armature_mixamorig_LeftToeBase {
              FrameTransformMatrix {
                 0.995969,-0.044701, 0.077761, 0.000000,
                -0.011832, 0.793907, 0.607924, 0.000000,
                -0.088910,-0.606394, 0.790178, 0.000000,
                 0.000003,27.500032,-0.000016, 1.000000;;
              }
              Frame Armature_mixamorig_LeftToe_End {
                FrameTransformMatrix {
                   1.000000,-0.000000,-0.000000, 0.000000,
                   0.000000, 1.000000, 0.000000, 0.000000,
                   0.000000,-0.000000, 1.000000, 0.000000,
                  -0.000002,18.087698, 0.000003, 1.000000;;
                }
              } // End of Armature_mixamorig_LeftToe_End
            } // End of Armature_mixamorig_LeftToeBase
          } // End of Armature_mixamorig_LeftFoot
        } // End of Armature_mixamorig_LeftLeg
      } // End of Armature_mixamorig_LeftUpLeg
      Frame Armature_mixamorig_RightUpLeg {
        FrameTransformMatrix {
          -0.809685, 0.421015,-0.408847, 0.000000,
          -0.496334,-0.119519, 0.859861, 0.000000,
           0.313151, 0.899145, 0.305733, 0.000000,
          -15.658501,-8.406799, 1.467001, 1.000000;;
        }
        Frame Armature_mixamorig_RightLeg {
          FrameTransformMatrix {
             0.999306, 0.025823,-0.026838, 0.000000,
            -0.000290,-0.715187,-0.698933, 0.000000,
            -0.037243, 0.698456,-0.714684, 0.000000,
            -0.000000,37.074715, 0.000000, 1.000000;;
          }
          Frame Armature_mixamorig_RightFoot {
            FrameTransformMatrix {
               0.948715, 0.117379, 0.293535, 0.000000,
              -0.169409, 0.972706, 0.158567, 0.000000,
              -0.266911,-0.200162, 0.942706, 0.000000,
               0.000000,38.107540, 0.000003, 1.000000;;
            }
            Frame Armature_mixamorig_RightToeBase {
              FrameTransformMatrix {
                 0.994939, 0.051565,-0.086246, 0.000000,
                 0.016530, 0.762614, 0.646643, 0.000000,
                 0.099116,-0.644796, 0.757901, 0.000000,
                 0.000002,27.500038, 0.000001, 1.000000;;
              }
              Frame Armature_mixamorig_RightToe_End {
                FrameTransformMatrix {
                   1.000000, 0.000000, 0.000000, 0.000000,
                  -0.000000, 1.000000, 0.000000, 0.000000,
                  -0.000000,-0.000000, 1.000000, 0.000000,
                   0.000001,18.088078,-0.000002, 1.000000;;
                }
              } // End of Armature_mixamorig_RightToe_End
            } // End of Armature_mixamorig_RightToeBase
          } // End of Armature_mixamorig_RightFoot
        } // End of Armature_mixamorig_RightLeg
      } // End of Armature_mixamorig_RightUpLeg
      Frame Armature_mixamorig_Spine {
        FrameTransformMatrix {
           0.910596,-0.186971,-0.368586, 0.000000,
           0.252976, 0.957387, 0.139331, 0.000000,
           0.326829,-0.220118, 0.919092, 0.000000,
          -0.000002,12.947405, 1.306901, 1.000000;;
        }
        Frame Armature_mixamorig_Spine1 {
          FrameTransformMatrix {
             0.921541,-0.024632,-0.387499, 0.000000,
             0.079735, 0.988722, 0.126774, 0.000000,
             0.380006,-0.147725, 0.913112, 0.000000,
            -0.000000,11.650501, 0.000000, 1.000000;;
          }
          Frame Armature_mixamorig_Spine2 {
            FrameTransformMatrix {
               0.982706,-0.098335,-0.156906, 0.000000,
               0.112466, 0.990110, 0.083862, 0.000000,
               0.147108,-0.100059, 0.984047, 0.000000,
              -0.000000,11.899604,-0.000002, 1.000000;;
            }
            Frame Armature_mixamorig_LeftShoulder {
              FrameTransformMatrix {
                -0.001608, 0.000954,-0.999999, 0.000000,
                 0.860041,-0.510222,-0.001869, 0.000000,
                -0.510223,-0.860042, 0.000000, 0.000000,
                15.693199,30.527603,-14.885509, 1.000000;;
              }
              Frame Armature_mixamorig_LeftArm {
                FrameTransformMatrix {
                   0.935365,-0.346958, 0.068647, 0.000000,
                   0.347677, 0.937613, 0.001578, 0.000000,
                  -0.064912, 0.022391, 0.997640, 0.000000,
                   0.000002,18.001999, 0.000021, 1.000000;;
                }
                Frame Armature_mixamorig_LeftForeArm {
                  FrameTransformMatrix {
                    -0.416265, 0.909243, 0.000007, 0.000000,
                    -0.909243,-0.416265, 0.000005, 0.000000,
                     0.000008,-0.000004, 1.000000, 0.000000,
                    -0.000006,37.520103, 0.000006, 1.000000;;
                  }
                  Frame Armature_mixamorig_LeftHand {
                    FrameTransformMatrix {
                       0.995078,-0.005815,-0.098926, 0.000000,
                      -0.029897, 0.934144,-0.355642, 0.000000,
                       0.094479, 0.356849, 0.929372, 0.000000,
                      -0.000001,41.865601, 0.000015, 1.000000;;
                    }
                    Frame Armature_mixamorig_LeftHandIndex1 {
                      FrameTransformMatrix {
                         0.991516,-0.108635,-0.071376, 0.000000,
                         0.110527, 0.415625, 0.902796, 0.000000,
                        -0.068409,-0.903025, 0.424105, 0.000000,
                        -6.345698,17.472906, 0.144177, 1.000000;;
                      }
                      Frame Armature_mixamorig_LeftHandIndex2 {
                        FrameTransformMatrix {
                           0.982390,-0.121214,-0.142187, 0.000000,
                           0.121215,-0.165647, 0.978707, 0.000000,
                          -0.142186,-0.978707,-0.148037, 0.000000,
                          -0.000007, 6.306504,-0.000000, 1.000000;;
                        }
                        Frame Armature_mixamorig_LeftHandIndex3 {
                          FrameTransformMatrix {
                             0.993471,-0.101175,-0.052716, 0.000000,
                             0.101175, 0.567829, 0.816905, 0.000000,
                            -0.052716,-0.816905, 0.574358, 0.000000,
                            -0.000003, 5.287002,-0.000011, 1.000000;;
                          }
                          Frame Armature_mixamorig_LeftHandIndex4 {
                            FrameTransformMatrix {
                               1.000000, 0.000000, 0.000000, 0.000000,
                              -0.000000, 1.000000,-0.000000, 0.000000,
                               0.000000, 0.000000, 1.000000, 0.000000,
                               0.000001, 4.643596,-0.000010, 1.000000;;
                            }
                          } // End of Armature_mixamorig_LeftHandIndex4
                        } // End of Armature_mixamorig_LeftHandIndex3
                      } // End of Armature_mixamorig_LeftHandIndex2
                    } // End of Armature_mixamorig_LeftHandIndex1
                    Frame Armature_mixamorig_LeftHandMiddle1 {
                      FrameTransformMatrix {
                         0.992896,-0.102700,-0.060085, 0.000000,
                         0.104298, 0.508175, 0.854915, 0.000000,
                        -0.057266,-0.855108, 0.515277, 0.000000,
                        -0.112399,18.009909,-0.441116, 1.000000;;
                      }
                      Frame Armature_mixamorig_LeftHandMiddle2 {
                        FrameTransformMatrix {
                           0.982386,-0.121209,-0.142220, 0.000000,
                           0.121209,-0.165925, 0.978661, 0.000000,
                          -0.142220,-0.978661,-0.148311, 0.000000,
                           0.000002, 6.842802, 0.000001, 1.000000;;
                        }
                        Frame Armature_mixamorig_LeftHandMiddle3 {
                          FrameTransformMatrix {
                             0.993471,-0.101175,-0.052716, 0.000000,
                             0.101175, 0.567829, 0.816905, 0.000000,
                            -0.052716,-0.816905, 0.574358, 0.000000,
                             0.000005, 5.656092, 0.000010, 1.000000;;
                          }
                          Frame Armature_mixamorig_LeftHandMiddle4 {
                            FrameTransformMatrix {
                               1.000000, 0.000000, 0.000000, 0.000000,
                              -0.000000, 1.000000, 0.000000, 0.000000,
                               0.000000,-0.000000, 1.000000, 0.000000,
                               0.000005, 4.457902, 0.000019, 1.000000;;
                            }
                          } // End of Armature_mixamorig_LeftHandMiddle4
                        } // End of Armature_mixamorig_LeftHandMiddle3
                      } // End of Armature_mixamorig_LeftHandMiddle2
                    } // End of Armature_mixamorig_LeftHandMiddle1
                    Frame Armature_mixamorig_LeftHandPinky1 {
                      FrameTransformMatrix {
                         0.983019,-0.138634,-0.120227, 0.000000,
                         0.174744, 0.507181, 0.843939, 0.000000,
                        -0.056022,-0.850617, 0.522794, 0.000000,
                        11.143600,14.820603, 0.001779, 1.000000;;
                      }
                      Frame Armature_mixamorig_LeftHandPinky2 {
                        FrameTransformMatrix {
                           0.986857,-0.047669,-0.154401, 0.000000,
                           0.137056,-0.259246, 0.956037, 0.000000,
                          -0.085602,-0.964634,-0.249305, 0.000000,
                           0.000004, 5.576299,-0.000007, 1.000000;;
                        }
                        Frame Armature_mixamorig_LeftHandPinky3 {
                          FrameTransformMatrix {
                             0.993471,-0.101175,-0.052716, 0.000000,
                             0.101175, 0.567829, 0.816905, 0.000000,
                            -0.052716,-0.816905, 0.574358, 0.000000,
                             0.000000, 4.090189, 0.000002, 1.000000;;
                          }
                          Frame Armature_mixamorig_LeftHandPinky4 {
                            FrameTransformMatrix {
                               1.000000, 0.000000, 0.000000, 0.000000,
                              -0.000000, 1.000000, 0.000000, 0.000000,
                               0.000000, 0.000000, 1.000000, 0.000000,
                               0.000000, 4.222311, 0.000004, 1.000000;;
                            }
                          } // End of Armature_mixamorig_LeftHandPinky4
                        } // End of Armature_mixamorig_LeftHandPinky3
                      } // End of Armature_mixamorig_LeftHandPinky2
                    } // End of Armature_mixamorig_LeftHandPinky1
                    Frame Armature_mixamorig_LeftHandRing1 {
                      FrameTransformMatrix {
                         0.992892,-0.102718,-0.060114, 0.000000,
                         0.104316, 0.507933, 0.855057, 0.000000,
                        -0.057296,-0.855250, 0.515038, 0.000000,
                         5.832506,16.592602,-0.117409, 1.000000;;
                      }
                      Frame Armature_mixamorig_LeftHandRing2 {
                        FrameTransformMatrix {
                           0.982390,-0.121215,-0.142186, 0.000000,
                           0.121215,-0.165648, 0.978707, 0.000000,
                          -0.142187,-0.978707,-0.148038, 0.000000,
                          -0.000007, 6.332903, 0.000014, 1.000000;;
                        }
                        Frame Armature_mixamorig_LeftHandRing3 {
                          FrameTransformMatrix {
                             0.993471,-0.101175,-0.052717, 0.000000,
                             0.101175, 0.567829, 0.816905, 0.000000,
                            -0.052716,-0.816905, 0.574358, 0.000000,
                             0.000007, 5.608903,-0.000003, 1.000000;;
                          }
                          Frame Armature_mixamorig_LeftHandRing4 {
                            FrameTransformMatrix {
                               1.000000, 0.000000,-0.000000, 0.000000,
                               0.000000, 1.000000, 0.000000, 0.000000,
                               0.000000,-0.000000, 1.000000, 0.000000,
                              -0.000000, 4.489696, 0.000004, 1.000000;;
                            }
                          } // End of Armature_mixamorig_LeftHandRing4
                        } // End of Armature_mixamorig_LeftHandRing3
                      } // End of Armature_mixamorig_LeftHandRing2
                    } // End of Armature_mixamorig_LeftHandRing1
                    Frame Armature_mixamorig_LeftHandThumb1 {
                      FrameTransformMatrix {
                         0.892020, 0.448606,-0.055250, 0.000000,
                        -0.407408, 0.850936, 0.331552, 0.000000,
                         0.195750,-0.273242, 0.941817, 0.000000,
                        -7.297905, 5.809504, 5.140787, 1.000000;;
                      }
                      Frame Armature_mixamorig_LeftHandThumb2 {
                        FrameTransformMatrix {
                           0.912521,-0.409006, 0.004535, 0.000000,
                           0.408116, 0.911166, 0.056729, 0.000000,
                          -0.027334,-0.049915, 0.998379, 0.000000,
                          -0.000001, 6.981904,-0.000015, 1.000000;;
                        }
                        Frame Armature_mixamorig_LeftHandThumb3 {
                          FrameTransformMatrix {
                             0.834851,-0.530903, 0.145484, 0.000000,
                             0.537670, 0.843110,-0.008700, 0.000000,
                            -0.118041, 0.085486, 0.989322, 0.000000,
                             0.000003, 4.446800, 0.000007, 1.000000;;
                          }
                          Frame Armature_mixamorig_LeftHandThumb4 {
                            FrameTransformMatrix {
                               1.000000,-0.000002, 0.000003, 0.000000,
                               0.000002, 1.000000,-0.000002, 0.000000,
                              -0.000003, 0.000002, 1.000000, 0.000000,
                              -0.000000, 5.337995,-0.000006, 1.000000;;
                            }
                          } // End of Armature_mixamorig_LeftHandThumb4
                        } // End of Armature_mixamorig_LeftHandThumb3
                      } // End of Armature_mixamorig_LeftHandThumb2
                    } // End of Armature_mixamorig_LeftHandThumb1
                  } // End of Armature_mixamorig_LeftHand
                } // End of Armature_mixamorig_LeftForeArm
              } // End of Armature_mixamorig_LeftArm
            } // End of Armature_mixamorig_LeftShoulder
            Frame Armature_mixamorig_Neck {
              FrameTransformMatrix {
                 0.989304,-0.096652,-0.109247, 0.000000,
                 0.118239, 0.969958, 0.212607, 0.000000,
                 0.085417,-0.223250, 0.971011, 0.000000,
                -0.000001,29.862511,-6.856807, 1.000000;;
              }
              Frame Armature_mixamorig_Head {
                FrameTransformMatrix {
                   0.850158,-0.185809,-0.492652, 0.000000,
                   0.519329, 0.141727, 0.842740, 0.000000,
                  -0.086767,-0.972311, 0.216986, 0.000000,
                  -0.000002,15.812714, 4.504613, 1.000000;;
                }
                Frame Armature_mixamorig_HeadTop_End {
                  FrameTransformMatrix {
                     1.000000,-0.000000, 0.000000, 0.000000,
                    -0.000000, 1.000000,-0.000000, 0.000000,
                    -0.000000,-0.000000, 1.000000, 0.000000,
                     0.000000, 8.548807,-16.914188, 1.000000;;
                  }
                } // End of Armature_mixamorig_HeadTop_End
                Frame Armature_mixamorig_RightEye {
                  FrameTransformMatrix {
                    -0.000000, 1.000000, 0.000000, 0.000000,
                     0.000000,-0.000000, 1.000000, 0.000000,
                     1.000000, 0.000000,-0.000000, 0.000000,
                    -4.116899,14.065408,-5.662594, 1.000000;;
                  }
                } // End of Armature_mixamorig_RightEye
              } // End of Armature_mixamorig_Head
            } // End of Armature_mixamorig_Neck
            Frame Armature_mixamorig_RightShoulder {
              FrameTransformMatrix {
                 0.105881,-0.003106, 0.994374, 0.000000,
                -0.940692,-0.324450, 0.099151, 0.000000,
                 0.322317,-0.945898,-0.037275, 0.000000,
                -15.693202,30.527922,-14.885508, 1.000000;;
              }
              Frame Armature_mixamorig_RightArm {
                FrameTransformMatrix {
                   0.928590,-0.366176, 0.060291, 0.000000,
                   0.340070, 0.904665, 0.256775, 0.000000,
                  -0.148568,-0.217935, 0.964589, 0.000000,
                  -0.000001,18.001900, 0.000008, 1.000000;;
                }
                Frame Armature_mixamorig_RightForeArm {
                  FrameTransformMatrix {
                    -0.579597,-0.814903,-0.000008, 0.000000,
                     0.814903,-0.579597, 0.000005, 0.000000,
                    -0.000009,-0.000004, 1.000000, 0.000000,
                    -0.000003,37.520092, 0.000004, 1.000000;;
                  }
                  Frame Armature_mixamorig_RightHand {
                    FrameTransformMatrix {
                       0.999118,-0.041035,-0.008912, 0.000000,
                       0.041983, 0.980495, 0.192010, 0.000000,
                       0.000859,-0.192215, 0.981352, 0.000000,
                       0.000001,41.865707, 0.000002, 1.000000;;
                    }
                    Frame Armature_mixamorig_RightHandIndex1 {
                      FrameTransformMatrix {
                         0.996867, 0.074331, 0.027028, 0.000000,
                        -0.075048, 0.781085, 0.619898, 0.000000,
                         0.024967,-0.619985, 0.784216, 0.000000,
                         6.345613,17.473011, 0.144377, 1.000000;;
                      }
                      Frame Armature_mixamorig_RightHandIndex2 {
                        FrameTransformMatrix {
                           0.985838, 0.123659, 0.113275, 0.000000,
                          -0.123659, 0.079787, 0.989112, 0.000000,
                           0.113275,-0.989112, 0.093949, 0.000000,
                           0.000000, 6.305996,-0.000005, 1.000000;;
                        }
                        Frame Armature_mixamorig_RightHandIndex3 {
                          FrameTransformMatrix {
                             0.993167, 0.103110, 0.054652, 0.000000,
                            -0.103110, 0.556023, 0.824746, 0.000000,
                             0.054652,-0.824746, 0.562856, 0.000000,
                            -0.000008, 5.287017, 0.000001, 1.000000;;
                          }
                          Frame Armature_mixamorig_RightHandIndex4 {
                            FrameTransformMatrix {
                               1.000000,-0.000000, 0.000000, 0.000000,
                               0.000000, 1.000000, 0.000000, 0.000000,
                              -0.000000,-0.000000, 1.000000, 0.000000,
                              -0.000001, 4.643998,-0.000003, 1.000000;;
                            }
                          } // End of Armature_mixamorig_RightHandIndex4
                        } // End of Armature_mixamorig_RightHandIndex3
                      } // End of Armature_mixamorig_RightHandIndex2
                    } // End of Armature_mixamorig_RightHandIndex1
                    Frame Armature_mixamorig_RightHandMiddle1 {
                      FrameTransformMatrix {
                         0.996867, 0.074331, 0.027028, 0.000000,
                        -0.075048, 0.781085, 0.619899, 0.000000,
                         0.024967,-0.619985, 0.784216, 0.000000,
                         0.112398,18.009607,-0.440821, 1.000000;;
                      }
                      Frame Armature_mixamorig_RightHandMiddle2 {
                        FrameTransformMatrix {
                           0.985838, 0.123659, 0.113275, 0.000000,
                          -0.123659, 0.079788, 0.989112, 0.000000,
                           0.113275,-0.989112, 0.093949, 0.000000,
                          -0.000015, 6.843014,-0.000007, 1.000000;;
                        }
                        Frame Armature_mixamorig_RightHandMiddle3 {
                          FrameTransformMatrix {
                             0.993167, 0.103110, 0.054652, 0.000000,
                            -0.103110, 0.556023, 0.824747, 0.000000,
                             0.054652,-0.824746, 0.562855, 0.000000,
                             0.000008, 5.656014,-0.000008, 1.000000;;
                          }
                          Frame Armature_mixamorig_RightHandMiddle4 {
                            FrameTransformMatrix {
                               1.000000, 0.000000, 0.000000, 0.000000,
                              -0.000000, 1.000000,-0.000000, 0.000000,
                               0.000000, 0.000000, 1.000000, 0.000000,
                              -0.000002, 4.458010,-0.000005, 1.000000;;
                            }
                          } // End of Armature_mixamorig_RightHandMiddle4
                        } // End of Armature_mixamorig_RightHandMiddle3
                      } // End of Armature_mixamorig_RightHandMiddle2
                    } // End of Armature_mixamorig_RightHandMiddle1
                    Frame Armature_mixamorig_RightHandPinky1 {
                      FrameTransformMatrix {
                         0.996867, 0.074331, 0.027027, 0.000000,
                        -0.075048, 0.781085, 0.619898, 0.000000,
                         0.024967,-0.619985, 0.784216, 0.000000,
                        -11.143703,14.820510, 0.002376, 1.000000;;
                      }
                      Frame Armature_mixamorig_RightHandPinky2 {
                        FrameTransformMatrix {
                           0.985838, 0.123659, 0.113275, 0.000000,
                          -0.123660, 0.079787, 0.989112, 0.000000,
                           0.113275,-0.989112, 0.093949, 0.000000,
                           0.000004, 5.576016, 0.000005, 1.000000;;
                        }
                        Frame Armature_mixamorig_RightHandPinky3 {
                          FrameTransformMatrix {
                             0.993167, 0.103110, 0.054652, 0.000000,
                            -0.103110, 0.556023, 0.824746, 0.000000,
                             0.054652,-0.824746, 0.562856, 0.000000,
                             0.000011, 4.089992, 0.000007, 1.000000;;
                          }
                          Frame Armature_mixamorig_RightHandPinky4 {
                            FrameTransformMatrix {
                               1.000000, 0.000000,-0.000000, 0.000000,
                              -0.000000, 1.000000, 0.000000, 0.000000,
                              -0.000000,-0.000000, 1.000000, 0.000000,
                              -0.000001, 4.223008, 0.000011, 1.000000;;
                            }
                          } // End of Armature_mixamorig_RightHandPinky4
                        } // End of Armature_mixamorig_RightHandPinky3
                      } // End of Armature_mixamorig_RightHandPinky2
                    } // End of Armature_mixamorig_RightHandPinky1
                    Frame Armature_mixamorig_RightHandRing1 {
                      FrameTransformMatrix {
                         0.996867, 0.074331, 0.027028, 0.000000,
                        -0.075048, 0.781085, 0.619899, 0.000000,
                         0.024966,-0.619985, 0.784216, 0.000000,
                        -5.832499,16.592411,-0.117323, 1.000000;;
                      }
                      Frame Armature_mixamorig_RightHandRing2 {
                        FrameTransformMatrix {
                           0.985838, 0.123659, 0.113275, 0.000000,
                          -0.123659, 0.079788, 0.989112, 0.000000,
                           0.113275,-0.989112, 0.093949, 0.000000,
                           0.000004, 6.333000, 0.000012, 1.000000;;
                        }
                        Frame Armature_mixamorig_RightHandRing3 {
                          FrameTransformMatrix {
                             0.993167, 0.103110, 0.054652, 0.000000,
                            -0.103110, 0.556023, 0.824746, 0.000000,
                             0.054652,-0.824746, 0.562856, 0.000000,
                             0.000006, 5.608995, 0.000010, 1.000000;;
                          }
                          Frame Armature_mixamorig_RightHandRing4 {
                            FrameTransformMatrix {
                               1.000000, 0.000000, 0.000000, 0.000000,
                              -0.000000, 1.000000, 0.000000, 0.000000,
                              -0.000000,-0.000000, 1.000000, 0.000000,
                               0.000003, 4.490021,-0.000016, 1.000000;;
                            }
                          } // End of Armature_mixamorig_RightHandRing4
                        } // End of Armature_mixamorig_RightHandRing3
                      } // End of Armature_mixamorig_RightHandRing2
                    } // End of Armature_mixamorig_RightHandRing1
                    Frame Armature_mixamorig_RightHandThumb1 {
                      FrameTransformMatrix {
                         0.923467,-0.379848, 0.054083, 0.000000,
                         0.350056, 0.891833, 0.286521, 0.000000,
                        -0.157067,-0.245661, 0.956546, 0.000000,
                         7.297811, 5.809103, 5.140974, 1.000000;;
                      }
                      Frame Armature_mixamorig_RightHandThumb2 {
                        FrameTransformMatrix {
                           0.936019, 0.351703, 0.013202, 0.000000,
                          -0.351936, 0.934982, 0.044147, 0.000000,
                           0.003183,-0.045968, 0.998938, 0.000000,
                           0.000000, 6.982110,-0.000012, 1.000000;;
                        }
                        Frame Armature_mixamorig_RightHandThumb3 {
                          FrameTransformMatrix {
                             0.859669, 0.510783,-0.008329, 0.000000,
                            -0.510435, 0.858198,-0.054334, 0.000000,
                            -0.020605, 0.050960, 0.998488, 0.000000,
                             0.000001, 4.446896,-0.000015, 1.000000;;
                          }
                          Frame Armature_mixamorig_RightHandThumb4 {
                            FrameTransformMatrix {
                               1.000000, 0.000001,-0.000001, 0.000000,
                              -0.000001, 1.000000,-0.000000, 0.000000,
                               0.000001, 0.000000, 1.000000, 0.000000,
                              -0.000000, 5.338510,-0.000004, 1.000000;;
                            }
                          } // End of Armature_mixamorig_RightHandThumb4
                        } // End of Armature_mixamorig_RightHandThumb3
                      } // End of Armature_mixamorig_RightHandThumb2
                    } // End of Armature_mixamorig_RightHandThumb1
                  } // End of Armature_mixamorig_RightHand
                } // End of Armature_mixamorig_RightForeArm
              } // End of Armature_mixamorig_RightArm
            } // End of Armature_mixamorig_RightShoulder
          } // End of Armature_mixamorig_Spine2
        } // End of Armature_mixamorig_Spine1
      } // End of Armature_mixamorig_Spine
    } // End of Armature_mixamorig_Hips
  } // End of Armature
} // End of Root
AnimationSet Global {
  Animation {
    {Armature}
    AnimationKey { // Rotation
      0;
      56;
      0;4;-0.707107, 0.707107, 0.000000, 0.000000;;,
      1;4;-0.707107, 0.707107, 0.000000, 0.000000;;,
      2;4;-0.707107, 0.707107, 0.000000, 0.000000;;,
      3;4;-0.707107, 0.707107, 0.000000, 0.000000;;,
      4;4;-0.707107, 0.707107, 0.000000, 0.000000;;,
      5;4;-0.707107, 0.707107, 0.000000, 0.000000;;,
      6;4;-0.707107, 0.707107, 0.000000, 0.000000;;,
      7;4;-0.707107, 0.707107, 0.000000, 0.000000;;,
      8;4;-0.707107, 0.707107, 0.000000, 0.000000;;,
      9;4;-0.707107, 0.707107, 0.000000, 0.000000;;,
      10;4;-0.707107, 0.707107, 0.000000, 0.000000;;,
      11;4;-0.707107, 0.707107, 0.000000, 0.000000;;,
      12;4;-0.707107, 0.707107, 0.000000, 0.000000;;,
      13;4;-0.707107, 0.707107, 0.000000, 0.000000;;,
      14;4;-0.707107, 0.707107, 0.000000, 0.000000;;,
      15;4;-0.707107, 0.707107, 0.000000, 0.000000;;,
      16;4;-0.707107, 0.707107, 0.000000, 0.000000;;,
      17;4;-0.707107, 0.707107, 0.000000, 0.000000;;,
      18;4;-0.707107, 0.707107, 0.000000, 0.000000;;,
      19;4;-0.707107, 0.707107, 0.000000, 0.000000;;,
      20;4;-0.707107, 0.707107, 0.000000, 0.000000;;,
      21;4;-0.707107, 0.707107, 0.000000, 0.000000;;,
      22;4;-0.707107, 0.707107, 0.000000, 0.000000;;,
      23;4;-0.707107, 0.707107, 0.000000, 0.000000;;,
      24;4;-0.707107, 0.707107, 0.000000, 0.000000;;,
      25;4;-0.707107, 0.707107, 0.000000, 0.000000;;,
      26;4;-0.707107, 0.707107, 0.000000, 0.000000;;,
      27;4;-0.707107, 0.707107, 0.000000, 0.000000;;,
      28;4;-0.707107, 0.707107, 0.000000, 0.000000;;,
      29;4;-0.707107, 0.707107, 0.000000, 0.000000;;,
      30;4;-0.707107, 0.707107, 0.000000, 0.000000;;,
      31;4;-0.707107, 0.707107, 0.000000, 0.000000;;,
      32;4;-0.707107, 0.707107, 0.000000, 0.000000;;,
      33;4;-0.707107, 0.707107, 0.000000, 0.000000;;,
      34;4;-0.707107, 0.707107, 0.000000, 0.000000;;,
      35;4;-0.707107, 0.707107, 0.000000, 0.000000;;,
      36;4;-0.707107, 0.707107, 0.000000, 0.000000;;,
      37;4;-0.707107, 0.707107, 0.000000, 0.000000;;,
      38;4;-0.707107, 0.707107, 0.000000, 0.000000;;,
      39;4;-0.707107, 0.707107, 0.000000, 0.000000;;,
      40;4;-0.707107, 0.707107, 0.000000, 0.000000;;,
      41;4;-0.707107, 0.707107, 0.000000, 0.000000;;,
      42;4;-0.707107, 0.707107, 0.000000, 0.000000;;,
      43;4;-0.707107, 0.707107, 0.000000, 0.000000;;,
      44;4;-0.707107, 0.707107, 0.000000, 0.000000;;,
      45;4;-0.707107, 0.707107, 0.000000, 0.000000;;,
      46;4;-0.707107, 0.707107, 0.000000, 0.000000;;,
      47;4;-0.707107, 0.707107, 0.000000, 0.000000;;,
      48;4;-0.707107, 0.707107, 0.000000, 0.000000;;,
      49;4;-0.707107, 0.707107, 0.000000, 0.000000;;,
      50;4;-0.707107, 0.707107, 0.000000, 0.000000;;,
      51;4;-0.707107, 0.707107, 0.000000, 0.000000;;,
      52;4;-0.707107, 0.707107, 0.000000, 0.000000;;,
      53;4;-0.707107, 0.707107, 0.000000, 0.000000;;,
      54;4;-0.707107, 0.707107, 0.000000, 0.000000;;,
      55;4;-0.707107, 0.707107, 0.000000, 0.000000;;;
    }
    AnimationKey { // Scale
      1;
      56;
      0;3; 0.110000, 0.110000, 0.110000;;,
      1;3; 0.110000, 0.110000, 0.110000;;,
      2;3; 0.110000, 0.110000, 0.110000;;,
      3;3; 0.110000, 0.110000, 0.110000;;,
      4;3; 0.110000, 0.110000, 0.110000;;,
      5;3; 0.110000, 0.110000, 0.110000;;,
      6;3; 0.110000, 0.110000, 0.110000;;,
      7;3; 0.110000, 0.110000, 0.110000;;,
      8;3; 0.110000, 0.110000, 0.110000;;,
      9;3; 0.110000, 0.110000, 0.110000;;,
      10;3; 0.110000, 0.110000, 0.110000;;,
      11;3; 0.110000, 0.110000, 0.110000;;,
      12;3; 0.110000, 0.110000, 0.110000;;,
      13;3; 0.110000, 0.110000, 0.110000;;,
      14;3; 0.110000, 0.110000, 0.110000;;,
      15;3; 0.110000, 0.110000, 0.110000;;,
      16;3; 0.110000, 0.110000, 0.110000;;,
      17;3; 0.110000, 0.110000, 0.110000;;,
      18;3; 0.110000, 0.110000, 0.110000;;,
      19;3; 0.110000, 0.110000, 0.110000;;,
      20;3; 0.110000, 0.110000, 0.110000;;,
      21;3; 0.110000, 0.110000, 0.110000;;,
      22;3; 0.110000, 0.110000, 0.110000;;,
      23;3; 0.110000, 0.110000, 0.110000;;,
      24;3; 0.110000, 0.110000, 0.110000;;,
      25;3; 0.110000, 0.110000, 0.110000;;,
      26;3; 0.110000, 0.110000, 0.110000;;,
      27;3; 0.110000, 0.110000, 0.110000;;,
      28;3; 0.110000, 0.110000, 0.110000;;,
      29;3; 0.110000, 0.110000, 0.110000;;,
      30;3; 0.110000, 0.110000, 0.110000;;,
      31;3; 0.110000, 0.110000, 0.110000;;,
      32;3; 0.110000, 0.110000, 0.110000;;,
      33;3; 0.110000, 0.110000, 0.110000;;,
      34;3; 0.110000, 0.110000, 0.110000;;,
      35;3; 0.110000, 0.110000, 0.110000;;,
      36;3; 0.110000, 0.110000, 0.110000;;,
      37;3; 0.110000, 0.110000, 0.110000;;,
      38;3; 0.110000, 0.110000, 0.110000;;,
      39;3; 0.110000, 0.110000, 0.110000;;,
      40;3; 0.110000, 0.110000, 0.110000;;,
      41;3; 0.110000, 0.110000, 0.110000;;,
      42;3; 0.110000, 0.110000, 0.110000;;,
      43;3; 0.110000, 0.110000, 0.110000;;,
      44;3; 0.110000, 0.110000, 0.110000;;,
      45;3; 0.110000, 0.110000, 0.110000;;,
      46;3; 0.110000, 0.110000, 0.110000;;,
      47;3; 0.110000, 0.110000, 0.110000;;,
      48;3; 0.110000, 0.110000, 0.110000;;,
      49;3; 0.110000, 0.110000, 0.110000;;,
      50;3; 0.110000, 0.110000, 0.110000;;,
      51;3; 0.110000, 0.110000, 0.110000;;,
      52;3; 0.110000, 0.110000, 0.110000;;,
      53;3; 0.110000, 0.110000, 0.110000;;,
      54;3; 0.110000, 0.110000, 0.110000;;,
      55;3; 0.110000, 0.110000, 0.110000;;;
    }
    AnimationKey { // Position
      2;
      56;
      0;3; 0.000000, 0.000000, 0.000000;;,
      1;3; 0.000000, 0.000000, 0.000000;;,
      2;3; 0.000000, 0.000000, 0.000000;;,
      3;3; 0.000000, 0.000000, 0.000000;;,
      4;3; 0.000000, 0.000000, 0.000000;;,
      5;3; 0.000000, 0.000000, 0.000000;;,
      6;3; 0.000000, 0.000000, 0.000000;;,
      7;3; 0.000000, 0.000000, 0.000000;;,
      8;3; 0.000000, 0.000000, 0.000000;;,
      9;3; 0.000000, 0.000000, 0.000000;;,
      10;3; 0.000000, 0.000000, 0.000000;;,
      11;3; 0.000000, 0.000000, 0.000000;;,
      12;3; 0.000000, 0.000000, 0.000000;;,
      13;3; 0.000000, 0.000000, 0.000000;;,
      14;3; 0.000000, 0.000000, 0.000000;;,
      15;3; 0.000000, 0.000000, 0.000000;;,
      16;3; 0.000000, 0.000000, 0.000000;;,
      17;3; 0.000000, 0.000000, 0.000000;;,
      18;3; 0.000000, 0.000000, 0.000000;;,
      19;3; 0.000000, 0.000000, 0.000000;;,
      20;3; 0.000000, 0.000000, 0.000000;;,
      21;3; 0.000000, 0.000000, 0.000000;;,
      22;3; 0.000000, 0.000000, 0.000000;;,
      23;3; 0.000000, 0.000000, 0.000000;;,
      24;3; 0.000000, 0.000000, 0.000000;;,
      25;3; 0.000000, 0.000000, 0.000000;;,
      26;3; 0.000000, 0.000000, 0.000000;;,
      27;3; 0.000000, 0.000000, 0.000000;;,
      28;3; 0.000000, 0.000000, 0.000000;;,
      29;3; 0.000000, 0.000000, 0.000000;;,
      30;3; 0.000000, 0.000000, 0.000000;;,
      31;3; 0.000000, 0.000000, 0.000000;;,
      32;3; 0.000000, 0.000000, 0.000000;;,
      33;3; 0.000000, 0.000000, 0.000000;;,
      34;3; 0.000000, 0.000000, 0.000000;;,
      35;3; 0.000000, 0.000000, 0.000000;;,
      36;3; 0.000000, 0.000000, 0.000000;;,
      37;3; 0.000000, 0.000000, 0.000000;;,
      38;3; 0.000000, 0.000000, 0.000000;;,
      39;3; 0.000000, 0.000000, 0.000000;;,
      40;3; 0.000000, 0.000000, 0.000000;;,
      41;3; 0.000000, 0.000000, 0.000000;;,
      42;3; 0.000000, 0.000000, 0.000000;;,
      43;3; 0.000000, 0.000000, 0.000000;;,
      44;3; 0.000000, 0.000000, 0.000000;;,
      45;3; 0.000000, 0.000000, 0.000000;;,
      46;3; 0.000000, 0.000000, 0.000000;;,
      47;3; 0.000000, 0.000000, 0.000000;;,
      48;3; 0.000000, 0.000000, 0.000000;;,
      49;3; 0.000000, 0.000000, 0.000000;;,
      50;3; 0.000000, 0.000000, 0.000000;;,
      51;3; 0.000000, 0.000000, 0.000000;;,
      52;3; 0.000000, 0.000000, 0.000000;;,
      53;3; 0.000000, 0.000000, 0.000000;;,
      54;3; 0.000000, 0.000000, 0.000000;;,
      55;3; 0.000000, 0.000000, 0.000000;;;
    }
  }
  Animation {
    {Armature_mixamorig_Hips}
    AnimationKey { // Rotation
      0;
      56;
      0;4;-0.959858,-0.043631,-0.240454, 0.137665;;,
      1;4;-0.989375,-0.011316,-0.016801, 0.143970;;,
      2;4;-0.967468, 0.021587, 0.207726, 0.142792;;,
      3;4;-0.895276, 0.053368, 0.421456, 0.134191;;,
      4;4;-0.776551, 0.082374, 0.613281, 0.118616;;,
      5;4;-0.617464, 0.107100, 0.773229, 0.096876;;,
      6;4;-0.426283, 0.126259, 0.892988, 0.070101;;,
      7;4;-0.212946, 0.138855, 0.966332, 0.039682;;,
      8;4; 0.011456, 0.144234, 0.989451, 0.007202;;,
      9;4; 0.235269, 0.142117, 0.961142,-0.025655;;,
      10;4; 0.446850, 0.132613, 0.882876,-0.057178;;,
      11;4; 0.635206, 0.116216, 0.758722,-0.085728;;,
      12;4; 0.790546, 0.093778, 0.595132,-0.109823;;,
      13;4; 0.904797, 0.066467, 0.400609,-0.128209;;,
      14;4; 0.972019, 0.035700, 0.185265,-0.139932;;,
      15;4; 0.988720, 0.003079,-0.039709,-0.144381;;,
      16;4; 0.954031,-0.029703,-0.262619,-0.141326;;,
      17;4; 0.869755,-0.060941,-0.471879,-0.130926;;,
      18;4; 0.740273,-0.089012,-0.656613,-0.113720;;,
      19;4; 0.572314,-0.112456,-0.807218,-0.090604;;,
      20;4; 0.374609,-0.130055,-0.915867,-0.062778;;,
      21;4; 0.157432,-0.140894,-0.976913,-0.031690;;,
      22;4;-0.067926,-0.144410,-0.987183, 0.001045;;,
      23;4;-0.289756,-0.140421,-0.946143, 0.033727;;,
      24;4;-0.496523,-0.129132,-0.855926, 0.064655;;,
      25;4;-0.677484,-0.111132,-0.721221, 0.092223;;,
      26;4;-0.823232,-0.087356,-0.549030, 0.114997;;,
      27;4;-0.926191,-0.059039,-0.348303, 0.131795;;,
      28;4;-0.981011,-0.027654,-0.129471, 0.141742;;,
      29;4;-0.984841, 0.005169, 0.096089, 0.144322;;,
