xof 0303txt 0032

template XSkinMeshHeader {
  <3cf169ce-ff7c-44ab-93c0-f78f62d172e2>
  WORD nMaxSkinWeightsPerVertex;
  WORD nMaxSkinWeightsPerFace;
  WORD nBones;
}

template SkinWeights {
  <6f0d123b-bad2-4167-a0d0-80224f25fabb>
  STRING transformNodeName;
  DWORD nWeights;
  array DWORD vertexIndices[nWeights];
  array float weights[nWeights];
  Matrix4x4 matrixOffset;
}

Frame Root {
  FrameTransformMatrix {
     1.000000, 0.000000, 0.000000, 0.000000,
     0.000000,-0.000000,-1.000000, 0.000000,
     0.000000, 1.000000,-0.000000, 0.000000,
     0.000000, 0.000000, 0.000000, 1.000000;;
  }
  Frame Armature {
    FrameTransformMatrix {
       0.110000, 0.000000, 0.000000, 0.000000,
       0.000000,-0.000000, 0.110000, 0.000000,
       0.000000,-0.110000,-0.000000, 0.000000,
       0.000000, 0.000000, 0.000000, 1.000000;;
    }
    Frame Armature_mixamorig_Hips {
      FrameTransformMatrix {
         0.737786, 0.063682, 0.672024, 0.000000,
        -0.003063, 0.995846,-0.091006, 0.000000,
        -0.675028, 0.065085, 0.734916, 0.000000,
         1.801733,81.014282,-2.246491, 1.000000;;
      }
      Frame Armature_mixamorig_LeftUpLeg {
        FrameTransformMatrix {
          -0.936663,-0.228668, 0.265280, 0.000000,
           0.346830,-0.710934, 0.611784, 0.000000,
           0.048701, 0.665044, 0.745210, 0.000000,
          15.658501,-8.406805, 1.467000, 1.000000;;
        }
        Frame Armature_mixamorig_LeftLeg {
          FrameTransformMatrix {
             0.988656,-0.093853,-0.117267, 0.000000,
            -0.096118, 0.204612,-0.974113, 0.000000,
             0.115418, 0.974333, 0.193270, 0.000000,
            -0.000001,37.074814, 0.000007, 1.000000;;
          }
          Frame Armature_mixamorig_LeftFoot {
            FrameTransformMatrix {
               0.981707,-0.185648,-0.042280, 0.000000,
               0.081171, 0.207202, 0.974925, 0.000000,
              -0.172232,-0.960522, 0.218480, 0.000000,
               0.000002,38.107529,-0.000001, 1.000000;;
            }
            Frame Armature_mixamorig_LeftToeBase {
              FrameTransformMatrix {
                 0.992988,-0.063835, 0.099500, 0.000000,
                -0.025433, 0.706612, 0.707144, 0.000000,
                -0.115449,-0.704716, 0.700033, 0.000000,
                 0.000002,27.500038, 0.000000, 1.000000;;
              }
              Frame Armature_mixamorig_LeftToe_End {
                FrameTransformMatrix {
                   1.000000,-0.000000,-0.000000, 0.000000,
                   0.000000, 1.000000, 0.000000, 0.000000,
                   0.000000,-0.000000, 1.000000, 0.000000,
                   0.000001,18.087687,-0.000000, 1.000000;;
                }
              } // End of Armature_mixamorig_LeftToe_End
            } // End of Armature_mixamorig_LeftToeBase
          } // End of Armature_mixamorig_LeftFoot
        } // End of Armature_mixamorig_LeftLeg
      } // End of Armature_mixamorig_LeftUpLeg
      Frame Armature_mixamorig_RightUpLeg {
        FrameTransformMatrix {
          -0.837367, 0.439073,-0.325624, 0.000000,
          -0.538489,-0.765052, 0.353164, 0.000000,
          -0.094055, 0.471073, 0.877060, 0.000000,
          -15.658501,-8.406808, 1.467000, 1.000000;;
        }
        Frame Armature_mixamorig_RightLeg {
          FrameTransformMatrix {
             0.986586,-0.147847, 0.069204, 0.000000,
             0.095948, 0.182218,-0.978565, 0.000000,
             0.132068, 0.972079, 0.193959, 0.000000,
            -0.000002,37.074715,-0.000003, 1.000000;;
          }
          Frame Armature_mixamorig_RightFoot {
            FrameTransformMatrix {
               0.885112, 0.462634,-0.050451, 0.000000,
               0.001004, 0.106511, 0.994311, 0.000000,
               0.465376,-0.880128, 0.093810, 0.000000,
              -0.000003,38.107536, 0.000001, 1.000000;;
            }
            Frame Armature_mixamorig_RightToeBase {
              FrameTransformMatrix {
                 0.993654, 0.059731,-0.095309, 0.000000,
                 0.022389, 0.725358, 0.688007, 0.000000,
                 0.110228,-0.685775, 0.719418, 0.000000,
                -0.000003,27.500036,-0.000001, 1.000000;;
              }
              Frame Armature_mixamorig_RightToe_End {
                FrameTransformMatrix {
                   1.000000, 0.000000, 0.000000, 0.000000,
                  -0.000000, 1.000000, 0.000000, 0.000000,
                  -0.000000,-0.000000, 1.000000, 0.000000,
                  -0.000004,18.088078,-0.000000, 1.000000;;
                }
              } // End of Armature_mixamorig_RightToe_End
            } // End of Armature_mixamorig_RightToeBase
          } // End of Armature_mixamorig_RightFoot
        } // End of Armature_mixamorig_RightLeg
      } // End of Armature_mixamorig_RightUpLeg
      Frame Armature_mixamorig_Spine {
        FrameTransformMatrix {
           0.991741,-0.007207,-0.128053, 0.000000,
           0.028880, 0.985328, 0.168210, 0.000000,
           0.124962,-0.170519, 0.977399, 0.000000,
           0.000000,12.947403, 1.306900, 1.000000;;
        }
        Frame Armature_mixamorig_Spine1 {
          FrameTransformMatrix {
             0.999723,-0.015446,-0.017753, 0.000000,
             0.015949, 0.999466, 0.028515, 0.000000,
             0.017303,-0.028790, 0.999436, 0.000000,
             0.000000,11.650501, 0.000001, 1.000000;;
          }
          Frame Armature_mixamorig_Spine2 {
            FrameTransformMatrix {
               0.999731,-0.014905,-0.017762, 0.000000,
               0.015603, 0.999084, 0.039846, 0.000000,
               0.017152,-0.040112, 0.999048, 0.000000,
              -0.000000,11.899616, 0.000001, 1.000000;;
            }
            Frame Armature_mixamorig_LeftShoulder {
              FrameTransformMatrix {
                -0.063361, 0.020563,-0.997779, 0.000000,
                 0.804977,-0.589922,-0.063275, 0.000000,
                -0.589913,-0.807198, 0.020825, 0.000000,
                15.693204,30.527617,-14.885505, 1.000000;;
              }
              Frame Armature_mixamorig_LeftArm {
                FrameTransformMatrix {
                   0.592244, 0.295811, 0.749495, 0.000000,
                  -0.598627, 0.784156, 0.163539, 0.000000,
                  -0.539344,-0.545523, 0.641492, 0.000000,
                   0.000000,18.001997,-0.000010, 1.000000;;
                }
                Frame Armature_mixamorig_LeftForeArm {
                  FrameTransformMatrix {
                    -0.281639, 0.959520, 0.000006, 0.000000,
                    -0.959520,-0.281639, 0.000005, 0.000000,
                     0.000007,-0.000005, 1.000000, 0.000000,
                    -0.000011,37.520100,-0.000002, 1.000000;;
                  }
                  Frame Armature_mixamorig_LeftHand {
                    FrameTransformMatrix {
                       0.991307, 0.127313,-0.033187, 0.000000,
                      -0.111557, 0.947083, 0.300979, 0.000000,
                       0.069749,-0.294660, 0.953053, 0.000000,
                      -0.000002,41.865597,-0.000007, 1.000000;;
                    }
                    Frame Armature_mixamorig_LeftHandIndex1 {
                      FrameTransformMatrix {
                         0.998476,-0.055049,-0.003977, 0.000000,
                         0.042118, 0.713392, 0.699499, 0.000000,
                        -0.035669,-0.698600, 0.714623, 0.000000,
                        -6.345695,17.472908, 0.144176, 1.000000;;
                      }
                      Frame Armature_mixamorig_LeftHandIndex2 {
                        FrameTransformMatrix {
                           0.989335,-0.104992,-0.100965, 0.000000,
                           0.104992, 0.033547, 0.993907, 0.000000,
                          -0.100965,-0.993907, 0.044213, 0.000000,
                          -0.000004, 6.306505, 0.000011, 1.000000;;
                        }
                        Frame Armature_mixamorig_LeftHandIndex3 {
                          FrameTransformMatrix {
                             0.995907,-0.081655,-0.038743, 0.000000,
                             0.081655, 0.629146, 0.772986, 0.000000,
                            -0.038743,-0.772986, 0.633239, 0.000000,
                            -0.000005, 5.286980,-0.000003, 1.000000;;
                          }
                          Frame Armature_mixamorig_LeftHandIndex4 {
                            FrameTransformMatrix {
                               1.000000, 0.000000,-0.000000, 0.000000,
                               0.000000, 1.000000,-0.000000, 0.000000,
                               0.000000, 0.000000, 1.000000, 0.000000,
                              -0.000001, 4.643617,-0.000007, 1.000000;;
                            }
                          } // End of Armature_mixamorig_LeftHandIndex4
                        } // End of Armature_mixamorig_LeftHandIndex3
                      } // End of Armature_mixamorig_LeftHandIndex2
                    } // End of Armature_mixamorig_LeftHandIndex1
                    Frame Armature_mixamorig_LeftHandMiddle1 {
                      FrameTransformMatrix {
                         0.998001,-0.062565, 0.008920, 0.000000,
                         0.043550, 0.783128, 0.620333, 0.000000,
                        -0.045797,-0.618704, 0.784288, 0.000000,
                        -0.112405,18.009909,-0.441121, 1.000000;;
                      }
                      Frame Armature_mixamorig_LeftHandMiddle2 {
                        FrameTransformMatrix {
                           0.987837,-0.104501,-0.115140, 0.000000,
                           0.104501,-0.102139, 0.989266, 0.000000,
                          -0.115140,-0.989266,-0.089976, 0.000000,
                           0.000001, 6.842807, 0.000014, 1.000000;;
                        }
                        Frame Armature_mixamorig_LeftHandMiddle3 {
                          FrameTransformMatrix {
                             0.995868,-0.081955,-0.039113, 0.000000,
                             0.081955, 0.625598, 0.775829, 0.000000,
                            -0.039114,-0.775829, 0.629730, 0.000000,
                            -0.000000, 5.656095, 0.000001, 1.000000;;
                          }
                          Frame Armature_mixamorig_LeftHandMiddle4 {
                            FrameTransformMatrix {
                               1.000000, 0.000000,-0.000000, 0.000000,
                               0.000000, 1.000000, 0.000000, 0.000000,
                               0.000000,-0.000000, 1.000000, 0.000000,
                               0.000008, 4.457893, 0.000008, 1.000000;;
                            }
                          } // End of Armature_mixamorig_LeftHandMiddle4
                        } // End of Armature_mixamorig_LeftHandMiddle3
                      } // End of Armature_mixamorig_LeftHandMiddle2
                    } // End of Armature_mixamorig_LeftHandMiddle1
                    Frame Armature_mixamorig_LeftHandPinky1 {
                      FrameTransformMatrix {
                         0.986065,-0.151962, 0.067699, 0.000000,
                         0.061906, 0.712894, 0.698533, 0.000000,
                        -0.154413,-0.684609, 0.712368, 0.000000,
                        11.143600,14.820615, 0.001769, 1.000000;;
                      }
                      Frame Armature_mixamorig_LeftHandPinky2 {
                        FrameTransformMatrix {
                           0.989920,-0.104656,-0.095421, 0.000000,
                           0.104656, 0.086613, 0.990730, 0.000000,
                          -0.095421,-0.990730, 0.096693, 0.000000,
                          -0.000006, 5.576300, 0.000004, 1.000000;;
                        }
                        Frame Armature_mixamorig_LeftHandPinky3 {
                          FrameTransformMatrix {
                             0.983573,-0.091664,-0.155502, 0.000000,
                             0.091664,-0.488491, 0.867741, 0.000000,
                            -0.155502,-0.867741,-0.472064, 0.000000,
                             0.000009, 4.090204,-0.000001, 1.000000;;
                          }
                          Frame Armature_mixamorig_LeftHandPinky4 {
                            FrameTransformMatrix {
                               1.000000,-0.000000,-0.000000, 0.000000,
                              -0.000000, 1.000000,-0.000000, 0.000000,
                               0.000000, 0.000000, 1.000000, 0.000000,
                               0.000001, 4.222304,-0.000009, 1.000000;;
                            }
                          } // End of Armature_mixamorig_LeftHandPinky4
                        } // End of Armature_mixamorig_LeftHandPinky3
                      } // End of Armature_mixamorig_LeftHandPinky2
                    } // End of Armature_mixamorig_LeftHandPinky1
                    Frame Armature_mixamorig_LeftHandRing1 {
                      FrameTransformMatrix {
                         0.996564,-0.082546,-0.006794, 0.000000,
                         0.068943, 0.781274, 0.620369, 0.000000,
                        -0.045901,-0.618706, 0.784280, 0.000000,
                         5.832500,16.592602,-0.117411, 1.000000;;
                      }
                      Frame Armature_mixamorig_LeftHandRing2 {
                        FrameTransformMatrix {
                           0.984583,-0.096415,-0.145949, 0.000000,
                           0.096416,-0.397048, 0.912720, 0.000000,
                          -0.145949,-0.912720,-0.381630, 0.000000,
                           0.000001, 6.332901,-0.000012, 1.000000;;
                        }
                        Frame Armature_mixamorig_LeftHandRing3 {
                          FrameTransformMatrix {
                             0.993950,-0.093720,-0.057275, 0.000000,
                             0.093720, 0.451753, 0.887207, 0.000000,
                            -0.057275,-0.887207, 0.457803, 0.000000,
                             0.000001, 5.608901,-0.000004, 1.000000;;
                          }
                          Frame Armature_mixamorig_LeftHandRing4 {
                            FrameTransformMatrix {
                               1.000000,-0.000000, 0.000000, 0.000000,
                               0.000000, 1.000000, 0.000000, 0.000000,
                               0.000000, 0.000000, 1.000000, 0.000000,
                              -0.000001, 4.489702, 0.000000, 1.000000;;
                            }
                          } // End of Armature_mixamorig_LeftHandRing4
                        } // End of Armature_mixamorig_LeftHandRing3
                      } // End of Armature_mixamorig_LeftHandRing2
                    } // End of Armature_mixamorig_LeftHandRing1
                    Frame Armature_mixamorig_LeftHandThumb1 {
                      FrameTransformMatrix {
                         0.730079, 0.674702, 0.108459, 0.000000,
                        -0.639411, 0.618462, 0.456791, 0.000000,
                         0.241120,-0.402843, 0.882938, 0.000000,
                        -7.297900, 5.809506, 5.140787, 1.000000;;
                      }
                      Frame Armature_mixamorig_LeftHandThumb2 {
                        FrameTransformMatrix {
                           0.718198,-0.685682, 0.118458, 0.000000,
                           0.685854, 0.726295, 0.045827, 0.000000,
                          -0.117458, 0.048332, 0.991901, 0.000000,
                          -0.000001, 6.981906, 0.000009, 1.000000;;
                        }
                        Frame Armature_mixamorig_LeftHandThumb3 {
                          FrameTransformMatrix {
                             0.955324,-0.271625,-0.116514, 0.000000,
                             0.204571, 0.892206,-0.402641, 0.000000,
                             0.213322, 0.360817, 0.907912, 0.000000,
                             0.000001, 4.446791, 0.000006, 1.000000;;
                          }
                          Frame Armature_mixamorig_LeftHandThumb4 {
                            FrameTransformMatrix {
                               1.000000,-0.000002, 0.000003, 0.000000,
                               0.000002, 1.000000,-0.000002, 0.000000,
                              -0.000003, 0.000002, 1.000000, 0.000000,
                               0.000004, 5.337995,-0.000009, 1.000000;;
                            }
                          } // End of Armature_mixamorig_LeftHandThumb4
                        } // End of Armature_mixamorig_LeftHandThumb3
                      } // End of Armature_mixamorig_LeftHandThumb2
                    } // End of Armature_mixamorig_LeftHandThumb1
                  } // End of Armature_mixamorig_LeftHand
                } // End of Armature_mixamorig_LeftForeArm
              } // End of Armature_mixamorig_LeftArm
            } // End of Armature_mixamorig_LeftShoulder
            Frame Armature_mixamorig_Neck {
              FrameTransformMatrix {
                 0.970444, 0.079469,-0.227866, 0.000000,
                -0.077035, 0.996836, 0.019570, 0.000000,
                 0.228700,-0.001438, 0.973496, 0.000000,
                 0.000002,29.862518,-6.856802, 1.000000;;
              }
              Frame Armature_mixamorig_Head {
                FrameTransformMatrix {
                   0.936427,-0.017903,-0.350405, 0.000000,
                   0.344285,-0.145591, 0.927508, 0.000000,
                  -0.067621,-0.989183,-0.130172, 0.000000,
                   0.000004,15.812709, 4.504601, 1.000000;;
                }
                Frame Armature_mixamorig_HeadTop_End {
                  FrameTransformMatrix {
                     1.000000, 0.000000,-0.000000, 0.000000,
                    -0.000000, 1.000000,-0.000000, 0.000000,
                    -0.000000, 0.000000, 1.000000, 0.000000,
                    -0.000001, 8.548804,-16.914213, 1.000000;;
                  }
                } // End of Armature_mixamorig_HeadTop_End
                Frame Armature_mixamorig_RightEye {
                  FrameTransformMatrix {
                    -0.000000, 1.000000, 0.000000, 0.000000,
                     0.000000,-0.000000, 1.000000, 0.000000,
                     1.000000, 0.000000,-0.000000, 0.000000,
                    -4.116901,14.065404,-5.662601, 1.000000;;
                  }
                } // End of Armature_mixamorig_RightEye
              } // End of Armature_mixamorig_Head
            } // End of Armature_mixamorig_Neck
            Frame Armature_mixamorig_RightShoulder {
              FrameTransformMatrix {
                 0.223730,-0.052328, 0.973245, 0.000000,
                -0.902283,-0.388710, 0.186518, 0.000000,
                 0.368550,-0.919873,-0.134181, 0.000000,
                -15.693200,30.527910,-14.885502, 1.000000;;
              }
              Frame Armature_mixamorig_RightArm {
                FrameTransformMatrix {
                   0.585666,-0.715501,-0.380859, 0.000000,
                   0.781562, 0.373955, 0.499318, 0.000000,
                  -0.214838,-0.590099, 0.778221, 0.000000,
                   0.000000,18.001894,-0.000008, 1.000000;;
                }
                Frame Armature_mixamorig_RightForeArm {
                  FrameTransformMatrix {
                    -0.275441,-0.961318,-0.000007, 0.000000,
                     0.961318,-0.275441, 0.000005, 0.000000,
                    -0.000007,-0.000005, 1.000000, 0.000000,
                     0.000009,37.520092,-0.000005, 1.000000;;
                  }
                  Frame Armature_mixamorig_RightHand {
                    FrameTransformMatrix {
                       0.945026,-0.295178,-0.140699, 0.000000,
                       0.313447, 0.940298, 0.132631, 0.000000,
                       0.093149,-0.169442, 0.981128, 0.000000,
                       0.000006,41.865719, 0.000000, 1.000000;;
                    }
                    Frame Armature_mixamorig_RightHandIndex1 {
                      FrameTransformMatrix {
                         0.999293, 0.037531,-0.002242, 0.000000,
                        -0.025583, 0.722447, 0.690953, 0.000000,
                         0.027551,-0.690407, 0.722896, 0.000000,
                         6.345601,17.473005, 0.144403, 1.000000;;
                      }
                      Frame Armature_mixamorig_RightHandIndex2 {
                        FrameTransformMatrix {
                           0.993134, 0.084241, 0.081171, 0.000000,
                          -0.084241, 0.033547, 0.995881, 0.000000,
                           0.081171,-0.995880, 0.040413, 0.000000,
                           0.000004, 6.305997, 0.000013, 1.000000;;
                        }
                        Frame Armature_mixamorig_RightHandIndex3 {
                          FrameTransformMatrix {
                             0.997365, 0.065516, 0.031147, 0.000000,
                            -0.065516, 0.629147, 0.774521, 0.000000,
                             0.031147,-0.774521, 0.631781, 0.000000,
                            -0.000001, 5.287006,-0.000004, 1.000000;;
                          }
                          Frame Armature_mixamorig_RightHandIndex4 {
                            FrameTransformMatrix {
                               1.000000,-0.000000, 0.000000, 0.000000,
                               0.000000, 1.000000, 0.000000, 0.000000,
                              -0.000000,-0.000000, 1.000000, 0.000000,
                              -0.000008, 4.644003, 0.000012, 1.000000;;
                            }
                          } // End of Armature_mixamorig_RightHandIndex4
                        } // End of Armature_mixamorig_RightHandIndex3
                      } // End of Armature_mixamorig_RightHandIndex2
                    } // End of Armature_mixamorig_RightHandIndex1
                    Frame Armature_mixamorig_RightHandMiddle1 {
                      FrameTransformMatrix {
                         0.998820, 0.046565,-0.013793, 0.000000,
                        -0.028447, 0.791165, 0.610940, 0.000000,
                         0.039361,-0.609827, 0.791556, 0.000000,
                         0.112396,18.009605,-0.440798, 1.000000;;
                      }
                      Frame Armature_mixamorig_RightHandMiddle2 {
                        FrameTransformMatrix {
                           0.992170, 0.083848, 0.092567, 0.000000,
                          -0.083847,-0.102139, 0.991230, 0.000000,
                           0.092567,-0.991230,-0.094309, 0.000000,
                           0.000002, 6.843012,-0.000000, 1.000000;;
                        }
                        Frame Armature_mixamorig_RightHandMiddle3 {
                          FrameTransformMatrix {
                             0.997340, 0.065757, 0.031445, 0.000000,
                            -0.065757, 0.625598, 0.777369, 0.000000,
                             0.031445,-0.777369, 0.628258, 0.000000,
                             0.000001, 5.656002,-0.000007, 1.000000;;
                          }
                          Frame Armature_mixamorig_RightHandMiddle4 {
                            FrameTransformMatrix {
                               1.000000, 0.000000, 0.000000, 0.000000,
                              -0.000000, 1.000000,-0.000000, 0.000000,
                               0.000000, 0.000000, 1.000000, 0.000000,
                               0.000006, 4.458022,-0.000009, 1.000000;;
                            }
                          } // End of Armature_mixamorig_RightHandMiddle4
                        } // End of Armature_mixamorig_RightHandMiddle3
                      } // End of Armature_mixamorig_RightHandMiddle2
                    } // End of Armature_mixamorig_RightHandMiddle1
                    Frame Armature_mixamorig_RightHandPinky1 {
                      FrameTransformMatrix {
                         0.988165, 0.133817,-0.074978, 0.000000,
                        -0.045388, 0.722000, 0.690402, 0.000000,
                         0.146522,-0.678829, 0.719530, 0.000000,
                        -11.143704,14.820506, 0.002409, 1.000000;;
                      }
                      Frame Armature_mixamorig_RightHandPinky2 {
                        FrameTransformMatrix {
                           0.993511, 0.083972, 0.076714, 0.000000,
                          -0.083972, 0.086614, 0.992697, 0.000000,
                           0.076714,-0.992697, 0.093103, 0.000000,
                          -0.000002, 5.576010, 0.000007, 1.000000;;
                        }
                        Frame Armature_mixamorig_RightHandPinky3 {
                          FrameTransformMatrix {
                             0.989425, 0.073548, 0.125016, 0.000000,
                            -0.073548,-0.488491, 0.869464, 0.000000,
                             0.125016,-0.869464,-0.477916, 0.000000,
                            -0.000006, 4.089974, 0.000004, 1.000000;;
                          }
                          Frame Armature_mixamorig_RightHandPinky4 {
                            FrameTransformMatrix {
                               1.000000, 0.000000,-0.000000, 0.000000,
                              -0.000000, 1.000000, 0.000000, 0.000000,
                               0.000000,-0.000000, 1.000000, 0.000000,
                               0.000004, 4.223006,-0.000023, 1.000000;;
                            }
                          } // End of Armature_mixamorig_RightHandPinky4
                        } // End of Armature_mixamorig_RightHandPinky3
                      } // End of Armature_mixamorig_RightHandPinky2
                    } // End of Armature_mixamorig_RightHandPinky1
                    Frame Armature_mixamorig_RightHandRing1 {
                      FrameTransformMatrix {
                         0.997769, 0.066746, 0.001685, 0.000000,
                        -0.053839, 0.789392, 0.611524, 0.000000,
                         0.039487,-0.610250, 0.791224, 0.000000,
                        -5.832505,16.592403,-0.117294, 1.000000;;
                      }
                      Frame Armature_mixamorig_RightHandRing2 {
                        FrameTransformMatrix {
                           0.990075, 0.077359, 0.117336, 0.000000,
                          -0.077360,-0.397047, 0.914532, 0.000000,
                           0.117336,-0.914532,-0.387122, 0.000000,
                           0.000003, 6.332997, 0.000002, 1.000000;;
                        }
                        Frame Armature_mixamorig_RightHandRing3 {
                          FrameTransformMatrix {
                             0.996105, 0.075197, 0.046046, 0.000000,
                            -0.075197, 0.451753, 0.888968, 0.000000,
                             0.046046,-0.888968, 0.455648, 0.000000,
                             0.000003, 5.608993,-0.000002, 1.000000;;
                          }
                          Frame Armature_mixamorig_RightHandRing4 {
                            FrameTransformMatrix {
                               1.000000, 0.000000, 0.000000, 0.000000,
                              -0.000000, 1.000000,-0.000000, 0.000000,
                               0.000000, 0.000000, 1.000000, 0.000000,
                               0.000002, 4.490019,-0.000007, 1.000000;;
                            }
                          } // End of Armature_mixamorig_RightHandRing4
                        } // End of Armature_mixamorig_RightHandRing3
                      } // End of Armature_mixamorig_RightHandRing2
                    } // End of Armature_mixamorig_RightHandRing1
                    Frame Armature_mixamorig_RightHandThumb1 {
                      FrameTransformMatrix {
                         0.703739,-0.698248,-0.131154, 0.000000,
                         0.669964, 0.590786, 0.449578, 0.000000,
                        -0.236433,-0.404254, 0.883560, 0.000000,
                         7.297803, 5.809101, 5.141006, 1.000000;;
                      }
                      Frame Armature_mixamorig_RightHandThumb2 {
                        FrameTransformMatrix {
                           0.694774, 0.707585,-0.128891, 0.000000,
                          -0.709341, 0.703743, 0.039771, 0.000000,
                           0.118848, 0.063796, 0.990861, 0.000000,
                          -0.000003, 6.982108, 0.000002, 1.000000;;
                        }
                        Frame Armature_mixamorig_RightHandThumb3 {
                          FrameTransformMatrix {
                             0.923661, 0.374187, 0.082672, 0.000000,
                            -0.310869, 0.857799,-0.409319, 0.000000,
                            -0.224078, 0.352372, 0.908638, 0.000000,
                            -0.000005, 4.446897,-0.000005, 1.000000;;
                          }
                          Frame Armature_mixamorig_RightHandThumb4 {
                            FrameTransformMatrix {
                               1.000000, 0.000001,-0.000001, 0.000000,
                              -0.000001, 1.000000,-0.000000, 0.000000,
                               0.000001, 0.000000, 1.000000, 0.000000,
                               0.000012, 5.338502, 0.000004, 1.000000;;
                            }
                          } // End of Armature_mixamorig_RightHandThumb4
                        } // End of Armature_mixamorig_RightHandThumb3
                      } // End of Armature_mixamorig_RightHandThumb2
                    } // End of Armature_mixamorig_RightHandThumb1
                  } // End of Armature_mixamorig_RightHand
                } // End of Armature_mixamorig_RightForeArm
              } // End of Armature_mixamorig_RightArm
            } // End of Armature_mixamorig_RightShoulder
          } // End of Armature_mixamorig_Spine2
        } // End of Armature_mixamorig_Spine1
      } // End of Armature_mixamorig_Spine
    } // End of Armature_mixamorig_Hips
  } // End of Armature
} // End of Root
AnimationSet Global {
  Animation {
    {Armature}
    AnimationKey { // Rotation
      0;
      68;
      0;4;-0.707107, 0.707107, 0.000000, 0.000000;;,
      1;4;-0.707107, 0.707107, 0.000000, 0.000000;;,
      2;4;-0.707107, 0.707107, 0.000000, 0.000000;;,
      3;4;-0.707107, 0.707107, 0.000000, 0.000000;;,
      4;4;-0.707107, 0.707107, 0.000000, 0.000000;;,
      5;4;-0.707107, 0.707107, 0.000000, 0.000000;;,
      6;4;-0.707107, 0.707107, 0.000000, 0.000000;;,
      7;4;-0.707107, 0.707107, 0.000000, 0.000000;;,
      8;4;-0.707107, 0.707107, 0.000000, 0.000000;;,
      9;4;-0.707107, 0.707107, 0.000000, 0.000000;;,
      10;4;-0.707107, 0.707107, 0.000000, 0.000000;;,
      11;4;-0.707107, 0.707107, 0.000000, 0.000000;;,
      12;4;-0.707107, 0.707107, 0.000000, 0.000000;;,
      13;4;-0.707107, 0.707107, 0.000000, 0.000000;;,
      14;4;-0.707107, 0.707107, 0.000000, 0.000000;;,
      15;4;-0.707107, 0.707107, 0.000000, 0.000000;;,
      16;4;-0.707107, 0.707107, 0.000000, 0.000000;;,
      17;4;-0.707107, 0.707107, 0.000000, 0.000000;;,
      18;4;-0.707107, 0.707107, 0.000000, 0.000000;;,
      19;4;-0.707107, 0.707107, 0.000000, 0.000000;;,
      20;4;-0.707107, 0.707107, 0.000000, 0.000000;;,
      21;4;-0.707107, 0.707107, 0.000000, 0.000000;;,
      22;4;-0.707107, 0.707107, 0.000000, 0.000000;;,
      23;4;-0.707107, 0.707107, 0.000000, 0.000000;;,
      24;4;-0.707107, 0.707107, 0.000000, 0.000000;;,
      25;4;-0.707107, 0.707107, 0.000000, 0.000000;;,
      26;4;-0.707107, 0.707107, 0.000000, 0.000000;;,
      27;4;-0.707107, 0.707107, 0.000000, 0.000000;;,
      28;4;-0.707107, 0.707107, 0.000000, 0.000000;;,
      29;4;-0.707107, 0.707107, 0.000000, 0.000000;;,
      30;4;-0.707107, 0.707107, 0.000000, 0.000000;;,
      31;4;-0.707107, 0.707107, 0.000000, 0.000000;;,
      32;4;-0.707107, 0.707107, 0.000000, 0.000000;;,
      33;4;-0.707107, 0.707107, 0.000000, 0.000000;;,
      34;4;-0.707107, 0.707107, 0.000000, 0.000000;;,
      35;4;-0.707107, 0.707107, 0.000000, 0.000000;;,
      36;4;-0.707107, 0.707107, 0.000000, 0.000000;;,
      37;4;-0.707107, 0.707107, 0.000000, 0.000000;;,
      38;4;-0.707107, 0.707107, 0.000000, 0.000000;;,
      39;4;-0.707107, 0.707107, 0.000000, 0.000000;;,
      40;4;-0.707107, 0.707107, 0.000000, 0.000000;;,
      41;4;-0.707107, 0.707107, 0.000000, 0.000000;;,
      42;4;-0.707107, 0.707107, 0.000000, 0.000000;;,
      43;4;-0.707107, 0.707107, 0.000000, 0.000000;;,
      44;4;-0.707107, 0.707107, 0.000000, 0.000000;;,
      45;4;-0.707107, 0.707107, 0.000000, 0.000000;;,
      46;4;-0.707107, 0.707107, 0.000000, 0.000000;;,
      47;4;-0.707107, 0.707107, 0.000000, 0.000000;;,
      48;4;-0.707107, 0.707107, 0.000000, 0.000000;;,
      49;4;-0.707107, 0.707107, 0.000000, 0.000000;;,
      50;4;-0.707107, 0.707107, 0.000000, 0.000000;;,
      51;4;-0.707107, 0.707107, 0.000000, 0.000000;;,
      52;4;-0.707107, 0.707107, 0.000000, 0.000000;;,
      53;4;-0.707107, 0.707107, 0.000000, 0.000000;;,
      54;4;-0.707107, 0.707107, 0.000000, 0.000000;;,
      55;4;-0.707107, 0.707107, 0.000000, 0.000000;;,
      56;4;-0.707107, 0.707107, 0.000000, 0.000000;;,
      57;4;-0.707107, 0.707107, 0.000000, 0.000000;;,
      58;4;-0.707107, 0.707107, 0.000000, 0.000000;;,
      59;4;-0.707107, 0.707107, 0.000000, 0.000000;;,
      60;4;-0.707107, 0.707107, 0.000000, 0.000000;;,
      61;4;-0.707107, 0.707107, 0.000000, 0.000000;;,
      62;4;-0.707107, 0.707107, 0.000000, 0.000000;;,
      63;4;-0.707107, 0.707107, 0.000000, 0.000000;;,
      64;4;-0.707107, 0.707107, 0.000000, 0.000000;;,
      65;4;-0.707107, 0.707107, 0.000000, 0.000000;;,
      66;4;-0.707107, 0.707107, 0.000000, 0.000000;;,
      67;4;-0.707107, 0.707107, 0.000000, 0.000000;;;
    }
    AnimationKey { // Scale
      1;
      68;
      0;3; 0.110000, 0.110000, 0.110000;;,
      1;3; 0.110000, 0.110000, 0.110000;;,
      2;3; 0.110000, 0.110000, 0.110000;;,
      3;3; 0.110000, 0.110000, 0.110000;;,
      4;3; 0.110000, 0.110000, 0.110000;;,
      5;3; 0.110000, 0.110000, 0.110000;;,
      6;3; 0.110000, 0.110000, 0.110000;;,
      7;3; 0.110000, 0.110000, 0.110000;;,
      8;3; 0.110000, 0.110000, 0.110000;;,
      9;3; 0.110000, 0.110000, 0.110000;;,
      10;3; 0.110000, 0.110000, 0.110000;;,
      11;3; 0.110000, 0.110000, 0.110000;;,
      12;3; 0.110000, 0.110000, 0.110000;;,
      13;3; 0.110000, 0.110000, 0.110000;;,
      14;3; 0.110000, 0.110000, 0.110000;;,
      15;3; 0.110000, 0.110000, 0.110000;;,
      16;3; 0.110000, 0.110000, 0.110000;;,
      17;3; 0.110000, 0.110000, 0.110000;;,
      18;3; 0.110000, 0.110000, 0.110000;;,
      19;3; 0.110000, 0.110000, 0.110000;;,
      20;3; 0.110000, 0.110000, 0.110000;;,
      21;3; 0.110000, 0.110000, 0.110000;;,
      22;3; 0.110000, 0.110000, 0.110000;;,
      23;3; 0.110000, 0.110000, 0.110000;;,
      24;3; 0.110000, 0.110000, 0.110000;;,
      25;3; 0.110000, 0.110000, 0.110000;;,
      26;3; 0.110000, 0.110000, 0.110000;;,
      27;3; 0.110000, 0.110000, 0.110000;;,
      28;3; 0.110000, 0.110000, 0.110000;;,
      29;3; 0.110000, 0.110000, 0.110000;;,
      30;3; 0.110000, 0.110000, 0.110000;;,
      31;3; 0.110000, 0.110000, 0.110000;;,
      32;3; 0.110000, 0.110000, 0.110000;;,
      33;3; 0.110000, 0.110000, 0.110000;;,
      34;3; 0.110000, 0.110000, 0.110000;;,
      35;3; 0.110000, 0.110000, 0.110000;;,
      36;3; 0.110000, 0.110000, 0.110000;;,
      37;3; 0.110000, 0.110000, 0.110000;;,
      38;3; 0.110000, 0.110000, 0.110000;;,
      39;3; 0.110000, 0.110000, 0.110000;;,
      40;3; 0.110000, 0.110000, 0.110000;;,
      41;3; 0.110000, 0.110000, 0.110000;;,
      42;3; 0.110000, 0.110000, 0.110000;;,
      43;3; 0.110000, 0.110000, 0.110000;;,
      44;3; 0.110000, 0.110000, 0.110000;;,
      45;3; 0.110000, 0.110000, 0.110000;;,
      46;3; 0.110000, 0.110000, 0.110000;;,
      47;3; 0.110000, 0.110000, 0.110000;;,
      48;3; 0.110000, 0.110000, 0.110000;;,
      49;3; 0.110000, 0.110000, 0.110000;;,
      50;3; 0.110000, 0.110000, 0.110000;;,
      51;3; 0.110000, 0.110000, 0.110000;;,
      52;3; 0.110000, 0.110000, 0.110000;;,
      53;3; 0.110000, 0.110000, 0.110000;;,
      54;3; 0.110000, 0.110000, 0.110000;;,
      55;3; 0.110000, 0.110000, 0.110000;;,
      56;3; 0.110000, 0.110000, 0.110000;;,
      57;3; 0.110000, 0.110000, 0.110000;;,
      58;3; 0.110000, 0.110000, 0.110000;;,
      59;3; 0.110000, 0.110000, 0.110000;;,
      60;3; 0.110000, 0.110000, 0.110000;;,
      61;3; 0.110000, 0.110000, 0.110000;;,
      62;3; 0.110000, 0.110000, 0.110000;;,
      63;3; 0.110000, 0.110000, 0.110000;;,
      64;3; 0.110000, 0.110000, 0.110000;;,
      65;3; 0.110000, 0.110000, 0.110000;;,
      66;3; 0.110000, 0.110000, 0.110000;;,
      67;3; 0.110000, 0.110000, 0.110000;;;
    }
    AnimationKey { // Position
      2;
      68;
      0;3; 0.000000, 0.000000, 0.000000;;,
      1;3; 0.000000, 0.000000, 0.000000;;,
      2;3; 0.000000, 0.000000, 0.000000;;,
      3;3; 0.000000, 0.000000, 0.000000;;,
      4;3; 0.000000, 0.000000, 0.000000;;,
      5;3; 0.000000, 0.000000, 0.000000;;,
      6;3; 0.000000, 0.000000, 0.000000;;,
      7;3; 0.000000, 0.000000, 0.000000;;,
      8;3; 0.000000, 0.000000, 0.000000;;,
      9;3; 0.000000, 0.000000, 0.000000;;,
      10;3; 0.000000, 0.000000, 0.000000;;,
      11;3; 0.000000, 0.000000, 0.000000;;,
      12;3; 0.000000, 0.000000, 0.000000;;,
      13;3; 0.000000, 0.000000, 0.000000;;,
      14;3; 0.000000, 0.000000, 0.000000;;,
      15;3; 0.000000, 0.000000, 0.000000;;,
      16;3; 0.000000, 0.000000, 0.000000;;,
      17;3; 0.000000, 0.000000, 0.000000;;,
      18;3; 0.000000, 0.000000, 0.000000;;,
      19;3; 0.000000, 0.000000, 0.000000;;,
      20;3; 0.000000, 0.000000, 0.000000;;,
      21;3; 0.000000, 0.000000, 0.000000;;,
      22;3; 0.000000, 0.000000, 0.000000;;,
      23;3; 0.000000, 0.000000, 0.000000;;,
      24;3; 0.000000, 0.000000, 0.000000;;,
      25;3; 0.000000, 0.000000, 0.000000;;,
      26;3; 0.000000, 0.000000, 0.000000;;,
      27;3; 0.000000, 0.000000, 0.000000;;,
      28;3; 0.000000, 0.000000, 0.000000;;,
      29;3; 0.000000, 0.000000, 0.000000;;,
      30;3; 0.000000, 0.000000, 0.000000;;,
      31;3; 0.000000, 0.000000, 0.000000;;,
      32;3; 0.000000, 0.000000, 0.000000;;,
      33;3; 0.000000, 0.000000, 0.000000;;,
      34;3; 0.000000, 0.000000, 0.000000;;,
      35;3; 0.000000, 0.000000, 0.000000;;,
      36;3; 0.000000, 0.000000, 0.000000;;,
      37;3; 0.000000, 0.000000, 0.000000;;,
      38;3; 0.000000, 0.000000, 0.000000;;,
      39;3; 0.000000, 0.000000, 0.000000;;,
      40;3; 0.000000, 0.000000, 0.000000;;,
      41;3; 0.000000, 0.000000, 0.000000;;,
      42;3; 0.000000, 0.000000, 0.000000;;,
      43;3; 0.000000, 0.000000, 0.000000;;,
      44;3; 0.000000, 0.000000, 0.000000;;,
      45;3; 0.000000, 0.000000, 0.000000;;,
      46;3; 0.000000, 0.000000, 0.000000;;,
      47;3; 0.000000, 0.000000, 0.000000;;,
      48;3; 0.000000, 0.000000, 0.000000;;,
      49;3; 0.000000, 0.000000, 0.000000;;,
      50;3; 0.000000, 0.000000, 0.000000;;,
      51;3; 0.000000, 0.000000, 0.000000;;,
      52;3; 0.000000, 0.000000, 0.000000;;,
      53;3; 0.000000, 0.000000, 0.000000;;,
      54;3; 0.000000, 0.000000, 0.000000;;,
      55;3; 0.000000, 0.000000, 0.000000;;,
      56;3; 0.000000, 0.000000, 0.000000;;,
      57;3; 0.000000, 0.000000, 0.000000;;,
      58;3; 0.000000, 0.000000, 0.000000;;,
      59;3; 0.000000, 0.000000, 0.000000;;,
      60;3; 0.000000, 0.000000, 0.000000;;,
      61;3; 0.000000, 0.000000, 0.000000;;,
      62;3; 0.000000, 0.000000, 0.000000;;,
      63;3; 0.000000, 0.000000, 0.000000;;,
      64;3; 0.000000, 0.000000, 0.000000;;,
      65;3; 0.000000, 0.000000, 0.000000;;,
      66;3; 0.000000, 0.000000, 0.000000;;,
      67;3; 0.000000, 0.000000, 0.000000;;;
    }
  }
  Animation {
