xof 0303txt 0032

template XSkinMeshHeader {
  <3cf169ce-ff7c-44ab-93c0-f78f62d172e2>
  WORD nMaxSkinWeightsPerVertex;
  WORD nMaxSkinWeightsPerFace;
  WORD nBones;
}

template SkinWeights {
  <6f0d123b-bad2-4167-a0d0-80224f25fabb>
  STRING transformNodeName;
  DWORD nWeights;
  array DWORD vertexIndices[nWeights];
  array float weights[nWeights];
  Matrix4x4 matrixOffset;
}

Frame Root {
  FrameTransformMatrix {
     1.000000, 0.000000, 0.000000, 0.000000,
     0.000000,-0.000000,-1.000000, 0.000000,
     0.000000, 1.000000,-0.000000, 0.000000,
     0.000000, 0.000000, 0.000000, 1.000000;;
  }
  Frame Armature {
    FrameTransformMatrix {
       0.110000, 0.000000, 0.000000, 0.000000,
       0.000000,-0.000000, 0.110000, 0.000000,
       0.000000,-0.110000,-0.000000, 0.000000,
       0.000000, 0.000000, 0.000000, 1.000000;;
    }
    Frame Armature_mixamorig_Hips {
      FrameTransformMatrix {
         0.844699,-0.000017, 0.535241, 0.000000,
         0.003628, 0.999977,-0.005693, 0.000000,
        -0.535229, 0.006751, 0.844680, 0.000000,
         1.015765,89.947601,-1.425856, 1.000000;;
      }
      Frame Armature_mixamorig_LeftUpLeg {
        FrameTransformMatrix {
          -0.963477,-0.153180, 0.219651, 0.000000,
           0.260783,-0.723108, 0.639613, 0.000000,
           0.060856, 0.673536, 0.736640, 0.000000,
          15.658500,-8.406799, 1.467001, 1.000000;;
        }
        Frame Armature_mixamorig_LeftLeg {
          FrameTransformMatrix {
             0.983134,-0.057349,-0.173662, 0.000000,
            -0.110334, 0.571305,-0.813288, 0.000000,
             0.145856, 0.818732, 0.555341, 0.000000,
            -0.000003,37.074810,-0.000005, 1.000000;;
          }
          Frame Armature_mixamorig_LeftFoot {
            FrameTransformMatrix {
               0.989331,-0.133852, 0.057512, 0.000000,
               0.018626, 0.507745, 0.861306, 0.000000,
              -0.144489,-0.851046, 0.504821, 0.000000,
               0.000000,38.107529,-0.000000, 1.000000;;
            }
            Frame Armature_mixamorig_LeftToeBase {
              FrameTransformMatrix {
                 0.993660,-0.059694, 0.095274, 0.000000,
                -0.022368, 0.725505, 0.687853, 0.000000,
                -0.110182,-0.685623, 0.719570, 0.000000,
                 0.000002,27.500038,-0.000001, 1.000000;;
              }
              Frame Armature_mixamorig_LeftToe_End {
                FrameTransformMatrix {
                   1.000000,-0.000000,-0.000000, 0.000000,
                   0.000000, 1.000000, 0.000000, 0.000000,
                   0.000000,-0.000000, 1.000000, 0.000000,
                  -0.000000,18.087687, 0.000000, 1.000000;;
                }
              } // End of Armature_mixamorig_LeftToe_End
            } // End of Armature_mixamorig_LeftToeBase
          } // End of Armature_mixamorig_LeftFoot
        } // End of Armature_mixamorig_LeftLeg
      } // End of Armature_mixamorig_LeftUpLeg
      Frame Armature_mixamorig_RightUpLeg {
        FrameTransformMatrix {
          -0.920040, 0.303216,-0.248166, 0.000000,
          -0.316722,-0.948393, 0.015428, 0.000000,
          -0.230682, 0.092793, 0.968590, 0.000000,
          -15.658500,-8.406803, 1.467000, 1.000000;;
        }
        Frame Armature_mixamorig_RightLeg {
          FrameTransformMatrix {
             0.985396, 0.121042, 0.119761, 0.000000,
             0.014273, 0.642145,-0.766450, 0.000000,
            -0.169677, 0.756967, 0.631040, 0.000000,
             0.000000,37.074703, 0.000002, 1.000000;;
          }
          Frame Armature_mixamorig_RightFoot {
            FrameTransformMatrix {
               0.965711, 0.224826,-0.129828, 0.000000,
               0.110267, 0.097534, 0.989105, 0.000000,
               0.235039,-0.969505, 0.069398, 0.000000,
               0.000001,38.107533, 0.000004, 1.000000;;
            }
            Frame Armature_mixamorig_RightToeBase {
              FrameTransformMatrix {
                 0.991101, 0.075096,-0.109907, 0.000000,
                 0.034035, 0.655259, 0.754637, 0.000000,
                 0.128687,-0.751663, 0.646872, 0.000000,
                 0.000001,27.500036, 0.000001, 1.000000;;
              }
              Frame Armature_mixamorig_RightToe_End {
                FrameTransformMatrix {
                   1.000000, 0.000000, 0.000000, 0.000000,
                  -0.000000, 1.000000, 0.000000, 0.000000,
                  -0.000000,-0.000000, 1.000000, 0.000000,
                  -0.000003,18.088081, 0.000000, 1.000000;;
                }
              } // End of Armature_mixamorig_RightToe_End
            } // End of Armature_mixamorig_RightToeBase
          } // End of Armature_mixamorig_RightFoot
        } // End of Armature_mixamorig_RightLeg
      } // End of Armature_mixamorig_RightUpLeg
      Frame Armature_mixamorig_Spine {
        FrameTransformMatrix {
           0.999506, 0.006664,-0.030707, 0.000000,
          -0.005243, 0.998922, 0.046125, 0.000000,
           0.030981,-0.045941, 0.998464, 0.000000,
          -0.000000,12.947403, 1.306900, 1.000000;;
        }
        Frame Armature_mixamorig_Spine1 {
          FrameTransformMatrix {
             0.998085, 0.013935,-0.060269, 0.000000,
            -0.010898, 0.998668, 0.050422, 0.000000,
             0.060891,-0.049669, 0.996908, 0.000000,
            -0.000000,11.650498, 0.000000, 1.000000;;
          }
          Frame Armature_mixamorig_Spine2 {
            FrameTransformMatrix {
               0.998079, 0.014992,-0.060114, 0.000000,
              -0.011294, 0.998050, 0.061388, 0.000000,
               0.060917,-0.060591, 0.996302, 0.000000,
               0.000000,11.899603, 0.000001, 1.000000;;
            }
            Frame Armature_mixamorig_LeftShoulder {
              FrameTransformMatrix {
                 0.191735, 0.026601,-0.981086, 0.000000,
                 0.897929,-0.408279, 0.164413, 0.000000,
                -0.396184,-0.912469,-0.102168, 0.000000,
                15.693201,30.527597,-14.885504, 1.000000;;
              }
              Frame Armature_mixamorig_LeftArm {
                FrameTransformMatrix {
                   0.865650, 0.180295, 0.467059, 0.000000,
                  -0.458685, 0.659489, 0.595552, 0.000000,
                  -0.200645,-0.729773, 0.653585, 0.000000,
                   0.000003,18.002001,-0.000004, 1.000000;;
                }
                Frame Armature_mixamorig_LeftForeArm {
                  FrameTransformMatrix {
                    -0.626783, 0.779194, 0.000009, 0.000000,
                    -0.779194,-0.626783, 0.000005, 0.000000,
                     0.000009,-0.000004, 1.000000, 0.000000,
                     0.000002,37.520100,-0.000004, 1.000000;;
                  }
                  Frame Armature_mixamorig_LeftHand {
                    FrameTransformMatrix {
                       0.995379, 0.082031,-0.049911, 0.000000,
                      -0.083664, 0.995995,-0.031549, 0.000000,
                       0.047123, 0.035579, 0.998255, 0.000000,
                       0.000000,41.865612, 0.000000, 1.000000;;
                    }
                    Frame Armature_mixamorig_LeftHandIndex1 {
                      FrameTransformMatrix {
                         0.991678,-0.108017,-0.070054, 0.000000,
                         0.109875, 0.426463, 0.897807, 0.000000,
                        -0.067103,-0.898032, 0.434782, 0.000000,
                        -6.345700,17.472916, 0.144184, 1.000000;;
                      }
                      Frame Armature_mixamorig_LeftHandIndex2 {
                        FrameTransformMatrix {
                           0.985384,-0.122847,-0.118015, 0.000000,
                           0.122848, 0.032510, 0.991893, 0.000000,
                          -0.118015,-0.991893, 0.047126, 0.000000,
                          -0.000005, 6.306502,-0.000005, 1.000000;;
                        }
                        Frame Armature_mixamorig_LeftHandIndex3 {
                          FrameTransformMatrix {
                             0.994683,-0.093610,-0.042931, 0.000000,
                             0.093609, 0.648053, 0.755820, 0.000000,
                            -0.042931,-0.755820, 0.653370, 0.000000,
                             0.000003, 5.286988, 0.000000, 1.000000;;
                          }
                          Frame Armature_mixamorig_LeftHandIndex4 {
                            FrameTransformMatrix {
                               1.000000, 0.000000, 0.000000, 0.000000,
                              -0.000000, 1.000000,-0.000000, 0.000000,
                               0.000000, 0.000000, 1.000000, 0.000000,
                               0.000004, 4.643609,-0.000022, 1.000000;;
                            }
                          } // End of Armature_mixamorig_LeftHandIndex4
                        } // End of Armature_mixamorig_LeftHandIndex3
                      } // End of Armature_mixamorig_LeftHandIndex2
                    } // End of Armature_mixamorig_LeftHandIndex1
                    Frame Armature_mixamorig_LeftHandMiddle1 {
                      FrameTransformMatrix {
                         0.991682,-0.108002,-0.070023, 0.000000,
                         0.109859, 0.426717, 0.897688, 0.000000,
                        -0.067072,-0.897913, 0.435033, 0.000000,
                        -0.112396,18.009912,-0.441110, 1.000000;;
                      }
                      Frame Armature_mixamorig_LeftHandMiddle2 {
                        FrameTransformMatrix {
                           0.985379,-0.122849,-0.118049, 0.000000,
                           0.122849, 0.032230, 0.991902, 0.000000,
                          -0.118049,-0.991902, 0.046850, 0.000000,
                           0.000002, 6.842803, 0.000010, 1.000000;;
                        }
                        Frame Armature_mixamorig_LeftHandMiddle3 {
                          FrameTransformMatrix {
                             0.994683,-0.093610,-0.042931, 0.000000,
                             0.093609, 0.648053, 0.755820, 0.000000,
                            -0.042931,-0.755820, 0.653370, 0.000000,
                             0.000003, 5.656083, 0.000000, 1.000000;;
                          }
                          Frame Armature_mixamorig_LeftHandMiddle4 {
                            FrameTransformMatrix {
                               1.000000, 0.000000, 0.000000, 0.000000,
                              -0.000000, 1.000000, 0.000000, 0.000000,
                               0.000000,-0.000000, 1.000000, 0.000000,
                              -0.000001, 4.457896,-0.000004, 1.000000;;
                            }
                          } // End of Armature_mixamorig_LeftHandMiddle4
                        } // End of Armature_mixamorig_LeftHandMiddle3
                      } // End of Armature_mixamorig_LeftHandMiddle2
                    } // End of Armature_mixamorig_LeftHandMiddle1
                    Frame Armature_mixamorig_LeftHandPinky1 {
                      FrameTransformMatrix {
                         0.979402,-0.135894,-0.149349, 0.000000,
                         0.185945, 0.318636, 0.929460, 0.000000,
                        -0.078720,-0.938085, 0.337342, 0.000000,
                        11.143601,14.820609, 0.001783, 1.000000;;
                      }
                      Frame Armature_mixamorig_LeftHandPinky2 {
                        FrameTransformMatrix {
                           0.991564,-0.051819,-0.118812, 0.000000,
                           0.120563, 0.032065, 0.992188, 0.000000,
                          -0.047605,-0.998142, 0.038042, 0.000000,
                           0.000006, 5.576303, 0.000001, 1.000000;;
                        }
                        Frame Armature_mixamorig_LeftHandPinky3 {
                          FrameTransformMatrix {
                             0.994683,-0.093610,-0.042931, 0.000000,
                             0.093610, 0.648053, 0.755821, 0.000000,
                            -0.042931,-0.755821, 0.653370, 0.000000,
                            -0.000002, 4.090216,-0.000000, 1.000000;;
                          }
                          Frame Armature_mixamorig_LeftHandPinky4 {
                            FrameTransformMatrix {
                               1.000000, 0.000000, 0.000000, 0.000000,
                              -0.000000, 1.000000,-0.000000, 0.000000,
                              -0.000000,-0.000000, 1.000000, 0.000000,
                               0.000002, 4.222301,-0.000004, 1.000000;;
                            }
                          } // End of Armature_mixamorig_LeftHandPinky4
                        } // End of Armature_mixamorig_LeftHandPinky3
                      } // End of Armature_mixamorig_LeftHandPinky2
                    } // End of Armature_mixamorig_LeftHandPinky1
                    Frame Armature_mixamorig_LeftHandRing1 {
                      FrameTransformMatrix {
                         0.990069,-0.113338,-0.083179, 0.000000,
                         0.115537, 0.318877, 0.940728, 0.000000,
                        -0.080096,-0.940995, 0.328805, 0.000000,
                         5.832505,16.592604,-0.117402, 1.000000;;
                      }
                      Frame Armature_mixamorig_LeftHandRing2 {
                        FrameTransformMatrix {
                           0.985384,-0.122848,-0.118015, 0.000000,
                           0.122848, 0.032510, 0.991893, 0.000000,
                          -0.118015,-0.991893, 0.047127, 0.000000,
                          -0.000006, 6.332900,-0.000016, 1.000000;;
                        }
                        Frame Armature_mixamorig_LeftHandRing3 {
                          FrameTransformMatrix {
                             0.994683,-0.093610,-0.042931, 0.000000,
                             0.093610, 0.648053, 0.755820, 0.000000,
                            -0.042931,-0.755820, 0.653370, 0.000000,
                            -0.000006, 5.608912, 0.000000, 1.000000;;
                          }
                          Frame Armature_mixamorig_LeftHandRing4 {
                            FrameTransformMatrix {
                               1.000000, 0.000000, 0.000000, 0.000000,
                               0.000000, 1.000000, 0.000000, 0.000000,
                              -0.000000,-0.000000, 1.000000, 0.000000,
                               0.000003, 4.489707,-0.000015, 1.000000;;
                            }
                          } // End of Armature_mixamorig_LeftHandRing4
                        } // End of Armature_mixamorig_LeftHandRing3
                      } // End of Armature_mixamorig_LeftHandRing2
                    } // End of Armature_mixamorig_LeftHandRing1
                    Frame Armature_mixamorig_LeftHandThumb1 {
                      FrameTransformMatrix {
                         0.978224, 0.207251, 0.011144, 0.000000,
                        -0.191206, 0.879004, 0.436799, 0.000000,
                         0.080731,-0.429418, 0.899490, 0.000000,
                        -7.297899, 5.809501, 5.140800, 1.000000;;
                      }
                      Frame Armature_mixamorig_LeftHandThumb2 {
                        FrameTransformMatrix {
                           0.967405,-0.251374, 0.030622, 0.000000,
                           0.250818, 0.967809, 0.020884, 0.000000,
                          -0.034886,-0.012523, 0.999313, 0.000000,
                          -0.000001, 6.981915, 0.000003, 1.000000;;
                        }
                        Frame Armature_mixamorig_LeftHandThumb3 {
                          FrameTransformMatrix {
                             0.859777,-0.482796, 0.166408, 0.000000,
                             0.487338, 0.873082, 0.015133, 0.000000,
                            -0.152594, 0.068086, 0.985941, 0.000000,
                             0.000009, 4.446804, 0.000017, 1.000000;;
                          }
                          Frame Armature_mixamorig_LeftHandThumb4 {
                            FrameTransformMatrix {
                               1.000000,-0.000002, 0.000003, 0.000000,
                               0.000002, 1.000000,-0.000002, 0.000000,
                              -0.000003, 0.000002, 1.000000, 0.000000,
                               0.000008, 5.337993,-0.000008, 1.000000;;
                            }
                          } // End of Armature_mixamorig_LeftHandThumb4
                        } // End of Armature_mixamorig_LeftHandThumb3
                      } // End of Armature_mixamorig_LeftHandThumb2
                    } // End of Armature_mixamorig_LeftHandThumb1
                  } // End of Armature_mixamorig_LeftHand
                } // End of Armature_mixamorig_LeftForeArm
              } // End of Armature_mixamorig_LeftArm
            } // End of Armature_mixamorig_LeftShoulder
            Frame Armature_mixamorig_Neck {
              FrameTransformMatrix {
                 0.997573,-0.064395, 0.026469, 0.000000,
                 0.059918, 0.987668, 0.144641, 0.000000,
                -0.035457,-0.142704, 0.989130, 0.000000,
                -0.000000,29.862495,-6.856801, 1.000000;;
              }
              Frame Armature_mixamorig_Head {
                FrameTransformMatrix {
                   0.959721, 0.007133,-0.280864, 0.000000,
                   0.279840,-0.113261, 0.953342, 0.000000,
                  -0.025011,-0.993540,-0.110695, 0.000000,
                  -0.000002,15.812682, 4.504610, 1.000000;;
                }
                Frame Armature_mixamorig_HeadTop_End {
                  FrameTransformMatrix {
                     1.000000, 0.000000, 0.000000, 0.000000,
                     0.000000, 1.000000, 0.000000, 0.000000,
                    -0.000000, 0.000000, 1.000000, 0.000000,
                     0.000001, 8.548795,-16.914204, 1.000000;;
                  }
                } // End of Armature_mixamorig_HeadTop_End
                Frame Armature_mixamorig_RightEye {
                  FrameTransformMatrix {
                    -0.000000, 1.000000, 0.000000, 0.000000,
                     0.000000,-0.000000, 1.000000, 0.000000,
                     1.000000, 0.000000,-0.000000, 0.000000,
                    -4.116899,14.065400,-5.662593, 1.000000;;
                  }
                } // End of Armature_mixamorig_RightEye
              } // End of Armature_mixamorig_Head
            } // End of Armature_mixamorig_Neck
            Frame Armature_mixamorig_RightShoulder {
              FrameTransformMatrix {
                 0.022836,-0.008640, 0.999702, 0.000000,
                -0.814891,-0.579455, 0.013607, 0.000000,
                 0.579164,-0.814959,-0.020273, 0.000000,
                -15.693201,30.527906,-14.885505, 1.000000;;
              }
              Frame Armature_mixamorig_RightArm {
                FrameTransformMatrix {
                   0.433481,-0.884421,-0.172898, 0.000000,
                   0.891950, 0.393715, 0.222293, 0.000000,
                  -0.128528,-0.250576, 0.959527, 0.000000,
                   0.000001,18.001896, 0.000015, 1.000000;;
                }
                Frame Armature_mixamorig_RightForeArm {
                  FrameTransformMatrix {
                    -0.190283,-0.981729,-0.000006, 0.000000,
                     0.981730,-0.190283, 0.000006, 0.000000,
                    -0.000007,-0.000005, 1.000000, 0.000000,
                    -0.000005,37.520103,-0.000003, 1.000000;;
                  }
                  Frame Armature_mixamorig_RightHand {
                    FrameTransformMatrix {
                       0.840050,-0.139864,-0.524170, 0.000000,
                       0.028014, 0.976090,-0.215555, 0.000000,
                       0.541785, 0.166393, 0.823883, 0.000000,
                      -0.000001,41.865711, 0.000005, 1.000000;;
                    }
                    Frame Armature_mixamorig_RightHandIndex1 {
                      FrameTransformMatrix {
                         0.990568, 0.112402, 0.078356, 0.000000,
                        -0.114440, 0.364229, 0.924252, 0.000000,
                         0.075348,-0.924502, 0.373657, 0.000000,
                         6.345594,17.473019, 0.144398, 1.000000;;
                      }
                      Frame Armature_mixamorig_RightHandIndex2 {
                        FrameTransformMatrix {
                           0.986069, 0.123497, 0.111431, 0.000000,
                          -0.123496, 0.094770, 0.987810, 0.000000,
                           0.111431,-0.987809, 0.108701, 0.000000,
                          -0.000013, 6.305996, 0.000018, 1.000000;;
                        }
                        Frame Armature_mixamorig_RightHandIndex3 {
                          FrameTransformMatrix {
                             0.993135, 0.103282, 0.054908, 0.000000,
                            -0.103282, 0.553946, 0.826122, 0.000000,
                             0.054908,-0.826122, 0.560810, 0.000000,
                            -0.000001, 5.287007,-0.000001, 1.000000;;
                          }
                          Frame Armature_mixamorig_RightHandIndex4 {
                            FrameTransformMatrix {
                               1.000000,-0.000000,-0.000000, 0.000000,
                              -0.000000, 1.000000, 0.000000, 0.000000,
                               0.000000,-0.000000, 1.000000, 0.000000,
                              -0.000004, 4.643995,-0.000002, 1.000000;;
                            }
                          } // End of Armature_mixamorig_RightHandIndex4
                        } // End of Armature_mixamorig_RightHandIndex3
                      } // End of Armature_mixamorig_RightHandIndex2
                    } // End of Armature_mixamorig_RightHandIndex1
                    Frame Armature_mixamorig_RightHandMiddle1 {
                      FrameTransformMatrix {
                         0.990569, 0.112402, 0.078356, 0.000000,
                        -0.114440, 0.364229, 0.924252, 0.000000,
                         0.075348,-0.924502, 0.373657, 0.000000,
                         0.112391,18.009607,-0.440805, 1.000000;;
                      }
                      Frame Armature_mixamorig_RightHandMiddle2 {
                        FrameTransformMatrix {
                           0.986069, 0.123496, 0.111430, 0.000000,
                          -0.123496, 0.094770, 0.987809, 0.000000,
                           0.111430,-0.987809, 0.108701, 0.000000,
                          -0.000017, 6.843001, 0.000019, 1.000000;;
                        }
                        Frame Armature_mixamorig_RightHandMiddle3 {
                          FrameTransformMatrix {
                             0.993135, 0.103282, 0.054908, 0.000000,
                            -0.103282, 0.553946, 0.826122, 0.000000,
                             0.054908,-0.826122, 0.560811, 0.000000,
                            -0.000022, 5.656011, 0.000001, 1.000000;;
                          }
                          Frame Armature_mixamorig_RightHandMiddle4 {
                            FrameTransformMatrix {
                               1.000000, 0.000000, 0.000000, 0.000000,
                               0.000000, 1.000000,-0.000000, 0.000000,
                               0.000000, 0.000000, 1.000000, 0.000000,
                              -0.000002, 4.458013, 0.000002, 1.000000;;
                            }
                          } // End of Armature_mixamorig_RightHandMiddle4
                        } // End of Armature_mixamorig_RightHandMiddle3
                      } // End of Armature_mixamorig_RightHandMiddle2
                    } // End of Armature_mixamorig_RightHandMiddle1
                    Frame Armature_mixamorig_RightHandPinky1 {
                      FrameTransformMatrix {
                         0.987909, 0.118659, 0.099782, 0.000000,
                        -0.121245, 0.190194, 0.974231, 0.000000,
                         0.096624,-0.974549, 0.202281, 0.000000,
                        -11.143707,14.820515, 0.002397, 1.000000;;
                      }
                      Frame Armature_mixamorig_RightHandPinky2 {
                        FrameTransformMatrix {
                           0.986069, 0.123497, 0.111431, 0.000000,
                          -0.123497, 0.094770, 0.987809, 0.000000,
                           0.111431,-0.987809, 0.108701, 0.000000,
                          -0.000003, 5.576014,-0.000016, 1.000000;;
                        }
                        Frame Armature_mixamorig_RightHandPinky3 {
                          FrameTransformMatrix {
                             0.993136, 0.103282, 0.054908, 0.000000,
                            -0.103282, 0.553946, 0.826121, 0.000000,
                             0.054908,-0.826121, 0.560811, 0.000000,
                             0.000014, 4.089983, 0.000001, 1.000000;;
                          }
                          Frame Armature_mixamorig_RightHandPinky4 {
                            FrameTransformMatrix {
                               1.000000, 0.000000,-0.000000, 0.000000,
                              -0.000000, 1.000000, 0.000000, 0.000000,
                               0.000000,-0.000000, 1.000000, 0.000000,
                               0.000014, 4.223006, 0.000000, 1.000000;;
                            }
                          } // End of Armature_mixamorig_RightHandPinky4
                        } // End of Armature_mixamorig_RightHandPinky3
                      } // End of Armature_mixamorig_RightHandPinky2
                    } // End of Armature_mixamorig_RightHandPinky1
                    Frame Armature_mixamorig_RightHandRing1 {
                      FrameTransformMatrix {
                         0.988758, 0.117121, 0.092950, 0.000000,
                        -0.119532, 0.245686, 0.961951, 0.000000,
                         0.089828,-0.962248, 0.256923, 0.000000,
                        -5.832501,16.592421,-0.117305, 1.000000;;
                      }
                      Frame Armature_mixamorig_RightHandRing2 {
                        FrameTransformMatrix {
                           0.986069, 0.123496, 0.111430, 0.000000,
                          -0.123496, 0.094770, 0.987809, 0.000000,
                           0.111431,-0.987809, 0.108701, 0.000000,
                           0.000009, 6.333003,-0.000008, 1.000000;;
                        }
                        Frame Armature_mixamorig_RightHandRing3 {
                          FrameTransformMatrix {
                             0.993135, 0.103282, 0.054908, 0.000000,
                            -0.103282, 0.553946, 0.826121, 0.000000,
                             0.054908,-0.826121, 0.560811, 0.000000,
                            -0.000001, 5.609002, 0.000000, 1.000000;;
                          }
                          Frame Armature_mixamorig_RightHandRing4 {
                            FrameTransformMatrix {
                               1.000000,-0.000000,-0.000000, 0.000000,
                               0.000000, 1.000000, 0.000000, 0.000000,
                              -0.000000,-0.000000, 1.000000, 0.000000,
                               0.000003, 4.490019,-0.000005, 1.000000;;
                            }
                          } // End of Armature_mixamorig_RightHandRing4
                        } // End of Armature_mixamorig_RightHandRing3
                      } // End of Armature_mixamorig_RightHandRing2
                    } // End of Armature_mixamorig_RightHandRing1
                    Frame Armature_mixamorig_RightHandThumb1 {
                      FrameTransformMatrix {
                         0.959584,-0.224138,-0.170176, 0.000000,
                         0.278722, 0.840476, 0.464665, 0.000000,
                         0.038880,-0.493317, 0.868980, 0.000000,
                         7.297798, 5.809106, 5.140993, 1.000000;;
                      }
                      Frame Armature_mixamorig_RightHandThumb2 {
                        FrameTransformMatrix {
                           0.933440, 0.353974,-0.058234, 0.000000,
                          -0.352526, 0.935190, 0.033849, 0.000000,
                           0.066442,-0.011067, 0.997729, 0.000000,
                          -0.000007, 6.982105, 0.000002, 1.000000;;
                        }
                        Frame Armature_mixamorig_RightHandThumb3 {
                          FrameTransformMatrix {
                             0.758050, 0.490317, 0.430058, 0.000000,
                            -0.533164, 0.845661,-0.024362, 0.000000,
                            -0.375628,-0.210824, 0.902473, 0.000000,
                            -0.000011, 4.446899, 0.000004, 1.000000;;
                          }
                          Frame Armature_mixamorig_RightHandThumb4 {
                            FrameTransformMatrix {
                               1.000000, 0.000001,-0.000002, 0.000000,
                              -0.000001, 1.000000,-0.000000, 0.000000,
                               0.000001, 0.000000, 1.000000, 0.000000,
                              -0.000014, 5.338502,-0.000004, 1.000000;;
                            }
                          } // End of Armature_mixamorig_RightHandThumb4
                        } // End of Armature_mixamorig_RightHandThumb3
                      } // End of Armature_mixamorig_RightHandThumb2
                    } // End of Armature_mixamorig_RightHandThumb1
                  } // End of Armature_mixamorig_RightHand
                } // End of Armature_mixamorig_RightForeArm
              } // End of Armature_mixamorig_RightArm
            } // End of Armature_mixamorig_RightShoulder
          } // End of Armature_mixamorig_Spine2
        } // End of Armature_mixamorig_Spine1
      } // End of Armature_mixamorig_Spine
    } // End of Armature_mixamorig_Hips
  } // End of Armature
} // End of Root
AnimationSet Global {
  Animation {
    {Armature}
    AnimationKey { // Rotation
      0;
      32;
      0;4;-0.707107, 0.707107, 0.000000, 0.000000;;,
      1;4;-0.707107, 0.707107, 0.000000, 0.000000;;,
      2;4;-0.707107, 0.707107, 0.000000, 0.000000;;,
      3;4;-0.707107, 0.707107, 0.000000, 0.000000;;,
      4;4;-0.707107, 0.707107, 0.000000, 0.000000;;,
      5;4;-0.707107, 0.707107, 0.000000, 0.000000;;,
      6;4;-0.707107, 0.707107, 0.000000, 0.000000;;,
      7;4;-0.707107, 0.707107, 0.000000, 0.000000;;,
      8;4;-0.707107, 0.707107, 0.000000, 0.000000;;,
      9;4;-0.707107, 0.707107, 0.000000, 0.000000;;,
      10;4;-0.707107, 0.707107, 0.000000, 0.000000;;,
      11;4;-0.707107, 0.707107, 0.000000, 0.000000;;,
      12;4;-0.707107, 0.707107, 0.000000, 0.000000;;,
      13;4;-0.707107, 0.707107, 0.000000, 0.000000;;,
      14;4;-0.707107, 0.707107, 0.000000, 0.000000;;,
      15;4;-0.707107, 0.707107, 0.000000, 0.000000;;,
      16;4;-0.707107, 0.707107, 0.000000, 0.000000;;,
      17;4;-0.707107, 0.707107, 0.000000, 0.000000;;,
      18;4;-0.707107, 0.707107, 0.000000, 0.000000;;,
      19;4;-0.707107, 0.707107, 0.000000, 0.000000;;,
      20;4;-0.707107, 0.707107, 0.000000, 0.000000;;,
      21;4;-0.707107, 0.707107, 0.000000, 0.000000;;,
      22;4;-0.707107, 0.707107, 0.000000, 0.000000;;,
      23;4;-0.707107, 0.707107, 0.000000, 0.000000;;,
      24;4;-0.707107, 0.707107, 0.000000, 0.000000;;,
      25;4;-0.707107, 0.707107, 0.000000, 0.000000;;,
      26;4;-0.707107, 0.707107, 0.000000, 0.000000;;,
      27;4;-0.707107, 0.707107, 0.000000, 0.000000;;,
      28;4;-0.707107, 0.707107, 0.000000, 0.000000;;,
      29;4;-0.707107, 0.707107, 0.000000, 0.000000;;,
      30;4;-0.707107, 0.707107, 0.000000, 0.000000;;,
      31;4;-0.707107, 0.707107, 0.000000, 0.000000;;;
    }
    AnimationKey { // Scale
      1;
      32;
      0;3; 0.110000, 0.110000, 0.110000;;,
      1;3; 0.110000, 0.110000, 0.110000;;,
      2;3; 0.110000, 0.110000, 0.110000;;,
      3;3; 0.110000, 0.110000, 0.110000;;,
      4;3; 0.110000, 0.110000, 0.110000;;,
      5;3; 0.110000, 0.110000, 0.110000;;,
      6;3; 0.110000, 0.110000, 0.110000;;,
      7;3; 0.110000, 0.110000, 0.110000;;,
      8;3; 0.110000, 0.110000, 0.110000;;,
      9;3; 0.110000, 0.110000, 0.110000;;,
      10;3; 0.110000, 0.110000, 0.110000;;,
      11;3; 0.110000, 0.110000, 0.110000;;,
      12;3; 0.110000, 0.110000, 0.110000;;,
      13;3; 0.110000, 0.110000, 0.110000;;,
      14;3; 0.110000, 0.110000, 0.110000;;,
      15;3; 0.110000, 0.110000, 0.110000;;,
      16;3; 0.110000, 0.110000, 0.110000;;,
      17;3; 0.110000, 0.110000, 0.110000;;,
      18;3; 0.110000, 0.110000, 0.110000;;,
      19;3; 0.110000, 0.110000, 0.110000;;,
      20;3; 0.110000, 0.110000, 0.110000;;,
      21;3; 0.110000, 0.110000, 0.110000;;,
      22;3; 0.110000, 0.110000, 0.110000;;,
      23;3; 0.110000, 0.110000, 0.110000;;,
      24;3; 0.110000, 0.110000, 0.110000;;,
      25;3; 0.110000, 0.110000, 0.110000;;,
      26;3; 0.110000, 0.110000, 0.110000;;,
      27;3; 0.110000, 0.110000, 0.110000;;,
      28;3; 0.110000, 0.110000, 0.110000;;,
      29;3; 0.110000, 0.110000, 0.110000;;,
      30;3; 0.110000, 0.110000, 0.110000;;,
      31;3; 0.110000, 0.110000, 0.110000;;;
    }
    AnimationKey { // Position
      2;
      32;
      0;3; 0.000000, 0.000000, 0.000000;;,
      1;3; 0.000000, 0.000000, 0.000000;;,
      2;3; 0.000000, 0.000000, 0.000000;;,
      3;3; 0.000000, 0.000000, 0.000000;;,
      4;3; 0.000000, 0.000000, 0.000000;;,
      5;3; 0.000000, 0.000000, 0.000000;;,
      6;3; 0.000000, 0.000000, 0.000000;;,
      7;3; 0.000000, 0.000000, 0.000000;;,
      8;3; 0.000000, 0.000000, 0.000000;;,
      9;3; 0.000000, 0.000000, 0.000000;;,
      10;3; 0.000000, 0.000000, 0.000000;;,
      11;3; 0.000000, 0.000000, 0.000000;;,
      12;3; 0.000000, 0.000000, 0.000000;;,
      13;3; 0.000000, 0.000000, 0.000000;;,
      14;3; 0.000000, 0.000000, 0.000000;;,
      15;3; 0.000000, 0.000000, 0.000000;;,
      16;3; 0.000000, 0.000000, 0.000000;;,
      17;3; 0.000000, 0.000000, 0.000000;;,
      18;3; 0.000000, 0.000000, 0.000000;;,
      19;3; 0.000000, 0.000000, 0.000000;;,
      20;3; 0.000000, 0.000000, 0.000000;;,
      21;3; 0.000000, 0.000000, 0.000000;;,
      22;3; 0.000000, 0.000000, 0.000000;;,
      23;3; 0.000000, 0.000000, 0.000000;;,
      24;3; 0.000000, 0.000000, 0.000000;;,
      25;3; 0.000000, 0.000000, 0.000000;;,
      26;3; 0.000000, 0.000000, 0.000000;;,
      27;3; 0.000000, 0.000000, 0.000000;;,
      28;3; 0.000000, 0.000000, 0.000000;;,
      29;3; 0.000000, 0.000000, 0.000000;;,
      30;3; 0.000000, 0.000000, 0.000000;;,
      31;3; 0.000000, 0.000000, 0.000000;;;
    }
  }
  Animation {
    {Armature_mixamorig_Hips}
    AnimationKey { // Rotation
      0;
      32;
      0;4;-0.960385,-0.003239,-0.278656,-0.000949;;,
      1;4;-0.960505,-0.001212,-0.278251,-0.002038;;,
      2;4;-0.960609, 0.002627,-0.277875,-0.002912;;,
      3;4;-0.960380, 0.008041,-0.278559,-0.003394;;,
      4;4;-0.960106, 0.014042,-0.279265,-0.003372;;,
      5;4;-0.960516, 0.019378,-0.277531,-0.003090;;,
      6;4;-0.962104, 0.023388,-0.271662,-0.002812;;,
      7;4;-0.964515, 0.026612,-0.262668,-0.002784;;,
      8;4;-0.966835, 0.030049,-0.253611,-0.003085;;,
      9;4;-0.968437, 0.033655,-0.246953,-0.003259;;,
      10;4;-0.969348, 0.036345,-0.242976,-0.002609;;,
      11;4;-0.970021, 0.037236,-0.240151,-0.000893;;,
      12;4;-0.970963, 0.035997,-0.236499, 0.001698;;,
      13;4;-0.972447, 0.032464,-0.230798, 0.005007;;,
      14;4;-0.974237, 0.027124,-0.223752, 0.007869;;,
      15;4;-0.975667, 0.021097,-0.218051, 0.009067;;,
      16;4;-0.976159, 0.014890,-0.216331, 0.009620;;,
      17;4;-0.975743, 0.008285,-0.218465, 0.011396;;,
      18;4;-0.974986, 0.001602,-0.221748, 0.015059;;,
      19;4;-0.974394,-0.003935,-0.223986, 0.019246;;,
      20;4;-0.973997,-0.007595,-0.225312, 0.022505;;,
      21;4;-0.973529,-0.009494,-0.227045, 0.024517;;,
      22;4;-0.972850,-0.009868,-0.229793, 0.025712;;,
      23;4;-0.972095,-0.009090,-0.232931, 0.026312;;,
      24;4;-0.971425,-0.007861,-0.235790, 0.025988;;,
      25;4;-0.970711,-0.006861,-0.238902, 0.024455;;,
      26;4;-0.969591,-0.006422,-0.243690, 0.021609;;,
      27;4;-0.967792,-0.006538,-0.251080, 0.017194;;,
      28;4;-0.965435,-0.007051,-0.260293, 0.011555;;,
      29;4;-0.963055,-0.007397,-0.269138, 0.005869;;,
      30;4;-0.961299,-0.006460,-0.275426, 0.001617;;,
      31;4;-0.960385,-0.003239,-0.278657,-0.000949;;;
    }
    AnimationKey { // Scale
      1;
      32;
      0;3; 1.000000, 1.000000, 1.000000;;,
      1;3; 1.000000, 1.000000, 1.000000;;,
      2;3; 1.000000, 1.000000, 1.000000;;,
      3;3; 1.000000, 1.000000, 1.000000;;,
      4;3; 1.000000, 1.000000, 1.000000;;,
      5;3; 1.000000, 1.000000, 1.000000;;,
      6;3; 1.000000, 1.000000, 1.000000;;,
      7;3; 1.000000, 1.000000, 1.000000;;,
      8;3; 1.000000, 1.000000, 1.000000;;,
      9;3; 1.000000, 1.000000, 1.000000;;,
      10;3; 1.000000, 1.000000, 1.000000;;,
      11;3; 1.000000, 1.000000, 1.000000;;,
      12;3; 1.000000, 1.000000, 1.000000;;,
      13;3; 1.000000, 1.000000, 1.000000;;,
      14;3; 1.000000, 1.000000, 1.000000;;,
      15;3; 1.000000, 1.000000, 1.000000;;,
      16;3; 1.000000, 1.000000, 1.000000;;,
      17;3; 1.000000, 1.000000, 1.000000;;,
      18;3; 1.000000, 1.000000, 1.000000;;,
      19;3; 1.000000, 1.000000, 1.000000;;,
      20;3; 1.000000, 1.000000, 1.000000;;,
      21;3; 1.000000, 1.000000, 1.000000;;,
      22;3; 1.000000, 1.000000, 1.000000;;,
      23;3; 1.000000, 1.000000, 1.000000;;,
      24;3; 1.000000, 1.000000, 1.000000;;,
      25;3; 1.000000, 1.000000, 1.000000;;,
      26;3; 1.000000, 1.000000, 1.000000;;,
      27;3; 1.000000, 1.000000, 1.000000;;,
      28;3; 1.000000, 1.000000, 1.000000;;,
      29;3; 1.000000, 1.000000, 1.000000;;,
      30;3; 1.000000, 1.000000, 1.000000;;,
      31;3; 1.000000, 1.000000, 1.000000;;;
    }
    AnimationKey { // Position
      2;
      32;
      0;3; 1.015765,89.947601,-1.425856;;,
      1;3; 1.015765,90.002998,-1.425856;;,
      2;3; 1.015764,90.205170,-1.425856;;,
      3;3; 1.015764,90.431137,-1.425856;;,
      4;3; 1.015764,90.618149,-1.425856;;,
      5;3; 1.015764,90.770767,-1.425856;;,
      6;3; 1.015763,90.933365,-1.425856;;,
      7;3; 1.015763,91.137123,-1.425856;;,
      8;3; 1.015762,91.379173,-1.425856;;,
      9;3; 1.015762,91.501694,-1.425856;;,
      10;3; 1.015763,91.340355,-1.425856;;,
      11;3; 1.015763,90.850945,-1.425856;;,
      12;3; 1.015765,89.990082,-1.425856;;,
      13;3; 1.015767,89.088760,-1.425856;;,
      14;3; 1.015768,88.314804,-1.425856;;,
      15;3; 1.015769,87.803711,-1.425856;;,
      16;3; 1.015769,87.659164,-1.425856;;,
      17;3; 1.015769,87.925041,-1.425856;;,
      18;3; 1.015768,88.411034,-1.425856;;,
      19;3; 1.015767,88.975449,-1.425856;;,
      20;3; 1.015766,89.526840,-1.425856;;,
      21;3; 1.015765,90.012276,-1.425856;;,
      22;3; 1.015764,90.416267,-1.425856;;,
      23;3; 1.015764,90.714455,-1.425856;;,
      24;3; 1.015763,90.880486,-1.425856;;,
      25;3; 1.015763,90.938248,-1.425856;;,
      26;3; 1.015763,90.984810,-1.425856;;,
      27;3; 1.015763,91.005936,-1.425856;;,
      28;3; 1.015763,90.887878,-1.425856;;,
      29;3; 1.015764,90.504028,-1.425856;;,
      30;3; 1.015765,90.112625,-1.425856;;,
      31;3; 1.015765,89.947609,-1.425856;;;
    }
  }
  Animation {
    {Armature_mixamorig_Spine}
    AnimationKey { // Rotation
      0;
      32;
      0;4;-0.999611, 0.023025, 0.015428, 0.002978;;,
      1;4;-0.999608, 0.023523, 0.015142, 0.001134;;,
      2;4;-0.999605, 0.023820, 0.014889,-0.000511;;,
      3;4;-0.999610, 0.023677, 0.014690,-0.001695;;,
      4;4;-0.999614, 0.023493, 0.014542,-0.002923;;,
