xof 0303txt 0032

template XSkinMeshHeader {
  <3cf169ce-ff7c-44ab-93c0-f78f62d172e2>
  WORD nMaxSkinWeightsPerVertex;
  WORD nMaxSkinWeightsPerFace;
  WORD nBones;
}

template SkinWeights {
  <6f0d123b-bad2-4167-a0d0-80224f25fabb>
  STRING transformNodeName;
  DWORD nWeights;
  array DWORD vertexIndices[nWeights];
  array float weights[nWeights];
  Matrix4x4 matrixOffset;
}

Frame Root {
  FrameTransformMatrix {
     1.000000, 0.000000, 0.000000, 0.000000,
     0.000000,-0.000000,-1.000000, 0.000000,
     0.000000, 1.000000,-0.000000, 0.000000,
     0.000000, 0.000000, 0.000000, 1.000000;;
  }
  Frame Armature {
    FrameTransformMatrix {
       0.110000, 0.000000, 0.000000, 0.000000,
       0.000000,-0.000000, 0.110000, 0.000000,
       0.000000,-0.110000,-0.000000, 0.000000,
       0.000000, 0.000000, 0.000000, 1.000000;;
    }
    Frame Armature_mixamorig_Hips {
      FrameTransformMatrix {
         0.897704, 0.035180, 0.439191, 0.000000,
        -0.045462, 0.998883, 0.012911, 0.000000,
        -0.438246,-0.031557, 0.898301, 0.000000,
         1.512208,89.421272,-1.398864, 1.000000;;
      }
      Frame Armature_mixamorig_LeftUpLeg {
        FrameTransformMatrix {
          -0.944540,-0.171539, 0.280032, 0.000000,
           0.313469,-0.725130, 0.613125, 0.000000,
           0.097885, 0.666904, 0.738682, 0.000000,
          15.658501,-8.406804, 1.467000, 1.000000;;
        }
        Frame Armature_mixamorig_LeftLeg {
          FrameTransformMatrix {
             0.980835,-0.022287,-0.193559, 0.000000,
            -0.132708, 0.650946,-0.747434, 0.000000,
             0.142655, 0.758796, 0.635513, 0.000000,
             0.000000,37.074810, 0.000002, 1.000000;;
          }
          Frame Armature_mixamorig_LeftFoot {
            FrameTransformMatrix {
               0.966134,-0.232647, 0.111630, 0.000000,
               0.041423, 0.566822, 0.822799, 0.000000,
              -0.254696,-0.790309, 0.557262, 0.000000,
               0.000002,38.107529, 0.000003, 1.000000;;
            }
            Frame Armature_mixamorig_LeftToeBase {
              FrameTransformMatrix {
                 0.992973,-0.063924, 0.099588, 0.000000,
                -0.025499, 0.706207, 0.707546, 0.000000,
                -0.115559,-0.705113, 0.699615, 0.000000,
                -0.000002,27.500040,-0.000002, 1.000000;;
              }
              Frame Armature_mixamorig_LeftToe_End {
                FrameTransformMatrix {
                   1.000000,-0.000000,-0.000000, 0.000000,
                   0.000000, 1.000000, 0.000000, 0.000000,
                   0.000000,-0.000000, 1.000000, 0.000000,
                  -0.000001,18.087698,-0.000000, 1.000000;;
                }
              } // End of Armature_mixamorig_LeftToe_End
            } // End of Armature_mixamorig_LeftToeBase
          } // End of Armature_mixamorig_LeftFoot
        } // End of Armature_mixamorig_LeftLeg
      } // End of Armature_mixamorig_LeftUpLeg
      Frame Armature_mixamorig_RightUpLeg {
        FrameTransformMatrix {
          -0.938583, 0.246571,-0.241382, 0.000000,
          -0.290050,-0.942706, 0.164853, 0.000000,
          -0.186905, 0.224740, 0.956320, 0.000000,
          -15.658501,-8.406805, 1.466999, 1.000000;;
        }
        Frame Armature_mixamorig_RightLeg {
          FrameTransformMatrix {
             0.998613, 0.044659,-0.027876, 0.000000,
            -0.047585, 0.539186,-0.840841, 0.000000,
            -0.022521, 0.841002, 0.540564, 0.000000,
            -0.000001,37.074711,-0.000001, 1.000000;;
          }
          Frame Armature_mixamorig_RightFoot {
            FrameTransformMatrix {
               0.963822, 0.226889,-0.139889, 0.000000,
               0.140666, 0.012820, 0.989974, 0.000000,
               0.226408,-0.973836,-0.019560, 0.000000,
               0.000000,38.107533, 0.000001, 1.000000;;
            }
            Frame Armature_mixamorig_RightToeBase {
              FrameTransformMatrix {
                 0.993000, 0.063762,-0.099424, 0.000000,
                 0.025372, 0.706966, 0.706792, 0.000000,
                 0.115356,-0.704367, 0.700400, 0.000000,
                 0.000000,27.500038, 0.000000, 1.000000;;
              }
              Frame Armature_mixamorig_RightToe_End {
                FrameTransformMatrix {
                   1.000000, 0.000000, 0.000000, 0.000000,
                  -0.000000, 1.000000, 0.000000, 0.000000,
                  -0.000000,-0.000000, 1.000000, 0.000000,
                  -0.000003,18.088079,-0.000000, 1.000000;;
                }
              } // End of Armature_mixamorig_RightToe_End
            } // End of Armature_mixamorig_RightToeBase
          } // End of Armature_mixamorig_RightFoot
        } // End of Armature_mixamorig_RightLeg
      } // End of Armature_mixamorig_RightUpLeg
      Frame Armature_mixamorig_Spine {
        FrameTransformMatrix {
           0.998595,-0.002045,-0.052962, 0.000000,
           0.008116, 0.993370, 0.114677, 0.000000,
           0.052376,-0.114946, 0.991990, 0.000000,
          -0.000001,12.947401, 1.306900, 1.000000;;
        }
        Frame Armature_mixamorig_Spine1 {
          FrameTransformMatrix {
             0.999202,-0.000915,-0.039921, 0.000000,
             0.003737, 0.997492, 0.070674, 0.000000,
             0.039757,-0.070767, 0.996700, 0.000000,
             0.000001,11.650487,-0.000001, 1.000000;;
          }
          Frame Armature_mixamorig_Spine2 {
            FrameTransformMatrix {
               0.999177,-0.000683,-0.040552, 0.000000,
               0.003984, 0.996674, 0.081387, 0.000000,
               0.040362,-0.081481, 0.995857, 0.000000,
               0.000001,11.899608,-0.000002, 1.000000;;
            }
            Frame Armature_mixamorig_LeftShoulder {
              FrameTransformMatrix {
                -0.054614, 0.064473,-0.996424, 0.000000,
                 0.797884,-0.597157,-0.082371, 0.000000,
                -0.600332,-0.799529,-0.018829, 0.000000,
                15.693200,30.527615,-14.885500, 1.000000;;
              }
              Frame Armature_mixamorig_LeftArm {
                FrameTransformMatrix {
                   0.746447, 0.622655, 0.234774, 0.000000,
                  -0.642349, 0.582062, 0.498589, 0.000000,
                   0.173796,-0.522977, 0.834440, 0.000000,
                  -0.000004,18.001987,-0.000003, 1.000000;;
                }
                Frame Armature_mixamorig_LeftForeArm {
                  FrameTransformMatrix {
                    -0.454580, 0.890706, 0.000007, 0.000000,
                    -0.890706,-0.454580, 0.000005, 0.000000,
                     0.000008,-0.000004, 1.000000, 0.000000,
                     0.000000,37.520103,-0.000004, 1.000000;;
                  }
                  Frame Armature_mixamorig_LeftHand {
                    FrameTransformMatrix {
                       0.870717,-0.005370,-0.491754, 0.000000,
                      -0.082987, 0.983996,-0.157684, 0.000000,
                       0.484731, 0.178107, 0.856337, 0.000000,
                       0.000003,41.865604, 0.000000, 1.000000;;
                    }
                    Frame Armature_mixamorig_LeftHandIndex1 {
                      FrameTransformMatrix {
                         0.988410,-0.117057,-0.096665, 0.000000,
                         0.119607, 0.208331, 0.970717, 0.000000,
                        -0.093491,-0.971028, 0.219918, 0.000000,
                        -6.345701,17.472900, 0.144188, 1.000000;;
                      }
                      Frame Armature_mixamorig_LeftHandIndex2 {
                        FrameTransformMatrix {
                           0.983864,-0.122627,-0.130288, 0.000000,
                           0.122627,-0.068105, 0.990113, 0.000000,
                          -0.130288,-0.990113,-0.051968, 0.000000,
                           0.000000, 6.306501,-0.000007, 1.000000;;
                        }
                        Frame Armature_mixamorig_LeftHandIndex3 {
                          FrameTransformMatrix {
                             0.993985,-0.098162,-0.048571, 0.000000,
                             0.098162, 0.601818, 0.792578, 0.000000,
                            -0.048570,-0.792578, 0.607833, 0.000000,
                             0.000004, 5.286999,-0.000001, 1.000000;;
                          }
                          Frame Armature_mixamorig_LeftHandIndex4 {
                            FrameTransformMatrix {
                               1.000000,-0.000000,-0.000000, 0.000000,
                              -0.000000, 1.000000,-0.000000, 0.000000,
                              -0.000000, 0.000000, 1.000000, 0.000000,
                               0.000002, 4.643598,-0.000002, 1.000000;;
                            }
                          } // End of Armature_mixamorig_LeftHandIndex4
                        } // End of Armature_mixamorig_LeftHandIndex3
                      } // End of Armature_mixamorig_LeftHandIndex2
                    } // End of Armature_mixamorig_LeftHandIndex1
                    Frame Armature_mixamorig_LeftHandMiddle1 {
                      FrameTransformMatrix {
                         0.990116,-0.113204,-0.082788, 0.000000,
                         0.115546, 0.323887, 0.939013, 0.000000,
                        -0.079486,-0.939298, 0.333766, 0.000000,
                        -0.112402,18.009903,-0.441107, 1.000000;;
                      }
                      Frame Armature_mixamorig_LeftHandMiddle2 {
                        FrameTransformMatrix {
                           0.983864,-0.122627,-0.130287, 0.000000,
                           0.122627,-0.068097, 0.990114, 0.000000,
                          -0.130287,-0.990114,-0.051961, 0.000000,
                          -0.000008, 6.842801,-0.000002, 1.000000;;
                        }
                        Frame Armature_mixamorig_LeftHandMiddle3 {
                          FrameTransformMatrix {
                             0.994153,-0.097116,-0.047212, 0.000000,
                             0.097116, 0.612953, 0.784128, 0.000000,
                            -0.047212,-0.784128, 0.618800, 0.000000,
                             0.000006, 5.656088,-0.000002, 1.000000;;
                          }
                          Frame Armature_mixamorig_LeftHandMiddle4 {
                            FrameTransformMatrix {
                               1.000000,-0.000000, 0.000000, 0.000000,
                              -0.000000, 1.000000, 0.000000, 0.000000,
                               0.000000,-0.000000, 1.000000, 0.000000,
                              -0.000002, 4.457905,-0.000005, 1.000000;;
                            }
                          } // End of Armature_mixamorig_LeftHandMiddle4
                        } // End of Armature_mixamorig_LeftHandMiddle3
                      } // End of Armature_mixamorig_LeftHandMiddle2
                    } // End of Armature_mixamorig_LeftHandMiddle1
                    Frame Armature_mixamorig_LeftHandPinky1 {
                      FrameTransformMatrix {
                         0.987322,-0.118648,-0.105443, 0.000000,
                         0.123649, 0.158352, 0.979610, 0.000000,
                        -0.099532,-0.980228, 0.171015, 0.000000,
                        11.143602,14.820598, 0.001793, 1.000000;;
                      }
                      Frame Armature_mixamorig_LeftHandPinky2 {
                        FrameTransformMatrix {
                           0.990100,-0.051632,-0.130523, 0.000000,
                           0.127166,-0.063706, 0.989834, 0.000000,
                          -0.059422,-0.996632,-0.056509, 0.000000,
                           0.000008, 5.576300,-0.000008, 1.000000;;
                        }
                        Frame Armature_mixamorig_LeftHandPinky3 {
                          FrameTransformMatrix {
                             0.994448,-0.095203,-0.044827, 0.000000,
                             0.095203, 0.632504, 0.768684, 0.000000,
                            -0.044828,-0.768684, 0.638056, 0.000000,
                            -0.000003, 4.090194, 0.000008, 1.000000;;
                          }
                          Frame Armature_mixamorig_LeftHandPinky4 {
                            FrameTransformMatrix {
                               1.000000, 0.000000, 0.000000, 0.000000,
                               0.000000, 1.000000,-0.000000, 0.000000,
                              -0.000000,-0.000000, 1.000000, 0.000000,
                              -0.000007, 4.222305, 0.000008, 1.000000;;
                            }
                          } // End of Armature_mixamorig_LeftHandPinky4
                        } // End of Armature_mixamorig_LeftHandPinky3
                      } // End of Armature_mixamorig_LeftHandPinky2
                    } // End of Armature_mixamorig_LeftHandPinky1
                    Frame Armature_mixamorig_LeftHandRing1 {
                      FrameTransformMatrix {
                         0.988535,-0.116834,-0.095647, 0.000000,
                         0.119528, 0.218460, 0.968498, 0.000000,
                        -0.092259,-0.968827, 0.229920, 0.000000,
                         5.832499,16.592592,-0.117391, 1.000000;;
                      }
                      Frame Armature_mixamorig_LeftHandRing2 {
                        FrameTransformMatrix {
                           0.983697,-0.122527,-0.131634, 0.000000,
                           0.122527,-0.079138, 0.989305, 0.000000,
                          -0.131634,-0.989305,-0.062835, 0.000000,
                          -0.000003, 6.332901,-0.000009, 1.000000;;
                        }
                        Frame Armature_mixamorig_LeftHandRing3 {
                          FrameTransformMatrix {
                             0.993902,-0.098666,-0.049239, 0.000000,
                             0.098666, 0.596339, 0.796646, 0.000000,
                            -0.049239,-0.796646, 0.602437, 0.000000,
                            -0.000004, 5.608891, 0.000004, 1.000000;;
                          }
                          Frame Armature_mixamorig_LeftHandRing4 {
                            FrameTransformMatrix {
                               1.000000,-0.000000, 0.000000, 0.000000,
                               0.000000, 1.000000, 0.000000, 0.000000,
                              -0.000000,-0.000000, 1.000000, 0.000000,
                              -0.000006, 4.489694, 0.000004, 1.000000;;
                            }
                          } // End of Armature_mixamorig_LeftHandRing4
                        } // End of Armature_mixamorig_LeftHandRing3
                      } // End of Armature_mixamorig_LeftHandRing2
                    } // End of Armature_mixamorig_LeftHandRing1
                    Frame Armature_mixamorig_LeftHandThumb1 {
                      FrameTransformMatrix {
                         0.928061, 0.355986,-0.109441, 0.000000,
                        -0.207616, 0.738479, 0.641517, 0.000000,
                         0.309191,-0.572645, 0.759262, 0.000000,
                        -7.297906, 5.809495, 5.140799, 1.000000;;
                      }
                      Frame Armature_mixamorig_LeftHandThumb2 {
                        FrameTransformMatrix {
                           0.907709,-0.414372,-0.066025, 0.000000,
                           0.418375, 0.905798, 0.067023, 0.000000,
                           0.032033,-0.088460, 0.995565, 0.000000,
                          -0.000001, 6.981901, 0.000005, 1.000000;;
                        }
                        Frame Armature_mixamorig_LeftHandThumb3 {
                          FrameTransformMatrix {
                             0.297494,-0.949559, 0.099172, 0.000000,
                             0.944154, 0.308023, 0.117029, 0.000000,
                            -0.141673, 0.058819, 0.988165, 0.000000,
                            -0.000005, 4.446801,-0.000014, 1.000000;;
                          }
                          Frame Armature_mixamorig_LeftHandThumb4 {
                            FrameTransformMatrix {
                               1.000000,-0.000002, 0.000003, 0.000000,
                               0.000002, 1.000000,-0.000002, 0.000000,
                              -0.000003, 0.000002, 1.000000, 0.000000,
                               0.000003, 5.337995, 0.000009, 1.000000;;
                            }
                          } // End of Armature_mixamorig_LeftHandThumb4
                        } // End of Armature_mixamorig_LeftHandThumb3
                      } // End of Armature_mixamorig_LeftHandThumb2
                    } // End of Armature_mixamorig_LeftHandThumb1
                  } // End of Armature_mixamorig_LeftHand
                } // End of Armature_mixamorig_LeftForeArm
              } // End of Armature_mixamorig_LeftArm
            } // End of Armature_mixamorig_LeftShoulder
            Frame Armature_mixamorig_Neck {
              FrameTransformMatrix {
                 0.998131, 0.014066,-0.059472, 0.000000,
                -0.009189, 0.996631, 0.081504, 0.000000,
                 0.060418,-0.080805, 0.994897, 0.000000,
                -0.000002,29.862501,-6.856797, 1.000000;;
              }
              Frame Armature_mixamorig_Head {
                FrameTransformMatrix {
                   0.999258,-0.038318, 0.003852, 0.000000,
                  -0.007386,-0.092509, 0.995685, 0.000000,
                  -0.037796,-0.994974,-0.092723, 0.000000,
                   0.000001,15.812687, 4.504598, 1.000000;;
                }
                Frame Armature_mixamorig_HeadTop_End {
                  FrameTransformMatrix {
                     1.000000, 0.000000,-0.000000, 0.000000,
                     0.000000, 1.000000, 0.000000, 0.000000,
                    -0.000000,-0.000000, 1.000000, 0.000000,
                     0.000000, 8.548804,-16.914211, 1.000000;;
                  }
                } // End of Armature_mixamorig_HeadTop_End
                Frame Armature_mixamorig_RightEye {
                  FrameTransformMatrix {
                    -0.000000, 1.000000, 0.000000, 0.000000,
                     0.000000,-0.000000, 1.000000, 0.000000,
                     1.000000, 0.000000,-0.000000, 0.000000,
                    -4.116900,14.065409,-5.662612, 1.000000;;
                  }
                } // End of Armature_mixamorig_RightEye
              } // End of Armature_mixamorig_Head
            } // End of Armature_mixamorig_Neck
            Frame Armature_mixamorig_RightShoulder {
              FrameTransformMatrix {
                 0.119731,-0.063902, 0.990748, 0.000000,
                -0.845590,-0.529479, 0.068038, 0.000000,
                 0.520232,-0.845913,-0.117430, 0.000000,
                -15.693202,30.527903,-14.885496, 1.000000;;
              }
              Frame Armature_mixamorig_RightArm {
                FrameTransformMatrix {
                   0.440323,-0.774844,-0.453577, 0.000000,
                   0.896724, 0.354355, 0.265176, 0.000000,
                  -0.044743,-0.523497, 0.850852, 0.000000,
                   0.000003,18.001902,-0.000006, 1.000000;;
                }
                Frame Armature_mixamorig_RightForeArm {
                  FrameTransformMatrix {
                    -0.351056,-0.936354,-0.000007, 0.000000,
                     0.936355,-0.351056, 0.000005, 0.000000,
                    -0.000007,-0.000004, 1.000000, 0.000000,
                    -0.000005,37.520096, 0.000009, 1.000000;;
                  }
                  Frame Armature_mixamorig_RightHand {
                    FrameTransformMatrix {
                       0.964808,-0.116122,-0.235928, 0.000000,
                       0.099981, 0.991824,-0.079303, 0.000000,
                       0.243208, 0.052924, 0.968529, 0.000000,
                       0.000012,41.865704,-0.000000, 1.000000;;
                    }
                    Frame Armature_mixamorig_RightHandIndex1 {
                      FrameTransformMatrix {
                         0.987987, 0.118535, 0.099155, 0.000000,
                        -0.121104, 0.195284, 0.973241, 0.000000,
                         0.095999,-0.973557, 0.207293, 0.000000,
                         6.345600,17.473021, 0.144401, 1.000000;;
                      }
                      Frame Armature_mixamorig_RightHandIndex2 {
                        FrameTransformMatrix {
                           0.982536, 0.122923, 0.139686, 0.000000,
                          -0.122923,-0.134767, 0.983223, 0.000000,
                           0.139686,-0.983223,-0.117304, 0.000000,
                          -0.000002, 6.306000, 0.000003, 1.000000;;
                        }
                        Frame Armature_mixamorig_RightHandIndex3 {
                          FrameTransformMatrix {
                             0.996236, 0.081283, 0.030105, 0.000000,
                            -0.081283, 0.755437, 0.650160, 0.000000,
                             0.030105,-0.650160, 0.759201, 0.000000,
                             0.000001, 5.286990, 0.000000, 1.000000;;
                          }
                          Frame Armature_mixamorig_RightHandIndex4 {
                            FrameTransformMatrix {
                               1.000000, 0.000000, 0.000000, 0.000000,
                              -0.000000, 1.000000, 0.000000, 0.000000,
                               0.000000,-0.000000, 1.000000, 0.000000,
                               0.000002, 4.644002,-0.000002, 1.000000;;
                            }
                          } // End of Armature_mixamorig_RightHandIndex4
                        } // End of Armature_mixamorig_RightHandIndex3
                      } // End of Armature_mixamorig_RightHandIndex2
                    } // End of Armature_mixamorig_RightHandIndex1
                    Frame Armature_mixamorig_RightHandMiddle1 {
                      FrameTransformMatrix {
                         0.988726, 0.117188, 0.093209, 0.000000,
                        -0.120088, 0.248765, 0.961091, 0.000000,
                         0.089442,-0.961448, 0.260033, 0.000000,
                         0.112394,18.009611,-0.440802, 1.000000;;
                      }
                      Frame Armature_mixamorig_RightHandMiddle2 {
                        FrameTransformMatrix {
                           0.982536, 0.122923, 0.139686, 0.000000,
                          -0.122923,-0.134773, 0.983222, 0.000000,
                           0.139686,-0.983222,-0.117309, 0.000000,
                           0.000004, 6.843003, 0.000012, 1.000000;;
                        }
                        Frame Armature_mixamorig_RightHandMiddle3 {
                          FrameTransformMatrix {
                             0.996595, 0.074188, 0.035984, 0.000000,
                            -0.079999, 0.764290, 0.639891, 0.000000,
                             0.019970,-0.640591, 0.767622, 0.000000,
                             0.000001, 5.656003,-0.000004, 1.000000;;
                          }
                          Frame Armature_mixamorig_RightHandMiddle4 {
                            FrameTransformMatrix {
                               1.000000,-0.000000,-0.000000, 0.000000,
                               0.000000, 1.000000,-0.000000, 0.000000,
                              -0.000000, 0.000000, 1.000000, 0.000000,
                               0.000003, 4.457997, 0.000035, 1.000000;;
                            }
                          } // End of Armature_mixamorig_RightHandMiddle4
                        } // End of Armature_mixamorig_RightHandMiddle3
                      } // End of Armature_mixamorig_RightHandMiddle2
                    } // End of Armature_mixamorig_RightHandMiddle1
                    Frame Armature_mixamorig_RightHandPinky1 {
                      FrameTransformMatrix {
                         0.987987, 0.118535, 0.099155, 0.000000,
                        -0.121104, 0.195284, 0.973241, 0.000000,
                         0.096000,-0.973557, 0.207293, 0.000000,
                        -11.143714,14.820501, 0.002402, 1.000000;;
                      }
                      Frame Armature_mixamorig_RightHandPinky2 {
                        FrameTransformMatrix {
                           0.982536, 0.122923, 0.139686, 0.000000,
                          -0.122923,-0.134767, 0.983223, 0.000000,
                           0.139686,-0.983223,-0.117303, 0.000000,
                          -0.000005, 5.576013,-0.000026, 1.000000;;
                        }
                        Frame Armature_mixamorig_RightHandPinky3 {
                          FrameTransformMatrix {
                             0.996236, 0.081283, 0.030105, 0.000000,
                            -0.081283, 0.755437, 0.650160, 0.000000,
                             0.030105,-0.650160, 0.759201, 0.000000,
                             0.000008, 4.089991, 0.000000, 1.000000;;
                          }
                          Frame Armature_mixamorig_RightHandPinky4 {
                            FrameTransformMatrix {
                               1.000000, 0.000000, 0.000000, 0.000000,
                              -0.000000, 1.000000, 0.000000, 0.000000,
                               0.000000,-0.000000, 1.000000, 0.000000,
                              -0.000005, 4.223016, 0.000004, 1.000000;;
                            }
                          } // End of Armature_mixamorig_RightHandPinky4
                        } // End of Armature_mixamorig_RightHandPinky3
                      } // End of Armature_mixamorig_RightHandPinky2
                    } // End of Armature_mixamorig_RightHandPinky1
                    Frame Armature_mixamorig_RightHandRing1 {
                      FrameTransformMatrix {
                         0.988102, 0.118357, 0.098211, 0.000000,
                        -0.122389, 0.218406, 0.968153, 0.000000,
                         0.093138,-0.968654, 0.230293, 0.000000,
                        -5.832512,16.592421,-0.117299, 1.000000;;
                      }
                      Frame Armature_mixamorig_RightHandRing2 {
                        FrameTransformMatrix {
                           0.982128, 0.122431, 0.142950, 0.000000,
                          -0.122430,-0.161289, 0.979284, 0.000000,
                           0.142951,-0.979284,-0.143417, 0.000000,
                          -0.000002, 6.333003, 0.000001, 1.000000;;
                        }
                        Frame Armature_mixamorig_RightHandRing3 {
                          FrameTransformMatrix {
                             0.996275, 0.078050, 0.036657, 0.000000,
                            -0.082726, 0.745191, 0.661700, 0.000000,
                             0.024330,-0.662267, 0.748872, 0.000000,
                            -0.000008, 5.609001,-0.000006, 1.000000;;
                          }
                          Frame Armature_mixamorig_RightHandRing4 {
                            FrameTransformMatrix {
                               1.000000, 0.000000,-0.000000, 0.000000,
                               0.000000, 1.000000, 0.000000, 0.000000,
                              -0.000000, 0.000000, 1.000000, 0.000000,
                              -0.000001, 4.490015,-0.000008, 1.000000;;
                            }
                          } // End of Armature_mixamorig_RightHandRing4
                        } // End of Armature_mixamorig_RightHandRing3
                      } // End of Armature_mixamorig_RightHandRing2
                    } // End of Armature_mixamorig_RightHandRing1
                    Frame Armature_mixamorig_RightHandThumb1 {
                      FrameTransformMatrix {
                         0.950516,-0.304201,-0.063091, 0.000000,
                         0.268195, 0.700947, 0.660867, 0.000000,
                        -0.156813,-0.645086, 0.747846, 0.000000,
                         7.297798, 5.809102, 5.140997, 1.000000;;
                      }
                      Frame Armature_mixamorig_RightHandThumb2 {
                        FrameTransformMatrix {
                           0.858414, 0.512787, 0.013207, 0.000000,
                          -0.505807, 0.850452,-0.144538, 0.000000,
                          -0.085349, 0.117393, 0.989411, 0.000000,
                           0.000001, 6.982102, 0.000001, 1.000000;;
                        }
                        Frame Armature_mixamorig_RightHandThumb3 {
                          FrameTransformMatrix {
                             0.534034, 0.803420, 0.263295, 0.000000,
                            -0.827725, 0.560288,-0.030814, 0.000000,
                            -0.172277,-0.201480, 0.964223, 0.000000,
                            -0.000008, 4.446893,-0.000004, 1.000000;;
                          }
                          Frame Armature_mixamorig_RightHandThumb4 {
                            FrameTransformMatrix {
                               1.000000, 0.000001,-0.000001, 0.000000,
                              -0.000001, 1.000000,-0.000000, 0.000000,
                               0.000002, 0.000000, 1.000000, 0.000000,
                              -0.000000, 5.338505,-0.000026, 1.000000;;
                            }
                          } // End of Armature_mixamorig_RightHandThumb4
                        } // End of Armature_mixamorig_RightHandThumb3
                      } // End of Armature_mixamorig_RightHandThumb2
                    } // End of Armature_mixamorig_RightHandThumb1
                  } // End of Armature_mixamorig_RightHand
                } // End of Armature_mixamorig_RightForeArm
              } // End of Armature_mixamorig_RightArm
            } // End of Armature_mixamorig_RightShoulder
          } // End of Armature_mixamorig_Spine2
        } // End of Armature_mixamorig_Spine1
      } // End of Armature_mixamorig_Spine
    } // End of Armature_mixamorig_Hips
  } // End of Armature
} // End of Root
AnimationSet Global {
  Animation {
    {Armature}
    AnimationKey { // Rotation
      0;
      32;
      0;4;-0.707107, 0.707107, 0.000000, 0.000000;;,
      1;4;-0.707107, 0.707107, 0.000000, 0.000000;;,
      2;4;-0.707107, 0.707107, 0.000000, 0.000000;;,
      3;4;-0.707107, 0.707107, 0.000000, 0.000000;;,
      4;4;-0.707107, 0.707107, 0.000000, 0.000000;;,
      5;4;-0.707107, 0.707107, 0.000000, 0.000000;;,
      6;4;-0.707107, 0.707107, 0.000000, 0.000000;;,
      7;4;-0.707107, 0.707107, 0.000000, 0.000000;;,
      8;4;-0.707107, 0.707107, 0.000000, 0.000000;;,
      9;4;-0.707107, 0.707107, 0.000000, 0.000000;;,
      10;4;-0.707107, 0.707107, 0.000000, 0.000000;;,
      11;4;-0.707107, 0.707107, 0.000000, 0.000000;;,
      12;4;-0.707107, 0.707107, 0.000000, 0.000000;;,
      13;4;-0.707107, 0.707107, 0.000000, 0.000000;;,
      14;4;-0.707107, 0.707107, 0.000000, 0.000000;;,
      15;4;-0.707107, 0.707107, 0.000000, 0.000000;;,
      16;4;-0.707107, 0.707107, 0.000000, 0.000000;;,
      17;4;-0.707107, 0.707107, 0.000000, 0.000000;;,
      18;4;-0.707107, 0.707107, 0.000000, 0.000000;;,
      19;4;-0.707107, 0.707107, 0.000000, 0.000000;;,
      20;4;-0.707107, 0.707107, 0.000000, 0.000000;;,
      21;4;-0.707107, 0.707107, 0.000000, 0.000000;;,
      22;4;-0.707107, 0.707107, 0.000000, 0.000000;;,
      23;4;-0.707107, 0.707107, 0.000000, 0.000000;;,
      24;4;-0.707107, 0.707107, 0.000000, 0.000000;;,
      25;4;-0.707107, 0.707107, 0.000000, 0.000000;;,
      26;4;-0.707107, 0.707107, 0.000000, 0.000000;;,
      27;4;-0.707107, 0.707107, 0.000000, 0.000000;;,
      28;4;-0.707107, 0.707107, 0.000000, 0.000000;;,
      29;4;-0.707107, 0.707107, 0.000000, 0.000000;;,
      30;4;-0.707107, 0.707107, 0.000000, 0.000000;;,
      31;4;-0.707107, 0.707107, 0.000000, 0.000000;;;
    }
    AnimationKey { // Scale
      1;
      32;
      0;3; 0.110000, 0.110000, 0.110000;;,
      1;3; 0.110000, 0.110000, 0.110000;;,
      2;3; 0.110000, 0.110000, 0.110000;;,
      3;3; 0.110000, 0.110000, 0.110000;;,
      4;3; 0.110000, 0.110000, 0.110000;;,
      5;3; 0.110000, 0.110000, 0.110000;;,
      6;3; 0.110000, 0.110000, 0.110000;;,
      7;3; 0.110000, 0.110000, 0.110000;;,
      8;3; 0.110000, 0.110000, 0.110000;;,
      9;3; 0.110000, 0.110000, 0.110000;;,
      10;3; 0.110000, 0.110000, 0.110000;;,
      11;3; 0.110000, 0.110000, 0.110000;;,
      12;3; 0.110000, 0.110000, 0.110000;;,
      13;3; 0.110000, 0.110000, 0.110000;;,
      14;3; 0.110000, 0.110000, 0.110000;;,
      15;3; 0.110000, 0.110000, 0.110000;;,
      16;3; 0.110000, 0.110000, 0.110000;;,
      17;3; 0.110000, 0.110000, 0.110000;;,
      18;3; 0.110000, 0.110000, 0.110000;;,
      19;3; 0.110000, 0.110000, 0.110000;;,
      20;3; 0.110000, 0.110000, 0.110000;;,
      21;3; 0.110000, 0.110000, 0.110000;;,
      22;3; 0.110000, 0.110000, 0.110000;;,
      23;3; 0.110000, 0.110000, 0.110000;;,
      24;3; 0.110000, 0.110000, 0.110000;;,
      25;3; 0.110000, 0.110000, 0.110000;;,
      26;3; 0.110000, 0.110000, 0.110000;;,
      27;3; 0.110000, 0.110000, 0.110000;;,
      28;3; 0.110000, 0.110000, 0.110000;;,
      29;3; 0.110000, 0.110000, 0.110000;;,
      30;3; 0.110000, 0.110000, 0.110000;;,
      31;3; 0.110000, 0.110000, 0.110000;;;
    }
    AnimationKey { // Position
      2;
      32;
      0;3; 0.000000, 0.000000, 0.000000;;,
      1;3; 0.000000, 0.000000, 0.000000;;,
      2;3; 0.000000, 0.000000, 0.000000;;,
      3;3; 0.000000, 0.000000, 0.000000;;,
      4;3; 0.000000, 0.000000, 0.000000;;,
      5;3; 0.000000, 0.000000, 0.000000;;,
      6;3; 0.000000, 0.000000, 0.000000;;,
      7;3; 0.000000, 0.000000, 0.000000;;,
      8;3; 0.000000, 0.000000, 0.000000;;,
      9;3; 0.000000, 0.000000, 0.000000;;,
      10;3; 0.000000, 0.000000, 0.000000;;,
      11;3; 0.000000, 0.000000, 0.000000;;,
      12;3; 0.000000, 0.000000, 0.000000;;,
      13;3; 0.000000, 0.000000, 0.000000;;,
      14;3; 0.000000, 0.000000, 0.000000;;,
      15;3; 0.000000, 0.000000, 0.000000;;,
      16;3; 0.000000, 0.000000, 0.000000;;,
      17;3; 0.000000, 0.000000, 0.000000;;,
      18;3; 0.000000, 0.000000, 0.000000;;,
      19;3; 0.000000, 0.000000, 0.000000;;,
      20;3; 0.000000, 0.000000, 0.000000;;,
      21;3; 0.000000, 0.000000, 0.000000;;,
      22;3; 0.000000, 0.000000, 0.000000;;,
      23;3; 0.000000, 0.000000, 0.000000;;,
      24;3; 0.000000, 0.000000, 0.000000;;,
      25;3; 0.000000, 0.000000, 0.000000;;,
      26;3; 0.000000, 0.000000, 0.000000;;,
      27;3; 0.000000, 0.000000, 0.000000;;,
      28;3; 0.000000, 0.000000, 0.000000;;,
      29;3; 0.000000, 0.000000, 0.000000;;,
      30;3; 0.000000, 0.000000, 0.000000;;,
      31;3; 0.000000, 0.000000, 0.000000;;;
    }
  }
  Animation {
    {Armature_mixamorig_Hips}
    AnimationKey { // Rotation
      0;
      32;
      0;4;-0.974024, 0.011413,-0.225210, 0.020698;;,
      1;4;-0.975647, 0.008497,-0.218126, 0.021496;;,
      2;4;-0.977345, 0.004781,-0.210370, 0.022791;;,
      3;4;-0.979214, 0.000377,-0.201397, 0.024056;;,
      4;4;-0.981305,-0.004510,-0.190672, 0.025776;;,
      5;4;-0.983301,-0.009274,-0.179586, 0.027944;;,
      6;4;-0.984678,-0.013256,-0.171220, 0.030286;;,
      7;4;-0.985033,-0.016208,-0.168433, 0.032838;;,
      8;4;-0.984340,-0.018145,-0.171760, 0.035269;;,
      9;4;-0.982958,-0.019284,-0.179079, 0.036772;;,
      10;4;-0.981384,-0.020084,-0.187542, 0.036194;;,
      11;4;-0.979860,-0.020848,-0.195867, 0.032814;;,
      12;4;-0.978184,-0.021120,-0.204872, 0.027165;;,
      13;4;-0.976133,-0.019947,-0.215277, 0.020540;;,
      14;4;-0.973919,-0.016724,-0.225852, 0.013884;;,
      15;4;-0.972015,-0.011539,-0.234474, 0.008676;;,
      16;4;-0.970487,-0.004621,-0.241033, 0.006079;;,
      17;4;-0.968608, 0.003738,-0.248485, 0.006238;;,
      18;4;-0.965728, 0.013016,-0.259139, 0.006924;;,
      19;4;-0.962212, 0.022507,-0.271302, 0.006053;;,
      20;4;-0.959081, 0.031728,-0.281325, 0.003682;;,
      21;4;-0.956932, 0.039990,-0.287543, 0.001247;;,
      22;4;-0.955776, 0.046279,-0.290431, 0.000120;;,
      23;4;-0.955544, 0.049933,-0.290590, 0.000405;;,
      24;4;-0.956148, 0.050669,-0.288461, 0.001771;;,
      25;4;-0.957395, 0.048708,-0.284626, 0.003091;;,
      26;4;-0.959101, 0.044287,-0.279548, 0.004059;;,
      27;4;-0.961233, 0.037833,-0.273076, 0.005417;;,
      28;4;-0.963859, 0.030433,-0.264549, 0.007936;;,
      29;4;-0.966990, 0.023281,-0.253469, 0.011906;;,
      30;4;-0.970469, 0.016944,-0.240060, 0.016535;;,
      31;4;-0.974024, 0.011413,-0.225210, 0.020698;;;
    }
    AnimationKey { // Scale
      1;
      32;
      0;3; 1.000000, 1.000000, 1.000000;;,
      1;3; 1.000000, 1.000000, 1.000000;;,
      2;3; 1.000000, 1.000000, 1.000000;;,
      3;3; 1.000000, 1.000000, 1.000000;;,
      4;3; 1.000000, 1.000000, 1.000000;;,
      5;3; 1.000000, 1.000000, 1.000000;;,
      6;3; 1.000000, 1.000000, 1.000000;;,
      7;3; 1.000000, 1.000000, 1.000000;;,
      8;3; 1.000000, 1.000000, 1.000000;;,
      9;3; 1.000000, 1.000000, 1.000000;;,
      10;3; 1.000000, 1.000000, 1.000000;;,
      11;3; 1.000000, 1.000000, 1.000000;;,
      12;3; 1.000000, 1.000000, 1.000000;;,
      13;3; 1.000000, 1.000000, 1.000000;;,
      14;3; 1.000000, 1.000000, 1.000000;;,
      15;3; 1.000000, 1.000000, 1.000000;;,
      16;3; 1.000000, 1.000000, 1.000000;;,
      17;3; 1.000000, 1.000000, 1.000000;;,
      18;3; 1.000000, 1.000000, 1.000000;;,
      19;3; 1.000000, 1.000000, 1.000000;;,
      20;3; 1.000000, 1.000000, 1.000000;;,
      21;3; 1.000000, 1.000000, 1.000000;;,
      22;3; 1.000000, 1.000000, 1.000000;;,
      23;3; 1.000000, 1.000000, 1.000000;;,
      24;3; 1.000000, 1.000000, 1.000000;;,
      25;3; 1.000000, 1.000000, 1.000000;;,
      26;3; 1.000000, 1.000000, 1.000000;;,
      27;3; 1.000000, 1.000000, 1.000000;;,
      28;3; 1.000000, 1.000000, 1.000000;;,
      29;3; 1.000000, 1.000000, 1.000000;;,
      30;3; 1.000000, 1.000000, 1.000000;;,
      31;3; 1.000000, 1.000000, 1.000000;;;
    }
    AnimationKey { // Position
      2;
      32;
      0;3; 1.512208,89.421272,-1.398864;;,
      1;3; 1.512208,89.289169,-1.398864;;,
      2;3; 1.512208,89.255791,-1.398864;;,
      3;3; 1.512208,89.158073,-1.398864;;,
      4;3; 1.512208,89.044243,-1.398864;;,
      5;3; 1.512209,88.923355,-1.398864;;,
      6;3; 1.512209,88.846863,-1.398864;;,
      7;3; 1.512209,88.907463,-1.398864;;,
      8;3; 1.512208,89.148148,-1.398864;;,
      9;3; 1.512208,89.493484,-1.398864;;,
      10;3; 1.512207,89.768631,-1.398864;;,
      11;3; 1.512207,89.854118,-1.398864;;,
      12;3; 1.512207,89.737419,-1.398864;;,
      13;3; 1.512208,89.475876,-1.398864;;,
      14;3; 1.512208,89.148277,-1.398864;;,
      15;3; 1.512209,88.894836,-1.398864;;,
      16;3; 1.512209,88.781006,-1.398864;;,
      17;3; 1.512209,88.949791,-1.398864;;,
      18;3; 1.512208,89.361671,-1.398864;;,
      19;3; 1.512207,89.901489,-1.398864;;,
      20;3; 1.512206,90.480362,-1.398864;;,
      21;3; 1.512205,91.031204,-1.398864;;,
      22;3; 1.512204,91.418541,-1.398864;;,
      23;3; 1.512204,91.608620,-1.398864;;,
      24;3; 1.512204,91.589996,-1.398864;;,
      25;3; 1.512204,91.474289,-1.398864;;,
      26;3; 1.512204,91.319366,-1.398864;;,
      27;3; 1.512205,91.105011,-1.398864;;,
      28;3; 1.512205,90.763779,-1.398864;;,
      29;3; 1.512206,90.248604,-1.398864;;,
      30;3; 1.512207,89.739914,-1.398864;;,
      31;3; 1.512208,89.421234,-1.398864;;;
    }
  }
  Animation {
    {Armature_mixamorig_Spine}
    AnimationKey { // Rotation
      0;
      32;
      0;4;-0.997992, 0.057521, 0.026387,-0.002545;;,
      1;4;-0.997954, 0.058301, 0.026247, 0.000074;;,
      2;4;-0.997915, 0.059038, 0.026006, 0.002011;;,
      3;4;-0.997877, 0.059801, 0.025514, 0.003661;;,
      4;4;-0.997881, 0.060290, 0.023866, 0.005399;;,
