xof 0303txt 0032

template XSkinMeshHeader {
  <3cf169ce-ff7c-44ab-93c0-f78f62d172e2>
  WORD nMaxSkinWeightsPerVertex;
  WORD nMaxSkinWeightsPerFace;
  WORD nBones;
}

template SkinWeights {
  <6f0d123b-bad2-4167-a0d0-80224f25fabb>
  STRING transformNodeName;
  DWORD nWeights;
  array DWORD vertexIndices[nWeights];
  array float weights[nWeights];
  Matrix4x4 matrixOffset;
}

Frame Root {
  FrameTransformMatrix {
     1.000000, 0.000000, 0.000000, 0.000000,
     0.000000,-0.000000,-1.000000, 0.000000,
     0.000000, 1.000000,-0.000000, 0.000000,
     0.000000, 0.000000, 0.000000, 1.000000;;
  }
  Frame Armature {
    FrameTransformMatrix {
       0.110000, 0.000000, 0.000000, 0.000000,
       0.000000,-0.000000, 0.110000, 0.000000,
       0.000000,-0.110000,-0.000000, 0.000000,
       0.000000, 0.000000, 0.000000, 1.000000;;
    }
    Frame Armature_mixamorig_Hips {
      FrameTransformMatrix {
         0.997819,-0.042029,-0.050907, 0.000000,
         0.037837, 0.996021,-0.080683, 0.000000,
         0.054095, 0.078581, 0.995439, 0.000000,
        -13.678438,76.366089,-1.626186, 1.000000;;
      }
      Frame Armature_mixamorig_LeftUpLeg {
        FrameTransformMatrix {
          -0.968777,-0.247894, 0.004316, 0.000000,
           0.102744,-0.385562, 0.916940, 0.000000,
          -0.225641, 0.888757, 0.398990, 0.000000,
          15.658503,-8.406796, 1.467000, 1.000000;;
        }
        Frame Armature_mixamorig_LeftLeg {
          FrameTransformMatrix {
             0.991860, 0.104172, 0.073224, 0.000000,
             0.075820,-0.021178,-0.996897, 0.000000,
            -0.102298, 0.994334,-0.028904, 0.000000,
             0.000002,37.074810,-0.000000, 1.000000;;
          }
          Frame Armature_mixamorig_LeftFoot {
            FrameTransformMatrix {
               0.975737,-0.073071, 0.206393, 0.000000,
              -0.144658, 0.492461, 0.858229, 0.000000,
              -0.164352,-0.867262, 0.469942, 0.000000,
               0.000001,38.107529,-0.000001, 1.000000;;
            }
            Frame Armature_mixamorig_LeftToeBase {
              FrameTransformMatrix {
                 0.991352,-0.073626, 0.108634, 0.000000,
                -0.032897, 0.661943, 0.748832, 0.000000,
                -0.127043,-0.745929, 0.653796, 0.000000,
                 0.000001,27.500038,-0.000000, 1.000000;;
              }
              Frame Armature_mixamorig_LeftToe_End {
                FrameTransformMatrix {
                   1.000000,-0.000000,-0.000000, 0.000000,
                   0.000000, 1.000000, 0.000000, 0.000000,
                   0.000000,-0.000000, 1.000000, 0.000000,
                  -0.000001,18.087694,-0.000000, 1.000000;;
                }
              } // End of Armature_mixamorig_LeftToe_End
            } // End of Armature_mixamorig_LeftToeBase
          } // End of Armature_mixamorig_LeftFoot
        } // End of Armature_mixamorig_LeftLeg
      } // End of Armature_mixamorig_LeftUpLeg
      Frame Armature_mixamorig_RightUpLeg {
        FrameTransformMatrix {
          -0.995600, 0.003218,-0.093649, 0.000000,
          -0.082780,-0.498524, 0.862911, 0.000000,
          -0.043910, 0.866870, 0.496593, 0.000000,
          -15.658497,-8.406795, 1.467000, 1.000000;;
        }
        Frame Armature_mixamorig_RightLeg {
          FrameTransformMatrix {
             0.990533,-0.102263, 0.091579, 0.000000,
             0.089273,-0.026905,-0.995644, 0.000000,
             0.104281, 0.994394,-0.017521, 0.000000,
             0.000000,37.074711,-0.000004, 1.000000;;
          }
          Frame Armature_mixamorig_RightFoot {
            FrameTransformMatrix {
               0.976362, 0.117110,-0.181664, 0.000000,
               0.131877, 0.343139, 0.929981, 0.000000,
               0.171246,-0.931956, 0.319584, 0.000000,
               0.000002,38.107529, 0.000001, 1.000000;;
            }
            Frame Armature_mixamorig_RightToeBase {
              FrameTransformMatrix {
                 0.991909, 0.070333,-0.105685, 0.000000,
                 0.030349, 0.676987, 0.735369, 0.000000,
                 0.123268,-0.732627, 0.669375, 0.000000,
                 0.000004,27.500042, 0.000001, 1.000000;;
              }
              Frame Armature_mixamorig_RightToe_End {
                FrameTransformMatrix {
                   1.000000, 0.000000, 0.000000, 0.000000,
                  -0.000000, 1.000000, 0.000000, 0.000000,
                  -0.000000,-0.000000, 1.000000, 0.000000,
                  -0.000006,18.088083, 0.000000, 1.000000;;
                }
              } // End of Armature_mixamorig_RightToe_End
            } // End of Armature_mixamorig_RightToeBase
          } // End of Armature_mixamorig_RightFoot
        } // End of Armature_mixamorig_RightLeg
      } // End of Armature_mixamorig_RightUpLeg
      Frame Armature_mixamorig_Spine {
        FrameTransformMatrix {
           0.998531, 0.050403,-0.019886, 0.000000,
          -0.044754, 0.974089, 0.221695, 0.000000,
           0.030545,-0.220479, 0.974913, 0.000000,
           0.000003,12.947410, 1.306900, 1.000000;;
        }
        Frame Armature_mixamorig_Spine1 {
          FrameTransformMatrix {
             0.990760, 0.135302,-0.009373, 0.000000,
            -0.109638, 0.839682, 0.531896, 0.000000,
             0.079837,-0.525954, 0.846758, 0.000000,
             0.000002,11.650500,-0.000001, 1.000000;;
          }
          Frame Armature_mixamorig_Spine2 {
            FrameTransformMatrix {
               0.989667, 0.143054,-0.009775, 0.000000,
              -0.115213, 0.833938, 0.539698, 0.000000,
               0.085357,-0.532995, 0.841802, 0.000000,
              -0.000000,11.899606,-0.000001, 1.000000;;
            }
            Frame Armature_mixamorig_LeftShoulder {
              FrameTransformMatrix {
                 0.369495, 0.056572,-0.927509, 0.000000,
                 0.889111,-0.311655, 0.335190, 0.000000,
                -0.270101,-0.948510,-0.165453, 0.000000,
                15.693201,30.527607,-14.885508, 1.000000;;
              }
              Frame Armature_mixamorig_LeftArm {
                FrameTransformMatrix {
                   0.130780, 0.747580, 0.651168, 0.000000,
                  -0.712354, 0.527669,-0.462728, 0.000000,
                  -0.689528,-0.403347, 0.601550, 0.000000,
                   0.000008,18.001999,-0.000004, 1.000000;;
                }
                Frame Armature_mixamorig_LeftForeArm {
                  FrameTransformMatrix {
                    -0.001813, 0.999998, 0.000005, 0.000000,
                    -0.999998,-0.001813, 0.000005, 0.000000,
                     0.000005,-0.000005, 1.000000, 0.000000,
                    -0.000002,37.520100,-0.000002, 1.000000;;
                  }
                  Frame Armature_mixamorig_LeftHand {
                    FrameTransformMatrix {
                       0.990245,-0.124996,-0.061567, 0.000000,
                       0.125229, 0.992128,-0.000081, 0.000000,
                       0.061093,-0.007630, 0.998103, 0.000000,
                       0.000006,41.865601,-0.000007, 1.000000;;
                    }
                    Frame Armature_mixamorig_LeftHandIndex1 {
                      FrameTransformMatrix {
                         0.971394, 0.184859, 0.149067, 0.000000,
                        -0.236989, 0.794706, 0.558818, 0.000000,
                        -0.015162,-0.578160, 0.815782, 0.000000,
                        -6.345708,17.472895, 0.144196, 1.000000;;
                      }
                      Frame Armature_mixamorig_LeftHandIndex2 {
                        FrameTransformMatrix {
                           1.000000,-0.000031, 0.000000, 0.000000,
                           0.000031, 1.000000, 0.000248, 0.000000,
                          -0.000000,-0.000249, 1.000000, 0.000000,
                          -0.000003, 6.306507,-0.000007, 1.000000;;
                        }
                        Frame Armature_mixamorig_LeftHandIndex3 {
                          FrameTransformMatrix {
                             0.999982, 0.006032,-0.000147, 0.000000,
                            -0.006032, 0.998795,-0.048704, 0.000000,
                            -0.000147, 0.048704, 0.998813, 0.000000,
                             0.000002, 5.287000, 0.000006, 1.000000;;
                          }
                          Frame Armature_mixamorig_LeftHandIndex4 {
                            FrameTransformMatrix {
                               1.000000, 0.000000,-0.000000, 0.000000,
                               0.000000, 1.000000,-0.000000, 0.000000,
                              -0.000000, 0.000000, 1.000000, 0.000000,
                               0.000005, 4.643599, 0.000009, 1.000000;;
                            }
                          } // End of Armature_mixamorig_LeftHandIndex4
                        } // End of Armature_mixamorig_LeftHandIndex3
                      } // End of Armature_mixamorig_LeftHandIndex2
                    } // End of Armature_mixamorig_LeftHandIndex1
                    Frame Armature_mixamorig_LeftHandMiddle1 {
                      FrameTransformMatrix {
                         0.974710, 0.186659, 0.122876, 0.000000,
                        -0.223213, 0.839712, 0.495036, 0.000000,
                        -0.010778,-0.509944, 0.860140, 0.000000,
                        -0.112406,18.009897,-0.441094, 1.000000;;
                      }
                      Frame Armature_mixamorig_LeftHandMiddle2 {
                        FrameTransformMatrix {
                           0.999993,-0.003731,-0.000056, 0.000000,
                           0.003731, 0.999539, 0.030125, 0.000000,
                          -0.000056,-0.030125, 0.999546, 0.000000,
                           0.000002, 6.842809, 0.000019, 1.000000;;
                        }
                        Frame Armature_mixamorig_LeftHandMiddle3 {
                          FrameTransformMatrix {
                             0.999969, 0.007844,-0.000248, 0.000000,
                            -0.007844, 0.997961,-0.063335, 0.000000,
                            -0.000249, 0.063335, 0.997992, 0.000000,
                            -0.000005, 5.656094, 0.000015, 1.000000;;
                          }
                          Frame Armature_mixamorig_LeftHandMiddle4 {
                            FrameTransformMatrix {
                               1.000000, 0.000000, 0.000000, 0.000000,
                               0.000000, 1.000000, 0.000000, 0.000000,
                              -0.000000,-0.000000, 1.000000, 0.000000,
                               0.000006, 4.457893, 0.000007, 1.000000;;
                            }
                          } // End of Armature_mixamorig_LeftHandMiddle4
                        } // End of Armature_mixamorig_LeftHandMiddle3
                      } // End of Armature_mixamorig_LeftHandMiddle2
                    } // End of Armature_mixamorig_LeftHandMiddle1
                    Frame Armature_mixamorig_LeftHandPinky1 {
                      FrameTransformMatrix {
                         0.989382, 0.130582, 0.063803, 0.000000,
                        -0.145181, 0.908300, 0.392318, 0.000000,
                        -0.006722,-0.397415, 0.917614, 0.000000,
                        11.143598,14.820593, 0.001798, 1.000000;;
                      }
                      Frame Armature_mixamorig_LeftHandPinky2 {
                        FrameTransformMatrix {
                           0.997496, 0.070716, 0.000323, 0.000000,
                          -0.070716, 0.997458, 0.008769, 0.000000,
                           0.000298,-0.008769, 0.999961, 0.000000,
                          -0.000010, 5.576306,-0.000008, 1.000000;;
                        }
                        Frame Armature_mixamorig_LeftHandPinky3 {
                          FrameTransformMatrix {
                             0.999947, 0.010234,-0.000424, 0.000000,
                            -0.010235, 0.996527,-0.082637, 0.000000,
                            -0.000423, 0.082637, 0.996580, 0.000000,
                            -0.000008, 4.090187,-0.000022, 1.000000;;
                          }
                          Frame Armature_mixamorig_LeftHandPinky4 {
                            FrameTransformMatrix {
                               1.000000, 0.000000, 0.000000, 0.000000,
                               0.000000, 1.000000, 0.000000, 0.000000,
                              -0.000000,-0.000000, 1.000000, 0.000000,
                               0.000003, 4.222307,-0.000015, 1.000000;;
                            }
                          } // End of Armature_mixamorig_LeftHandPinky4
                        } // End of Armature_mixamorig_LeftHandPinky3
                      } // End of Armature_mixamorig_LeftHandPinky2
                    } // End of Armature_mixamorig_LeftHandPinky1
                    Frame Armature_mixamorig_LeftHandRing1 {
                      FrameTransformMatrix {
                         0.976058, 0.191569, 0.103015, 0.000000,
                        -0.217397, 0.874511, 0.433555, 0.000000,
                        -0.007032,-0.445569, 0.895220, 0.000000,
                         5.832496,16.592594,-0.117391, 1.000000;;
                      }
                      Frame Armature_mixamorig_LeftHandRing2 {
                        FrameTransformMatrix {
                           0.999995,-0.003097,-0.000039, 0.000000,
                           0.003097, 0.999682, 0.025007, 0.000000,
                          -0.000038,-0.025007, 0.999687, 0.000000,
                           0.000006, 6.332903,-0.000004, 1.000000;;
                        }
                        Frame Armature_mixamorig_LeftHandRing3 {
                          FrameTransformMatrix {
                             0.999957, 0.009247,-0.000346, 0.000000,
                            -0.009247, 0.997166,-0.074662, 0.000000,
                            -0.000346, 0.074662, 0.997209, 0.000000,
                             0.000000, 5.608901,-0.000013, 1.000000;;
                          }
                          Frame Armature_mixamorig_LeftHandRing4 {
                            FrameTransformMatrix {
                               1.000000, 0.000000,-0.000000, 0.000000,
                               0.000000, 1.000000, 0.000000, 0.000000,
                              -0.000000,-0.000000, 1.000000, 0.000000,
                               0.000010, 4.489701, 0.000011, 1.000000;;
                            }
                          } // End of Armature_mixamorig_LeftHandRing4
                        } // End of Armature_mixamorig_LeftHandRing3
                      } // End of Armature_mixamorig_LeftHandRing2
                    } // End of Armature_mixamorig_LeftHandRing1
                    Frame Armature_mixamorig_LeftHandThumb1 {
                      FrameTransformMatrix {
                         0.598323, 0.786341, 0.153871, 0.000000,
                        -0.750301, 0.482457, 0.451978, 0.000000,
                         0.281173,-0.385878, 0.878658, 0.000000,
                        -7.297905, 5.809488, 5.140807, 1.000000;;
                      }
                      Frame Armature_mixamorig_LeftHandThumb2 {
                        FrameTransformMatrix {
                           0.805367,-0.592458, 0.019447, 0.000000,
                           0.592334, 0.805600, 0.012227, 0.000000,
                          -0.022911, 0.001672, 0.999736, 0.000000,
                          -0.000010, 6.981905,-0.000002, 1.000000;;
                        }
                        Frame Armature_mixamorig_LeftHandThumb3 {
                          FrameTransformMatrix {
                             0.993572,-0.113174, 0.002612, 0.000000,
                             0.113199, 0.993052,-0.032142, 0.000000,
                             0.001044, 0.032231, 0.999480, 0.000000,
                             0.000005, 4.446802,-0.000014, 1.000000;;
                          }
                          Frame Armature_mixamorig_LeftHandThumb4 {
                            FrameTransformMatrix {
                               1.000000,-0.000002, 0.000003, 0.000000,
                               0.000002, 1.000000,-0.000002, 0.000000,
                              -0.000003, 0.000002, 1.000000, 0.000000,
                              -0.000005, 5.337992, 0.000003, 1.000000;;
                            }
                          } // End of Armature_mixamorig_LeftHandThumb4
                        } // End of Armature_mixamorig_LeftHandThumb3
                      } // End of Armature_mixamorig_LeftHandThumb2
                    } // End of Armature_mixamorig_LeftHandThumb1
                  } // End of Armature_mixamorig_LeftHand
                } // End of Armature_mixamorig_LeftForeArm
              } // End of Armature_mixamorig_LeftArm
            } // End of Armature_mixamorig_LeftShoulder
            Frame Armature_mixamorig_Neck {
              FrameTransformMatrix {
                 0.999218, 0.036368, 0.015494, 0.000000,
                -0.033182, 0.984661,-0.171297, 0.000000,
                -0.021486, 0.170649, 0.985098, 0.000000,
                -0.000001,29.862505,-6.856795, 1.000000;;
              }
              Frame Armature_mixamorig_Head {
                FrameTransformMatrix {
                   0.988001,-0.087309, 0.127398, 0.000000,
                  -0.114461, 0.139873, 0.983531, 0.000000,
                  -0.103691,-0.986313, 0.128201, 0.000000,
                   0.000000,15.812705, 4.504618, 1.000000;;
                }
                Frame Armature_mixamorig_HeadTop_End {
                  FrameTransformMatrix {
                     1.000000, 0.000000,-0.000000, 0.000000,
                     0.000000, 1.000000,-0.000000, 0.000000,
                    -0.000000,-0.000000, 1.000000, 0.000000,
                    -0.000000, 8.548815,-16.914207, 1.000000;;
                  }
                } // End of Armature_mixamorig_HeadTop_End
                Frame Armature_mixamorig_RightEye {
                  FrameTransformMatrix {
                    -0.000000, 1.000000, 0.000000, 0.000000,
                     0.000000,-0.000000, 1.000000, 0.000000,
                     1.000000, 0.000000,-0.000000, 0.000000,
                    -4.116899,14.065413,-5.662610, 1.000000;;
                  }
                } // End of Armature_mixamorig_RightEye
              } // End of Armature_mixamorig_Head
            } // End of Armature_mixamorig_Neck
            Frame Armature_mixamorig_RightShoulder {
              FrameTransformMatrix {
                 0.034198,-0.012338, 0.999339, 0.000000,
                -0.934136,-0.355851, 0.027573, 0.000000,
                 0.355276,-0.934461,-0.023695, 0.000000,
                -15.693203,30.527914,-14.885498, 1.000000;;
              }
              Frame Armature_mixamorig_RightArm {
                FrameTransformMatrix {
                   0.008263,-0.968343, 0.249487, 0.000000,
                   0.991469,-0.024521,-0.128013, 0.000000,
                   0.130078, 0.248416, 0.959880, 0.000000,
                   0.000002,18.001896, 0.000000, 1.000000;;
                }
                Frame Armature_mixamorig_RightForeArm {
                  FrameTransformMatrix {
                     0.879536,-0.475832,-0.000000, 0.000000,
                     0.475831, 0.879536, 0.000002, 0.000000,
                    -0.000001,-0.000002, 1.000000, 0.000000,
                    -0.000009,37.520107, 0.000006, 1.000000;;
                  }
                  Frame Armature_mixamorig_RightHand {
                    FrameTransformMatrix {
                       0.995570, 0.039549, 0.085304, 0.000000,
                      -0.040802, 0.999083, 0.012994, 0.000000,
                      -0.084712,-0.016417, 0.996270, 0.000000,
                       0.000004,41.865700,-0.000009, 1.000000;;
                    }
                    Frame Armature_mixamorig_RightHandIndex1 {
                      FrameTransformMatrix {
                         0.987562,-0.143351,-0.064581, 0.000000,
                         0.157132, 0.914119, 0.373759, 0.000000,
                         0.005456,-0.379258, 0.925275, 0.000000,
                         6.345603,17.473009, 0.144402, 1.000000;;
                      }
                      Frame Armature_mixamorig_RightHandIndex2 {
                        FrameTransformMatrix {
                           0.999999, 0.001219, 0.000006, 0.000000,
                          -0.001219, 0.999952, 0.009754, 0.000000,
                           0.000006,-0.009754, 0.999952, 0.000000,
                           0.000006, 6.305997,-0.000000, 1.000000;;
                        }
                        Frame Armature_mixamorig_RightHandIndex3 {
                          FrameTransformMatrix {
                             0.999984,-0.005624, 0.000127, 0.000000,
                             0.005624, 0.998972,-0.044988, 0.000000,
                             0.000126, 0.044988, 0.998987, 0.000000,
                            -0.000001, 5.287004, 0.000011, 1.000000;;
                          }
                          Frame Armature_mixamorig_RightHandIndex4 {
                            FrameTransformMatrix {
                               1.000000,-0.000000,-0.000000, 0.000000,
                              -0.000000, 1.000000, 0.000000, 0.000000,
                              -0.000000,-0.000000, 1.000000, 0.000000,
                               0.000003, 4.643997,-0.000006, 1.000000;;
                            }
                          } // End of Armature_mixamorig_RightHandIndex4
                        } // End of Armature_mixamorig_RightHandIndex3
                      } // End of Armature_mixamorig_RightHandIndex2
                    } // End of Armature_mixamorig_RightHandIndex1
                    Frame Armature_mixamorig_RightHandMiddle1 {
                      FrameTransformMatrix {
                         0.990296,-0.129654,-0.050038, 0.000000,
                         0.138918, 0.933820, 0.329671, 0.000000,
                         0.003983,-0.333423, 0.942769, 0.000000,
                         0.112397,18.009611,-0.440799, 1.000000;;
                      }
                      Frame Armature_mixamorig_RightHandMiddle2 {
                        FrameTransformMatrix {
                           0.999997, 0.002359, 0.000022, 0.000000,
                          -0.002359, 0.999819, 0.018873, 0.000000,
                           0.000022,-0.018873, 0.999822, 0.000000,
                           0.000001, 6.843000,-0.000001, 1.000000;;
                        }
                        Frame Armature_mixamorig_RightHandMiddle3 {
                          FrameTransformMatrix {
                             0.999962,-0.008638,-0.001026, 0.000000,
                             0.008548, 0.997623,-0.068369, 0.000000,
                             0.001614, 0.068358, 0.997660, 0.000000,
                             0.000005, 5.656003,-0.000002, 1.000000;;
                          }
                          Frame Armature_mixamorig_RightHandMiddle4 {
                            FrameTransformMatrix {
                               1.000000,-0.000000, 0.000000, 0.000000,
                              -0.000000, 1.000000,-0.000000, 0.000000,
                              -0.000000, 0.000000, 1.000000, 0.000000,
                               0.000000, 4.458008, 0.000000, 1.000000;;
                            }
                          } // End of Armature_mixamorig_RightHandMiddle4
                        } // End of Armature_mixamorig_RightHandMiddle3
                      } // End of Armature_mixamorig_RightHandMiddle2
                    } // End of Armature_mixamorig_RightHandMiddle1
                    Frame Armature_mixamorig_RightHandPinky1 {
                      FrameTransformMatrix {
                         0.993975,-0.104922,-0.031708, 0.000000,
                         0.109583, 0.957477, 0.266887, 0.000000,
                         0.002358,-0.268754, 0.963206, 0.000000,
                        -11.143708,14.820512, 0.002403, 1.000000;;
                      }
                      Frame Armature_mixamorig_RightHandPinky2 {
                        FrameTransformMatrix {
                           1.000000,-0.000000, 0.000000, 0.000000,
                           0.000000, 1.000000, 0.000000, 0.000000,
                          -0.000000,-0.000000, 1.000000, 0.000000,
                           0.000004, 5.576013, 0.000003, 1.000000;;
                        }
                        Frame Armature_mixamorig_RightHandPinky3 {
                          FrameTransformMatrix {
                             0.999897,-0.014302, 0.000821, 0.000000,
                             0.014302, 0.993332,-0.114399, 0.000000,
                             0.000821, 0.114399, 0.993435, 0.000000,
                            -0.000002, 4.089985,-0.000003, 1.000000;;
                          }
                          Frame Armature_mixamorig_RightHandPinky4 {
                            FrameTransformMatrix {
                               1.000000, 0.000000, 0.000000, 0.000000,
                               0.000000, 1.000000, 0.000000, 0.000000,
                               0.000000,-0.000000, 1.000000, 0.000000,
                              -0.000005, 4.223012, 0.000006, 1.000000;;
                            }
                          } // End of Armature_mixamorig_RightHandPinky4
                        } // End of Armature_mixamorig_RightHandPinky3
                      } // End of Armature_mixamorig_RightHandPinky2
                    } // End of Armature_mixamorig_RightHandPinky1
                    Frame Armature_mixamorig_RightHandRing1 {
                      FrameTransformMatrix {
                         0.992101,-0.119097,-0.039383, 0.000000,
                         0.125408, 0.948754, 0.290067, 0.000000,
                         0.002819,-0.292715, 0.956196, 0.000000,
                        -5.832505,16.592415,-0.117296, 1.000000;;
                      }
                      Frame Armature_mixamorig_RightHandRing2 {
                        FrameTransformMatrix {
                           0.999999, 0.001398, 0.000008, 0.000000,
                          -0.001398, 0.999936, 0.011180, 0.000000,
                           0.000008,-0.011180, 0.999937, 0.000000,
                           0.000002, 6.333003,-0.000002, 1.000000;;
                        }
                        Frame Armature_mixamorig_RightHandRing3 {
                          FrameTransformMatrix {
                             0.999930,-0.011802, 0.000213, 0.000000,
                             0.011770, 0.995489,-0.094144, 0.000000,
                             0.000899, 0.094140, 0.995559, 0.000000,
                             0.000001, 5.608993,-0.000006, 1.000000;;
                          }
                          Frame Armature_mixamorig_RightHandRing4 {
                            FrameTransformMatrix {
                               1.000000,-0.000000, 0.000000, 0.000000,
                               0.000000, 1.000000,-0.000000, 0.000000,
                               0.000000,-0.000000, 1.000000, 0.000000,
                               0.000002, 4.490023, 0.000000, 1.000000;;
                            }
                          } // End of Armature_mixamorig_RightHandRing4
                        } // End of Armature_mixamorig_RightHandRing3
                      } // End of Armature_mixamorig_RightHandRing2
                    } // End of Armature_mixamorig_RightHandRing1
                    Frame Armature_mixamorig_RightHandThumb1 {
                      FrameTransformMatrix {
                         0.907280,-0.417038, 0.054053, 0.000000,
                         0.339780, 0.802724, 0.490085, 0.000000,
                        -0.247773,-0.426279, 0.869997, 0.000000,
                         7.297802, 5.809107, 5.140999, 1.000000;;
                      }
                      Frame Armature_mixamorig_RightHandThumb2 {
                        FrameTransformMatrix {
                           0.999157, 0.040318, 0.007693, 0.000000,
                          -0.040595, 0.998375, 0.039991, 0.000000,
                          -0.006068,-0.040270, 0.999171, 0.000000,
                          -0.000002, 6.982107,-0.000011, 1.000000;;
                        }
                        Frame Armature_mixamorig_RightHandThumb3 {
                          FrameTransformMatrix {
                             0.996697,-0.080870, 0.007373, 0.000000,
                             0.081197, 0.993786,-0.076137, 0.000000,
                            -0.001170, 0.076484, 0.997070, 0.000000,
                            -0.000002, 4.446900, 0.000007, 1.000000;;
                          }
                          Frame Armature_mixamorig_RightHandThumb4 {
                            FrameTransformMatrix {
                               1.000000, 0.000001,-0.000001, 0.000000,
                              -0.000001, 1.000000,-0.000000, 0.000000,
                               0.000001, 0.000000, 1.000000, 0.000000,
                               0.000002, 5.338504, 0.000001, 1.000000;;
                            }
                          } // End of Armature_mixamorig_RightHandThumb4
                        } // End of Armature_mixamorig_RightHandThumb3
                      } // End of Armature_mixamorig_RightHandThumb2
                    } // End of Armature_mixamorig_RightHandThumb1
                  } // End of Armature_mixamorig_RightHand
                } // End of Armature_mixamorig_RightForeArm
              } // End of Armature_mixamorig_RightArm
            } // End of Armature_mixamorig_RightShoulder
          } // End of Armature_mixamorig_Spine2
        } // End of Armature_mixamorig_Spine1
      } // End of Armature_mixamorig_Spine
    } // End of Armature_mixamorig_Hips
  } // End of Armature
} // End of Root
AnimationSet Global {
  Animation {
    {Armature}
    AnimationKey { // Rotation
      0;
      129;
      0;4;-0.707107, 0.707107, 0.000000, 0.000000;;,
      1;4;-0.707107, 0.707107, 0.000000, 0.000000;;,
      2;4;-0.707107, 0.707107, 0.000000, 0.000000;;,
      3;4;-0.707107, 0.707107, 0.000000, 0.000000;;,
      4;4;-0.707107, 0.707107, 0.000000, 0.000000;;,
      5;4;-0.707107, 0.707107, 0.000000, 0.000000;;,
      6;4;-0.707107, 0.707107, 0.000000, 0.000000;;,
      7;4;-0.707107, 0.707107, 0.000000, 0.000000;;,
      8;4;-0.707107, 0.707107, 0.000000, 0.000000;;,
      9;4;-0.707107, 0.707107, 0.000000, 0.000000;;,
      10;4;-0.707107, 0.707107, 0.000000, 0.000000;;,
      11;4;-0.707107, 0.707107, 0.000000, 0.000000;;,
      12;4;-0.707107, 0.707107, 0.000000, 0.000000;;,
      13;4;-0.707107, 0.707107, 0.000000, 0.000000;;,
      14;4;-0.707107, 0.707107, 0.000000, 0.000000;;,
      15;4;-0.707107, 0.707107, 0.000000, 0.000000;;,
      16;4;-0.707107, 0.707107, 0.000000, 0.000000;;,
      17;4;-0.707107, 0.707107, 0.000000, 0.000000;;,
      18;4;-0.707107, 0.707107, 0.000000, 0.000000;;,
      19;4;-0.707107, 0.707107, 0.000000, 0.000000;;,
      20;4;-0.707107, 0.707107, 0.000000, 0.000000;;,
      21;4;-0.707107, 0.707107, 0.000000, 0.000000;;,
      22;4;-0.707107, 0.707107, 0.000000, 0.000000;;,
      23;4;-0.707107, 0.707107, 0.000000, 0.000000;;,
      24;4;-0.707107, 0.707107, 0.000000, 0.000000;;,
      25;4;-0.707107, 0.707107, 0.000000, 0.000000;;,
      26;4;-0.707107, 0.707107, 0.000000, 0.000000;;,
      27;4;-0.707107, 0.707107, 0.000000, 0.000000;;,
      28;4;-0.707107, 0.707107, 0.000000, 0.000000;;,
      29;4;-0.707107, 0.707107, 0.000000, 0.000000;;,
      30;4;-0.707107, 0.707107, 0.000000, 0.000000;;,
      31;4;-0.707107, 0.707107, 0.000000, 0.000000;;,
      32;4;-0.707107, 0.707107, 0.000000, 0.000000;;,
      33;4;-0.707107, 0.707107, 0.000000, 0.000000;;,
      34;4;-0.707107, 0.707107, 0.000000, 0.000000;;,
      35;4;-0.707107, 0.707107, 0.000000, 0.000000;;,
      36;4;-0.707107, 0.707107, 0.000000, 0.000000;;,
      37;4;-0.707107, 0.707107, 0.000000, 0.000000;;,
      38;4;-0.707107, 0.707107, 0.000000, 0.000000;;,
      39;4;-0.707107, 0.707107, 0.000000, 0.000000;;,
      40;4;-0.707107, 0.707107, 0.000000, 0.000000;;,
      41;4;-0.707107, 0.707107, 0.000000, 0.000000;;,
      42;4;-0.707107, 0.707107, 0.000000, 0.000000;;,
      43;4;-0.707107, 0.707107, 0.000000, 0.000000;;,
      44;4;-0.707107, 0.707107, 0.000000, 0.000000;;,
      45;4;-0.707107, 0.707107, 0.000000, 0.000000;;,
      46;4;-0.707107, 0.707107, 0.000000, 0.000000;;,
      47;4;-0.707107, 0.707107, 0.000000, 0.000000;;,
      48;4;-0.707107, 0.707107, 0.000000, 0.000000;;,
      49;4;-0.707107, 0.707107, 0.000000, 0.000000;;,
      50;4;-0.707107, 0.707107, 0.000000, 0.000000;;,
      51;4;-0.707107, 0.707107, 0.000000, 0.000000;;,
      52;4;-0.707107, 0.707107, 0.000000, 0.000000;;,
      53;4;-0.707107, 0.707107, 0.000000, 0.000000;;,
      54;4;-0.707107, 0.707107, 0.000000, 0.000000;;,
      55;4;-0.707107, 0.707107, 0.000000, 0.000000;;,
      56;4;-0.707107, 0.707107, 0.000000, 0.000000;;,
      57;4;-0.707107, 0.707107, 0.000000, 0.000000;;,
      58;4;-0.707107, 0.707107, 0.000000, 0.000000;;,
      59;4;-0.707107, 0.707107, 0.000000, 0.000000;;,
      60;4;-0.707107, 0.707107, 0.000000, 0.000000;;,
      61;4;-0.707107, 0.707107, 0.000000, 0.000000;;,
      62;4;-0.707107, 0.707107, 0.000000, 0.000000;;,
      63;4;-0.707107, 0.707107, 0.000000, 0.000000;;,
      64;4;-0.707107, 0.707107, 0.000000, 0.000000;;,
      65;4;-0.707107, 0.707107, 0.000000, 0.000000;;,
      66;4;-0.707107, 0.707107, 0.000000, 0.000000;;,
      67;4;-0.707107, 0.707107, 0.000000, 0.000000;;,
      68;4;-0.707107, 0.707107, 0.000000, 0.000000;;,
      69;4;-0.707107, 0.707107, 0.000000, 0.000000;;,
      70;4;-0.707107, 0.707107, 0.000000, 0.000000;;,
      71;4;-0.707107, 0.707107, 0.000000, 0.000000;;,
      72;4;-0.707107, 0.707107, 0.000000, 0.000000;;,
      73;4;-0.707107, 0.707107, 0.000000, 0.000000;;,
      74;4;-0.707107, 0.707107, 0.000000, 0.000000;;,
      75;4;-0.707107, 0.707107, 0.000000, 0.000000;;,
      76;4;-0.707107, 0.707107, 0.000000, 0.000000;;,
      77;4;-0.707107, 0.707107, 0.000000, 0.000000;;,
      78;4;-0.707107, 0.707107, 0.000000, 0.000000;;,
      79;4;-0.707107, 0.707107, 0.000000, 0.000000;;,
      80;4;-0.707107, 0.707107, 0.000000, 0.000000;;,
      81;4;-0.707107, 0.707107, 0.000000, 0.000000;;,
      82;4;-0.707107, 0.707107, 0.000000, 0.000000;;,
      83;4;-0.707107, 0.707107, 0.000000, 0.000000;;,
      84;4;-0.707107, 0.707107, 0.000000, 0.000000;;,
      85;4;-0.707107, 0.707107, 0.000000, 0.000000;;,
      86;4;-0.707107, 0.707107, 0.000000, 0.000000;;,
      87;4;-0.707107, 0.707107, 0.000000, 0.000000;;,
      88;4;-0.707107, 0.707107, 0.000000, 0.000000;;,
      89;4;-0.707107, 0.707107, 0.000000, 0.000000;;,
      90;4;-0.707107, 0.707107, 0.000000, 0.000000;;,
      91;4;-0.707107, 0.707107, 0.000000, 0.000000;;,
      92;4;-0.707107, 0.707107, 0.000000, 0.000000;;,
      93;4;-0.707107, 0.707107, 0.000000, 0.000000;;,
      94;4;-0.707107, 0.707107, 0.000000, 0.000000;;,
      95;4;-0.707107, 0.707107, 0.000000, 0.000000;;,
      96;4;-0.707107, 0.707107, 0.000000, 0.000000;;,
      97;4;-0.707107, 0.707107, 0.000000, 0.000000;;,
      98;4;-0.707107, 0.707107, 0.000000, 0.000000;;,
      99;4;-0.707107, 0.707107, 0.000000, 0.000000;;,
      100;4;-0.707107, 0.707107, 0.000000, 0.000000;;,
      101;4;-0.707107, 0.707107, 0.000000, 0.000000;;,
      102;4;-0.707107, 0.707107, 0.000000, 0.000000;;,
      103;4;-0.707107, 0.707107, 0.000000, 0.000000;;,
      104;4;-0.707107, 0.707107, 0.000000, 0.000000;;,
      105;4;-0.707107, 0.707107, 0.000000, 0.000000;;,
      106;4;-0.707107, 0.707107, 0.000000, 0.000000;;,
      107;4;-0.707107, 0.707107, 0.000000, 0.000000;;,
      108;4;-0.707107, 0.707107, 0.000000, 0.000000;;,
      109;4;-0.707107, 0.707107, 0.000000, 0.000000;;,
      110;4;-0.707107, 0.707107, 0.000000, 0.000000;;,
      111;4;-0.707107, 0.707107, 0.000000, 0.000000;;,
      112;4;-0.707107, 0.707107, 0.000000, 0.000000;;,
      113;4;-0.707107, 0.707107, 0.000000, 0.000000;;,
      114;4;-0.707107, 0.707107, 0.000000, 0.000000;;,
      115;4;-0.707107, 0.707107, 0.000000, 0.000000;;,
      116;4;-0.707107, 0.707107, 0.000000, 0.000000;;,
      117;4;-0.707107, 0.707107, 0.000000, 0.000000;;,
      118;4;-0.707107, 0.707107, 0.000000, 0.000000;;,
      119;4;-0.707107, 0.707107, 0.000000, 0.000000;;,
      120;4;-0.707107, 0.707107, 0.000000, 0.000000;;,
      121;4;-0.707107, 0.707107, 0.000000, 0.000000;;,
      122;4;-0.707107, 0.707107, 0.000000, 0.000000;;,
      123;4;-0.707107, 0.707107, 0.000000, 0.000000;;,
      124;4;-0.707107, 0.707107, 0.000000, 0.000000;;,
      125;4;-0.707107, 0.707107, 0.000000, 0.000000;;,
      126;4;-0.707107, 0.707107, 0.000000, 0.000000;;,
      127;4;-0.707107, 0.707107, 0.000000, 0.000000;;,
      128;4;-0.707107, 0.707107, 0.000000, 0.000000;;;
    }
    AnimationKey { // Scale
      1;
      129;
      0;3; 0.110000, 0.110000, 0.110000;;,
      1;3; 0.110000, 0.110000, 0.110000;;,
      2;3; 0.110000, 0.110000, 0.110000;;,
      3;3; 0.110000, 0.110000, 0.110000;;,
      4;3; 0.110000, 0.110000, 0.110000;;,
      5;3; 0.110000, 0.110000, 0.110000;;,
      6;3; 0.110000, 0.110000, 0.110000;;,
      7;3; 0.110000, 0.110000, 0.110000;;,
      8;3; 0.110000, 0.110000, 0.110000;;,
      9;3; 0.110000, 0.110000, 0.110000;;,
      10;3; 0.110000, 0.110000, 0.110000;;,
      11;3; 0.110000, 0.110000, 0.110000;;,
      12;3; 0.110000, 0.110000, 0.110000;;,
      13;3; 0.110000, 0.110000, 0.110000;;,
      14;3; 0.110000, 0.110000, 0.110000;;,
      15;3; 0.110000, 0.110000, 0.110000;;,
      16;3; 0.110000, 0.110000, 0.110000;;,
      17;3; 0.110000, 0.110000, 0.110000;;,
      18;3; 0.110000, 0.110000, 0.110000;;,
      19;3; 0.110000, 0.110000, 0.110000;;,
      20;3; 0.110000, 0.110000, 0.110000;;,
      21;3; 0.110000, 0.110000, 0.110000;;,
      22;3; 0.110000, 0.110000, 0.110000;;,
      23;3; 0.110000, 0.110000, 0.110000;;,
      24;3; 0.110000, 0.110000, 0.110000;;,
      25;3; 0.110000, 0.110000, 0.110000;;,
      26;3; 0.110000, 0.110000, 0.110000;;,
      27;3; 0.110000, 0.110000, 0.110000;;,
      28;3; 0.110000, 0.110000, 0.110000;;,
      29;3; 0.110000, 0.110000, 0.110000;;,
      30;3; 0.110000, 0.110000, 0.110000;;,
      31;3; 0.110000, 0.110000, 0.110000;;,
      32;3; 0.110000, 0.110000, 0.110000;;,
      33;3; 0.110000, 0.110000, 0.110000;;,
      34;3; 0.110000, 0.110000, 0.110000;;,
      35;3; 0.110000, 0.110000, 0.110000;;,
      36;3; 0.110000, 0.110000, 0.110000;;,
      37;3; 0.110000, 0.110000, 0.110000;;,
      38;3; 0.110000, 0.110000, 0.110000;;,
      39;3; 0.110000, 0.110000, 0.110000;;,
      40;3; 0.110000, 0.110000, 0.110000;;,
      41;3; 0.110000, 0.110000, 0.110000;;,
      42;3; 0.110000, 0.110000, 0.110000;;,
      43;3; 0.110000, 0.110000, 0.110000;;,
      44;3; 0.110000, 0.110000, 0.110000;;,
      45;3; 0.110000, 0.110000, 0.110000;;,
      46;3; 0.110000, 0.110000, 0.110000;;,
      47;3; 0.110000, 0.110000, 0.110000;;,
      48;3; 0.110000, 0.110000, 0.110000;;,
      49;3; 0.110000, 0.110000, 0.110000;;,
      50;3; 0.110000, 0.110000, 0.110000;;,
      51;3; 0.110000, 0.110000, 0.110000;;,
      52;3; 0.110000, 0.110000, 0.110000;;,
      53;3; 0.110000, 0.110000, 0.110000;;,
      54;3; 0.110000, 0.110000, 0.110000;;,
      55;3; 0.110000, 0.110000, 0.110000;;,
      56;3; 0.110000, 0.110000, 0.110000;;,
      57;3; 0.110000, 0.110000, 0.110000;;,
      58;3; 0.110000, 0.110000, 0.110000;;,
      59;3; 0.110000, 0.110000, 0.110000;;,
      60;3; 0.110000, 0.110000, 0.110000;;,
      61;3; 0.110000, 0.110000, 0.110000;;,
