xof 0303txt 0032

template XSkinMeshHeader {
  <3cf169ce-ff7c-44ab-93c0-f78f62d172e2>
  WORD nMaxSkinWeightsPerVertex;
  WORD nMaxSkinWeightsPerFace;
  WORD nBones;
}

template SkinWeights {
  <6f0d123b-bad2-4167-a0d0-80224f25fabb>
  STRING transformNodeName;
  DWORD nWeights;
  array DWORD vertexIndices[nWeights];
  array float weights[nWeights];
  Matrix4x4 matrixOffset;
}

Frame Root {
  FrameTransformMatrix {
     1.000000, 0.000000, 0.000000, 0.000000,
     0.000000,-0.000000,-1.000000, 0.000000,
     0.000000, 1.000000,-0.000000, 0.000000,
     0.000000, 0.000000, 0.000000, 1.000000;;
  }
  Frame Armature {
    FrameTransformMatrix {
       0.110000, 0.000000, 0.000000, 0.000000,
       0.000000,-0.000000, 0.110000, 0.000000,
       0.000000,-0.110000,-0.000000, 0.000000,
       0.000000, 0.000000, 0.000000, 1.000000;;
    }
    Frame Armature_mixamorig_Hips {
      FrameTransformMatrix {
         0.992788,-0.050397, 0.108774, 0.000000,
         0.052912, 0.998392,-0.020354, 0.000000,
        -0.107573, 0.025962, 0.993858, 0.000000,
         0.145583,91.893623,-1.712028, 1.000000;;
      }
      Frame Armature_mixamorig_LeftUpLeg {
        FrameTransformMatrix {
          -0.910411,-0.282598, 0.302141, 0.000000,
           0.378999,-0.862532, 0.335259, 0.000000,
           0.165864, 0.419735, 0.892358, 0.000000,
          15.658499,-8.406800, 1.467000, 1.000000;;
        }
        Frame Armature_mixamorig_LeftLeg {
          FrameTransformMatrix {
             0.999338,-0.035987, 0.005359, 0.000000,
             0.023009, 0.510972,-0.859289, 0.000000,
             0.028185, 0.858843, 0.511462, 0.000000,
            -0.000003,37.074806,-0.000002, 1.000000;;
          }
          Frame Armature_mixamorig_LeftFoot {
            FrameTransformMatrix {
               0.935362,-0.249509, 0.250687, 0.000000,
              -0.183654, 0.263110, 0.947124, 0.000000,
              -0.302274,-0.931944, 0.200279, 0.000000,
               0.000001,38.107533,-0.000001, 1.000000;;
            }
            Frame Armature_mixamorig_LeftToeBase {
              FrameTransformMatrix {
                 0.993080,-0.060294, 0.100778, 0.000000,
                -0.024461, 0.733119, 0.679660, 0.000000,
                -0.114862,-0.677422, 0.726572, 0.000000,
                 0.000002,27.500040, 0.000001, 1.000000;;
              }
              Frame Armature_mixamorig_LeftToe_End {
                FrameTransformMatrix {
                   1.000000,-0.000000,-0.000000, 0.000000,
                   0.000000, 1.000000, 0.000000, 0.000000,
                   0.000000,-0.000000, 1.000000, 0.000000,
                   0.000006,18.087687,-0.000000, 1.000000;;
                }
              } // End of Armature_mixamorig_LeftToe_End
            } // End of Armature_mixamorig_LeftToeBase
          } // End of Armature_mixamorig_LeftFoot
        } // End of Armature_mixamorig_LeftLeg
      } // End of Armature_mixamorig_LeftUpLeg
      Frame Armature_mixamorig_RightUpLeg {
        FrameTransformMatrix {
          -0.971251, 0.236268, 0.029136, 0.000000,
          -0.182978,-0.819212, 0.543515, 0.000000,
           0.152285, 0.522559, 0.838888, 0.000000,
          -15.658499,-8.406798, 1.467000, 1.000000;;
        }
        Frame Armature_mixamorig_RightLeg {
          FrameTransformMatrix {
             0.999707, 0.024171, 0.001240, 0.000000,
            -0.015722, 0.687505,-0.726010, 0.000000,
            -0.018401, 0.725778, 0.687683, 0.000000,
            -0.000002,37.074707, 0.000000, 1.000000;;
          }
          Frame Armature_mixamorig_RightFoot {
            FrameTransformMatrix {
               0.976952, 0.184625,-0.107136, 0.000000,
              -0.008581, 0.535467, 0.844512, 0.000000,
               0.213286,-0.824129, 0.524710, 0.000000,
               0.000000,38.107529, 0.000000, 1.000000;;
            }
            Frame Armature_mixamorig_RightToeBase {
              FrameTransformMatrix {
                 0.993788, 0.059289,-0.094183, 0.000000,
                 0.021931, 0.725357, 0.688023, 0.000000,
                 0.109109,-0.685815, 0.719551, 0.000000,
                 0.000003,27.500040,-0.000002, 1.000000;;
              }
              Frame Armature_mixamorig_RightToe_End {
                FrameTransformMatrix {
                   1.000000, 0.000000, 0.000000, 0.000000,
                  -0.000000, 1.000000, 0.000000, 0.000000,
                  -0.000000,-0.000000, 1.000000, 0.000000,
                  -0.000003,18.088081, 0.000000, 1.000000;;
                }
              } // End of Armature_mixamorig_RightToe_End
            } // End of Armature_mixamorig_RightToeBase
          } // End of Armature_mixamorig_RightFoot
        } // End of Armature_mixamorig_RightLeg
      } // End of Armature_mixamorig_RightUpLeg
      Frame Armature_mixamorig_Spine {
        FrameTransformMatrix {
           0.999954, 0.009546, 0.001356, 0.000000,
          -0.009635, 0.994492, 0.104373, 0.000000,
          -0.000352,-0.104381, 0.994537, 0.000000,
           0.000000,12.947403, 1.306900, 1.000000;;
        }
        Frame Armature_mixamorig_Spine1 {
          FrameTransformMatrix {
             0.999918, 0.012575, 0.002540, 0.000000,
            -0.012827, 0.982975, 0.183292, 0.000000,
            -0.000191,-0.183310, 0.983055, 0.000000,
             0.000000,11.650492, 0.000000, 1.000000;;
          }
          Frame Armature_mixamorig_Spine2 {
            FrameTransformMatrix {
               0.999918, 0.012550, 0.002658, 0.000000,
              -0.012828, 0.980886, 0.194160, 0.000000,
              -0.000170,-0.194178, 0.980966, 0.000000,
               0.000000,11.899610,-0.000001, 1.000000;;
            }
            Frame Armature_mixamorig_LeftShoulder {
              FrameTransformMatrix {
                -0.000879,-0.058681,-0.998277, 0.000000,
                 0.889098,-0.456973, 0.026080, 0.000000,
                -0.457715,-0.887543, 0.052575, 0.000000,
                15.693199,30.527609,-14.885499, 1.000000;;
              }
              Frame Armature_mixamorig_LeftArm {
                FrameTransformMatrix {
                   0.969723,-0.105734, 0.220130, 0.000000,
                  -0.035176, 0.831530, 0.554364, 0.000000,
                  -0.241660,-0.545323, 0.802635, 0.000000,
                  -0.000002,18.001997, 0.000008, 1.000000;;
                }
                Frame Armature_mixamorig_LeftForeArm {
                  FrameTransformMatrix {
                     0.557326, 0.830293, 0.000913, 0.000000,
                    -0.830287, 0.557325,-0.003412, 0.000000,
                    -0.003342, 0.001144, 0.999994, 0.000000,
                     0.000001,37.520096,-0.000001, 1.000000;;
                  }
                  Frame Armature_mixamorig_LeftHand {
                    FrameTransformMatrix {
                       0.817163,-0.226947,-0.529848, 0.000000,
                       0.029149, 0.934322,-0.355237, 0.000000,
                       0.575669, 0.274843, 0.770108, 0.000000,
                       0.000002,41.865604,-0.000001, 1.000000;;
                    }
                    Frame Armature_mixamorig_LeftHandIndex1 {
                      FrameTransformMatrix {
                         0.955836, 0.232892,-0.179272, 0.000000,
                        -0.213004, 0.969223, 0.123432, 0.000000,
                         0.202501,-0.079795, 0.976026, 0.000000,
                        -6.345702,17.472897, 0.144197, 1.000000;;
                      }
                      Frame Armature_mixamorig_LeftHandIndex2 {
                        FrameTransformMatrix {
                           0.999934,-0.011450,-0.000442, 0.000000,
                           0.011453, 0.997394, 0.071237, 0.000000,
                          -0.000375,-0.071237, 0.997459, 0.000000,
                           0.000003, 6.306504,-0.000004, 1.000000;;
                        }
                        Frame Armature_mixamorig_LeftHandIndex3 {
                          FrameTransformMatrix {
                             1.000000,-0.000000, 0.000000, 0.000000,
                             0.000000, 1.000000, 0.000000, 0.000000,
                            -0.000000,-0.000000, 1.000000, 0.000000,
                            -0.000006, 5.287010, 0.000006, 1.000000;;
                          }
                          Frame Armature_mixamorig_LeftHandIndex4 {
                            FrameTransformMatrix {
                               1.000000,-0.000000, 0.000000, 0.000000,
                              -0.000000, 1.000000,-0.000000, 0.000000,
                              -0.000000, 0.000000, 1.000000, 0.000000,
                               0.000001, 4.643595, 0.000010, 1.000000;;
                            }
                          } // End of Armature_mixamorig_LeftHandIndex4
                        } // End of Armature_mixamorig_LeftHandIndex3
                      } // End of Armature_mixamorig_LeftHandIndex2
                    } // End of Armature_mixamorig_LeftHandIndex1
                    Frame Armature_mixamorig_LeftHandMiddle1 {
                      FrameTransformMatrix {
                         0.999173,-0.026590, 0.030765, 0.000000,
                         0.025448, 0.998994, 0.036926, 0.000000,
                        -0.031715,-0.036113, 0.998844, 0.000000,
                        -0.112400,18.009899,-0.441096, 1.000000;;
                      }
                      Frame Armature_mixamorig_LeftHandMiddle2 {
                        FrameTransformMatrix {
                           0.999918, 0.012591, 0.002269, 0.000000,
                          -0.012548, 0.930586, 0.365857, 0.000000,
                           0.002495,-0.365856, 0.930668, 0.000000,
                          -0.000002, 6.842804, 0.000004, 1.000000;;
                        }
                        Frame Armature_mixamorig_LeftHandMiddle3 {
                          FrameTransformMatrix {
                             1.000000,-0.000000, 0.000000, 0.000000,
                             0.000000, 1.000000, 0.000000, 0.000000,
                            -0.000000,-0.000000, 1.000000, 0.000000,
                             0.000000, 5.656100, 0.000010, 1.000000;;
                          }
                          Frame Armature_mixamorig_LeftHandMiddle4 {
                            FrameTransformMatrix {
                               1.000000, 0.000000, 0.000000, 0.000000,
                               0.000000, 1.000000, 0.000000, 0.000000,
                              -0.000000,-0.000000, 1.000000, 0.000000,
                               0.000004, 4.457900,-0.000004, 1.000000;;
                            }
                          } // End of Armature_mixamorig_LeftHandMiddle4
                        } // End of Armature_mixamorig_LeftHandMiddle3
                      } // End of Armature_mixamorig_LeftHandMiddle2
                    } // End of Armature_mixamorig_LeftHandMiddle1
                    Frame Armature_mixamorig_LeftHandPinky1 {
                      FrameTransformMatrix {
                         0.917309,-0.388876, 0.085553, 0.000000,
                         0.294875, 0.807844, 0.510330, 0.000000,
                        -0.267569,-0.442903, 0.855713, 0.000000,
                        11.143599,14.820600, 0.001795, 1.000000;;
                      }
                      Frame Armature_mixamorig_LeftHandPinky2 {
                        FrameTransformMatrix {
                           0.995986, 0.089234, 0.007020, 0.000000,
                          -0.088519, 0.970288, 0.225181, 0.000000,
                           0.013282,-0.224898, 0.974292, 0.000000,
                           0.000006, 5.576308, 0.000003, 1.000000;;
                        }
                        Frame Armature_mixamorig_LeftHandPinky3 {
                          FrameTransformMatrix {
                             1.000000, 0.000000, 0.000000, 0.000000,
                            -0.000000, 1.000000,-0.000000, 0.000000,
                             0.000000, 0.000000, 1.000000, 0.000000,
                            -0.000002, 4.090195,-0.000003, 1.000000;;
                          }
                          Frame Armature_mixamorig_LeftHandPinky4 {
                            FrameTransformMatrix {
                               1.000000, 0.000000, 0.000000, 0.000000,
                              -0.000000, 1.000000,-0.000000, 0.000000,
                               0.000000, 0.000000, 1.000000, 0.000000,
                              -0.000004, 4.222302, 0.000007, 1.000000;;
                            }
                          } // End of Armature_mixamorig_LeftHandPinky4
                        } // End of Armature_mixamorig_LeftHandPinky3
                      } // End of Armature_mixamorig_LeftHandPinky2
                    } // End of Armature_mixamorig_LeftHandPinky1
                    Frame Armature_mixamorig_LeftHandRing1 {
                      FrameTransformMatrix {
                         0.974284,-0.224268, 0.021793, 0.000000,
                         0.208068, 0.932574, 0.294980, 0.000000,
                        -0.086478,-0.282860, 0.955255, 0.000000,
                         5.832502,16.592598,-0.117394, 1.000000;;
                      }
                      Frame Armature_mixamorig_LeftHandRing2 {
                        FrameTransformMatrix {
                           0.999233, 0.038583, 0.006673, 0.000000,
                          -0.038909, 0.959313, 0.279649, 0.000000,
                           0.004388,-0.279695, 0.960079, 0.000000,
                           0.000003, 6.332908,-0.000005, 1.000000;;
                        }
                        Frame Armature_mixamorig_LeftHandRing3 {
                          FrameTransformMatrix {
                             1.000000, 0.000000, 0.000000, 0.000000,
                            -0.000000, 1.000000, 0.000000, 0.000000,
                             0.000000,-0.000000, 1.000000, 0.000000,
                            -0.000002, 5.608903, 0.000006, 1.000000;;
                          }
                          Frame Armature_mixamorig_LeftHandRing4 {
                            FrameTransformMatrix {
                               1.000000,-0.000000, 0.000000, 0.000000,
                              -0.000000, 1.000000, 0.000000, 0.000000,
                               0.000000, 0.000000, 1.000000, 0.000000,
                              -0.000005, 4.489691, 0.000007, 1.000000;;
                            }
                          } // End of Armature_mixamorig_LeftHandRing4
                        } // End of Armature_mixamorig_LeftHandRing3
                      } // End of Armature_mixamorig_LeftHandRing2
                    } // End of Armature_mixamorig_LeftHandRing1
                    Frame Armature_mixamorig_LeftHandThumb1 {
                      FrameTransformMatrix {
                         0.722883, 0.681195, 0.115813, 0.000000,
                        -0.634185, 0.587549, 0.502588, 0.000000,
                         0.274315,-0.436760, 0.856733, 0.000000,
                        -7.297903, 5.809494, 5.140811, 1.000000;;
                      }
                      Frame Armature_mixamorig_LeftHandThumb2 {
                        FrameTransformMatrix {
                           0.999989,-0.004422, 0.001757, 0.000000,
                           0.004492, 0.999087,-0.042477, 0.000000,
                          -0.001568, 0.042484, 0.999096, 0.000000,
                          -0.000002, 6.981907, 0.000000, 1.000000;;
                        }
                        Frame Armature_mixamorig_LeftHandThumb3 {
                          FrameTransformMatrix {
                             1.000000, 0.000001,-0.000002, 0.000000,
                            -0.000001, 1.000000, 0.000001, 0.000000,
                             0.000002,-0.000001, 1.000000, 0.000000,
                             0.000000, 4.446799, 0.000002, 1.000000;;
                          }
                          Frame Armature_mixamorig_LeftHandThumb4 {
                            FrameTransformMatrix {
                               1.000000,-0.000002, 0.000003, 0.000000,
                               0.000002, 1.000000,-0.000002, 0.000000,
                              -0.000003, 0.000002, 1.000000, 0.000000,
                              -0.000003, 5.337988,-0.000006, 1.000000;;
                            }
                          } // End of Armature_mixamorig_LeftHandThumb4
                        } // End of Armature_mixamorig_LeftHandThumb3
                      } // End of Armature_mixamorig_LeftHandThumb2
                    } // End of Armature_mixamorig_LeftHandThumb1
                  } // End of Armature_mixamorig_LeftHand
                } // End of Armature_mixamorig_LeftForeArm
              } // End of Armature_mixamorig_LeftArm
            } // End of Armature_mixamorig_LeftShoulder
            Frame Armature_mixamorig_Neck {
              FrameTransformMatrix {
                 0.997908, 0.053102,-0.036872, 0.000000,
                -0.058916, 0.981801,-0.180544, 0.000000,
                 0.026613, 0.182339, 0.982875, 0.000000,
                -0.000000,29.862494,-6.856791, 1.000000;;
              }
              Frame Armature_mixamorig_Head {
                FrameTransformMatrix {
                   0.996703,-0.061649,-0.052746, 0.000000,
                   0.068829, 0.298275, 0.951995, 0.000000,
                  -0.042957,-0.952487, 0.301535, 0.000000,
                   0.000001,15.812696, 4.504604, 1.000000;;
                }
                Frame Armature_mixamorig_HeadTop_End {
                  FrameTransformMatrix {
                     1.000000, 0.000000, 0.000000, 0.000000,
                    -0.000000, 1.000000, 0.000000, 0.000000,
                     0.000000,-0.000000, 1.000000, 0.000000,
                    -0.000000, 8.548803,-16.914207, 1.000000;;
                  }
                } // End of Armature_mixamorig_HeadTop_End
                Frame Armature_mixamorig_RightEye {
                  FrameTransformMatrix {
                    -0.000000, 1.000000, 0.000000, 0.000000,
                     0.000000,-0.000000, 1.000000, 0.000000,
                     1.000000, 0.000000,-0.000000, 0.000000,
                    -4.116900,14.065405,-5.662594, 1.000000;;
                  }
                } // End of Armature_mixamorig_RightEye
              } // End of Armature_mixamorig_Head
            } // End of Armature_mixamorig_Neck
            Frame Armature_mixamorig_RightShoulder {
              FrameTransformMatrix {
                 0.110873,-0.164565, 0.980115, 0.000000,
                -0.731701,-0.680895,-0.031553, 0.000000,
                 0.672548,-0.713653,-0.195905, 0.000000,
                -15.693199,30.527901,-14.885499, 1.000000;;
              }
              Frame Armature_mixamorig_RightArm {
                FrameTransformMatrix {
                   0.969068, 0.084598,-0.231839, 0.000000,
                  -0.046915, 0.985430, 0.163485, 0.000000,
                   0.242291,-0.147551, 0.958918, 0.000000,
                  -0.000005,18.001886,-0.000002, 1.000000;;
                }
                Frame Armature_mixamorig_RightForeArm {
                  FrameTransformMatrix {
                     0.569911,-0.821706, 0.000015, 0.000000,
                     0.821703, 0.569909,-0.002909, 0.000000,
                     0.002382, 0.001671, 0.999996, 0.000000,
                    -0.000005,37.520103, 0.000006, 1.000000;;
                  }
                  Frame Armature_mixamorig_RightHand {
                    FrameTransformMatrix {
                       0.895647,-0.211604, 0.391204, 0.000000,
                       0.290812, 0.944121,-0.155125, 0.000000,
                      -0.336519, 0.252704, 0.907136, 0.000000,
                       0.000004,41.865707,-0.000002, 1.000000;;
                    }
                    Frame Armature_mixamorig_RightHandIndex1 {
                      FrameTransformMatrix {
                         0.979587,-0.172772, 0.102758, 0.000000,
                         0.153080, 0.972461, 0.175740, 0.000000,
                        -0.130291,-0.156423, 0.979059, 0.000000,
                         6.345600,17.473019, 0.144412, 1.000000;;
                      }
                      Frame Armature_mixamorig_RightHandIndex2 {
                        FrameTransformMatrix {
                           0.999924, 0.012337, 0.000064, 0.000000,
                          -0.012137, 0.982785, 0.184352, 0.000000,
                           0.002212,-0.184338, 0.982860, 0.000000,
                          -0.000005, 6.306002,-0.000004, 1.000000;;
                        }
                        Frame Armature_mixamorig_RightHandIndex3 {
                          FrameTransformMatrix {
                             1.000000, 0.000000,-0.000000, 0.000000,
                            -0.000000, 1.000000,-0.000000, 0.000000,
                             0.000000, 0.000000, 1.000000, 0.000000,
                             0.000002, 5.287001, 0.000004, 1.000000;;
                          }
                          Frame Armature_mixamorig_RightHandIndex4 {
                            FrameTransformMatrix {
                               1.000000,-0.000000,-0.000000, 0.000000,
                              -0.000000, 1.000000, 0.000000, 0.000000,
                               0.000000,-0.000000, 1.000000, 0.000000,
                               0.000000, 4.644000,-0.000005, 1.000000;;
                            }
                          } // End of Armature_mixamorig_RightHandIndex4
                        } // End of Armature_mixamorig_RightHandIndex3
                      } // End of Armature_mixamorig_RightHandIndex2
                    } // End of Armature_mixamorig_RightHandIndex1
                    Frame Armature_mixamorig_RightHandMiddle1 {
                      FrameTransformMatrix {
                         0.993095, 0.114568, 0.025237, 0.000000,
                        -0.115608, 0.992295, 0.044546, 0.000000,
                        -0.019939,-0.047156, 0.998688, 0.000000,
                         0.112400,18.009619,-0.440795, 1.000000;;
                      }
                      Frame Armature_mixamorig_RightHandMiddle2 {
                        FrameTransformMatrix {
                           0.999901,-0.013281,-0.004653, 0.000000,
                           0.014049, 0.961373, 0.274892, 0.000000,
                           0.000822,-0.274930, 0.961464, 0.000000,
                           0.000002, 6.842999,-0.000005, 1.000000;;
                        }
                        Frame Armature_mixamorig_RightHandMiddle3 {
                          FrameTransformMatrix {
                             1.000000, 0.000000, 0.000000, 0.000000,
                            -0.000000, 1.000000, 0.000000, 0.000000,
                            -0.000000,-0.000000, 1.000000, 0.000000,
                            -0.000002, 5.656001,-0.000004, 1.000000;;
                          }
                          Frame Armature_mixamorig_RightHandMiddle4 {
                            FrameTransformMatrix {
                               1.000000, 0.000000, 0.000000, 0.000000,
                              -0.000000, 1.000000,-0.000000, 0.000000,
                               0.000000, 0.000000, 1.000000, 0.000000,
                              -0.000001, 4.458007,-0.000004, 1.000000;;
                            }
                          } // End of Armature_mixamorig_RightHandMiddle4
                        } // End of Armature_mixamorig_RightHandMiddle3
                      } // End of Armature_mixamorig_RightHandMiddle2
                    } // End of Armature_mixamorig_RightHandMiddle1
                    Frame Armature_mixamorig_RightHandPinky1 {
                      FrameTransformMatrix {
                         0.879282, 0.476295, 0.002408, 0.000000,
                        -0.462321, 0.852247, 0.244816, 0.000000,
                         0.114553,-0.216376, 0.969566, 0.000000,
                        -11.143703,14.820515, 0.002417, 1.000000;;
                      }
                      Frame Armature_mixamorig_RightHandPinky2 {
                        FrameTransformMatrix {
                           0.994304,-0.106281,-0.007988, 0.000000,
                           0.096861, 0.869824, 0.483759, 0.000000,
                          -0.044466,-0.481778, 0.875165, 0.000000,
                          -0.000000, 5.576011,-0.000003, 1.000000;;
                        }
                        Frame Armature_mixamorig_RightHandPinky3 {
                          FrameTransformMatrix {
                             1.000000,-0.000000,-0.000000, 0.000000,
                             0.000000, 1.000000,-0.000000, 0.000000,
                            -0.000000, 0.000000, 1.000000, 0.000000,
                            -0.000002, 4.089984, 0.000005, 1.000000;;
                          }
                          Frame Armature_mixamorig_RightHandPinky4 {
                            FrameTransformMatrix {
                               1.000000, 0.000000, 0.000000, 0.000000,
                              -0.000000, 1.000000, 0.000000, 0.000000,
                              -0.000000,-0.000000, 1.000000, 0.000000,
                               0.000002, 4.223002,-0.000009, 1.000000;;
                            }
                          } // End of Armature_mixamorig_RightHandPinky4
                        } // End of Armature_mixamorig_RightHandPinky3
                      } // End of Armature_mixamorig_RightHandPinky2
                    } // End of Armature_mixamorig_RightHandPinky1
                    Frame Armature_mixamorig_RightHandRing1 {
                      FrameTransformMatrix {
                         0.980722, 0.193822, 0.024833, 0.000000,
                        -0.195383, 0.974628, 0.109200, 0.000000,
                        -0.003038,-0.111947, 0.993710, 0.000000,
                        -5.832503,16.592417,-0.117297, 1.000000;;
                      }
                      Frame Armature_mixamorig_RightHandRing2 {
                        FrameTransformMatrix {
                           0.998822,-0.048515, 0.000734, 0.000000,
                           0.044062, 0.913268, 0.404969, 0.000000,
                          -0.020318,-0.404460, 0.914330, 0.000000,
                          -0.000011, 6.332999, 0.000001, 1.000000;;
                        }
                        Frame Armature_mixamorig_RightHandRing3 {
                          FrameTransformMatrix {
                             1.000000,-0.000000,-0.000000, 0.000000,
                             0.000000, 1.000000, 0.000000, 0.000000,
                             0.000000, 0.000000, 1.000000, 0.000000,
                            -0.000003, 5.608991,-0.000002, 1.000000;;
                          }
                          Frame Armature_mixamorig_RightHandRing4 {
                            FrameTransformMatrix {
                               1.000000, 0.000000, 0.000000, 0.000000,
                              -0.000000, 1.000000, 0.000000, 0.000000,
                               0.000000,-0.000000, 1.000000, 0.000000,
                              -0.000002, 4.490020, 0.000003, 1.000000;;
                            }
                          } // End of Armature_mixamorig_RightHandRing4
                        } // End of Armature_mixamorig_RightHandRing3
                      } // End of Armature_mixamorig_RightHandRing2
                    } // End of Armature_mixamorig_RightHandRing1
                    Frame Armature_mixamorig_RightHandThumb1 {
                      FrameTransformMatrix {
                         0.714441,-0.699349, 0.022024, 0.000000,
                         0.523444, 0.555097, 0.646431, 0.000000,
                        -0.464307,-0.450308, 0.762654, 0.000000,
                         7.297808, 5.809107, 5.141008, 1.000000;;
                      }
                      Frame Armature_mixamorig_RightHandThumb2 {
                        FrameTransformMatrix {
                           0.999992, 0.003785,-0.000847, 0.000000,
                          -0.003814, 0.999246,-0.038637, 0.000000,
                           0.000700, 0.038640, 0.999253, 0.000000,
                          -0.000004, 6.982107, 0.000000, 1.000000;;
                        }
                        Frame Armature_mixamorig_RightHandThumb3 {
                          FrameTransformMatrix {
                             1.000000, 0.000000,-0.000000, 0.000000,
                            -0.000000, 1.000000, 0.000001, 0.000000,
                             0.000000,-0.000001, 1.000000, 0.000000,
                            -0.000002, 4.446884, 0.000001, 1.000000;;
                          }
                          Frame Armature_mixamorig_RightHandThumb4 {
                            FrameTransformMatrix {
                               1.000000, 0.000001,-0.000001, 0.000000,
                              -0.000001, 1.000000,-0.000000, 0.000000,
                               0.000001, 0.000000, 1.000000, 0.000000,
                               0.000003, 5.338496, 0.000003, 1.000000;;
                            }
                          } // End of Armature_mixamorig_RightHandThumb4
                        } // End of Armature_mixamorig_RightHandThumb3
                      } // End of Armature_mixamorig_RightHandThumb2
                    } // End of Armature_mixamorig_RightHandThumb1
                  } // End of Armature_mixamorig_RightHand
                } // End of Armature_mixamorig_RightForeArm
              } // End of Armature_mixamorig_RightArm
            } // End of Armature_mixamorig_RightShoulder
          } // End of Armature_mixamorig_Spine2
        } // End of Armature_mixamorig_Spine1
      } // End of Armature_mixamorig_Spine
    } // End of Armature_mixamorig_Hips
  } // End of Armature
} // End of Root
AnimationSet Global {
  Animation {
    {Armature}
    AnimationKey { // Rotation
      0;
      44;
      0;4;-0.707107, 0.707107, 0.000000, 0.000000;;,
      1;4;-0.707107, 0.707107, 0.000000, 0.000000;;,
      2;4;-0.707107, 0.707107, 0.000000, 0.000000;;,
      3;4;-0.707107, 0.707107, 0.000000, 0.000000;;,
      4;4;-0.707107, 0.707107, 0.000000, 0.000000;;,
      5;4;-0.707107, 0.707107, 0.000000, 0.000000;;,
      6;4;-0.707107, 0.707107, 0.000000, 0.000000;;,
      7;4;-0.707107, 0.707107, 0.000000, 0.000000;;,
      8;4;-0.707107, 0.707107, 0.000000, 0.000000;;,
      9;4;-0.707107, 0.707107, 0.000000, 0.000000;;,
      10;4;-0.707107, 0.707107, 0.000000, 0.000000;;,
      11;4;-0.707107, 0.707107, 0.000000, 0.000000;;,
      12;4;-0.707107, 0.707107, 0.000000, 0.000000;;,
      13;4;-0.707107, 0.707107, 0.000000, 0.000000;;,
      14;4;-0.707107, 0.707107, 0.000000, 0.000000;;,
      15;4;-0.707107, 0.707107, 0.000000, 0.000000;;,
      16;4;-0.707107, 0.707107, 0.000000, 0.000000;;,
      17;4;-0.707107, 0.707107, 0.000000, 0.000000;;,
      18;4;-0.707107, 0.707107, 0.000000, 0.000000;;,
      19;4;-0.707107, 0.707107, 0.000000, 0.000000;;,
      20;4;-0.707107, 0.707107, 0.000000, 0.000000;;,
      21;4;-0.707107, 0.707107, 0.000000, 0.000000;;,
      22;4;-0.707107, 0.707107, 0.000000, 0.000000;;,
      23;4;-0.707107, 0.707107, 0.000000, 0.000000;;,
      24;4;-0.707107, 0.707107, 0.000000, 0.000000;;,
      25;4;-0.707107, 0.707107, 0.000000, 0.000000;;,
      26;4;-0.707107, 0.707107, 0.000000, 0.000000;;,
      27;4;-0.707107, 0.707107, 0.000000, 0.000000;;,
      28;4;-0.707107, 0.707107, 0.000000, 0.000000;;,
      29;4;-0.707107, 0.707107, 0.000000, 0.000000;;,
      30;4;-0.707107, 0.707107, 0.000000, 0.000000;;,
      31;4;-0.707107, 0.707107, 0.000000, 0.000000;;,
      32;4;-0.707107, 0.707107, 0.000000, 0.000000;;,
      33;4;-0.707107, 0.707107, 0.000000, 0.000000;;,
      34;4;-0.707107, 0.707107, 0.000000, 0.000000;;,
      35;4;-0.707107, 0.707107, 0.000000, 0.000000;;,
      36;4;-0.707107, 0.707107, 0.000000, 0.000000;;,
      37;4;-0.707107, 0.707107, 0.000000, 0.000000;;,
      38;4;-0.707107, 0.707107, 0.000000, 0.000000;;,
      39;4;-0.707107, 0.707107, 0.000000, 0.000000;;,
      40;4;-0.707107, 0.707107, 0.000000, 0.000000;;,
      41;4;-0.707107, 0.707107, 0.000000, 0.000000;;,
      42;4;-0.707107, 0.707107, 0.000000, 0.000000;;,
      43;4;-0.707107, 0.707107, 0.000000, 0.000000;;;
    }
    AnimationKey { // Scale
      1;
      44;
      0;3; 0.110000, 0.110000, 0.110000;;,
      1;3; 0.110000, 0.110000, 0.110000;;,
      2;3; 0.110000, 0.110000, 0.110000;;,
      3;3; 0.110000, 0.110000, 0.110000;;,
      4;3; 0.110000, 0.110000, 0.110000;;,
      5;3; 0.110000, 0.110000, 0.110000;;,
      6;3; 0.110000, 0.110000, 0.110000;;,
      7;3; 0.110000, 0.110000, 0.110000;;,
      8;3; 0.110000, 0.110000, 0.110000;;,
      9;3; 0.110000, 0.110000, 0.110000;;,
      10;3; 0.110000, 0.110000, 0.110000;;,
      11;3; 0.110000, 0.110000, 0.110000;;,
      12;3; 0.110000, 0.110000, 0.110000;;,
      13;3; 0.110000, 0.110000, 0.110000;;,
      14;3; 0.110000, 0.110000, 0.110000;;,
      15;3; 0.110000, 0.110000, 0.110000;;,
      16;3; 0.110000, 0.110000, 0.110000;;,
      17;3; 0.110000, 0.110000, 0.110000;;,
      18;3; 0.110000, 0.110000, 0.110000;;,
      19;3; 0.110000, 0.110000, 0.110000;;,
      20;3; 0.110000, 0.110000, 0.110000;;,
      21;3; 0.110000, 0.110000, 0.110000;;,
      22;3; 0.110000, 0.110000, 0.110000;;,
      23;3; 0.110000, 0.110000, 0.110000;;,
      24;3; 0.110000, 0.110000, 0.110000;;,
      25;3; 0.110000, 0.110000, 0.110000;;,
      26;3; 0.110000, 0.110000, 0.110000;;,
      27;3; 0.110000, 0.110000, 0.110000;;,
      28;3; 0.110000, 0.110000, 0.110000;;,
      29;3; 0.110000, 0.110000, 0.110000;;,
      30;3; 0.110000, 0.110000, 0.110000;;,
      31;3; 0.110000, 0.110000, 0.110000;;,
      32;3; 0.110000, 0.110000, 0.110000;;,
      33;3; 0.110000, 0.110000, 0.110000;;,
      34;3; 0.110000, 0.110000, 0.110000;;,
      35;3; 0.110000, 0.110000, 0.110000;;,
      36;3; 0.110000, 0.110000, 0.110000;;,
      37;3; 0.110000, 0.110000, 0.110000;;,
      38;3; 0.110000, 0.110000, 0.110000;;,
      39;3; 0.110000, 0.110000, 0.110000;;,
      40;3; 0.110000, 0.110000, 0.110000;;,
      41;3; 0.110000, 0.110000, 0.110000;;,
      42;3; 0.110000, 0.110000, 0.110000;;,
      43;3; 0.110000, 0.110000, 0.110000;;;
    }
    AnimationKey { // Position
      2;
      44;
      0;3; 0.000000, 0.000000, 0.000000;;,
      1;3; 0.000000, 0.000000, 0.000000;;,
      2;3; 0.000000, 0.000000, 0.000000;;,
      3;3; 0.000000, 0.000000, 0.000000;;,
      4;3; 0.000000, 0.000000, 0.000000;;,
      5;3; 0.000000, 0.000000, 0.000000;;,
      6;3; 0.000000, 0.000000, 0.000000;;,
      7;3; 0.000000, 0.000000, 0.000000;;,
      8;3; 0.000000, 0.000000, 0.000000;;,
      9;3; 0.000000, 0.000000, 0.000000;;,
      10;3; 0.000000, 0.000000, 0.000000;;,
      11;3; 0.000000, 0.000000, 0.000000;;,
      12;3; 0.000000, 0.000000, 0.000000;;,
      13;3; 0.000000, 0.000000, 0.000000;;,
      14;3; 0.000000, 0.000000, 0.000000;;,
      15;3; 0.000000, 0.000000, 0.000000;;,
      16;3; 0.000000, 0.000000, 0.000000;;,
      17;3; 0.000000, 0.000000, 0.000000;;,
      18;3; 0.000000, 0.000000, 0.000000;;,
      19;3; 0.000000, 0.000000, 0.000000;;,
      20;3; 0.000000, 0.000000, 0.000000;;,
      21;3; 0.000000, 0.000000, 0.000000;;,
      22;3; 0.000000, 0.000000, 0.000000;;,
      23;3; 0.000000, 0.000000, 0.000000;;,
      24;3; 0.000000, 0.000000, 0.000000;;,
      25;3; 0.000000, 0.000000, 0.000000;;,
      26;3; 0.000000, 0.000000, 0.000000;;,
      27;3; 0.000000, 0.000000, 0.000000;;,
      28;3; 0.000000, 0.000000, 0.000000;;,
      29;3; 0.000000, 0.000000, 0.000000;;,
      30;3; 0.000000, 0.000000, 0.000000;;,
      31;3; 0.000000, 0.000000, 0.000000;;,
      32;3; 0.000000, 0.000000, 0.000000;;,
      33;3; 0.000000, 0.000000, 0.000000;;,
      34;3; 0.000000, 0.000000, 0.000000;;,
      35;3; 0.000000, 0.000000, 0.000000;;,
      36;3; 0.000000, 0.000000, 0.000000;;,
      37;3; 0.000000, 0.000000, 0.000000;;,
      38;3; 0.000000, 0.000000, 0.000000;;,
      39;3; 0.000000, 0.000000, 0.000000;;,
      40;3; 0.000000, 0.000000, 0.000000;;,
      41;3; 0.000000, 0.000000, 0.000000;;,
      42;3; 0.000000, 0.000000, 0.000000;;,
      43;3; 0.000000, 0.000000, 0.000000;;;
    }
  }
  Animation {
    {Armature_mixamorig_Hips}
    AnimationKey { // Rotation
      0;
      44;
      0;4;-0.998128,-0.011601,-0.054188,-0.025876;;,
      1;4;-0.997893,-0.013222,-0.056208,-0.029576;;,
      2;4;-0.997693,-0.016092,-0.056410,-0.034160;;,
      3;4;-0.997481,-0.021197,-0.056790,-0.036851;;,
      4;4;-0.996693,-0.028913,-0.066071,-0.037449;;,
      5;4;-0.994232,-0.038992,-0.091427,-0.040300;;,
      6;4;-0.989450,-0.051752,-0.126167,-0.048921;;,
      7;4;-0.983989,-0.067856,-0.153034,-0.061162;;,
      8;4;-0.980362,-0.085570,-0.161628,-0.073785;;,
      9;4;-0.979064,-0.098805,-0.155355,-0.086817;;,
      10;4;-0.978924,-0.102777,-0.144083,-0.101903;;,
      11;4;-0.978216,-0.100215,-0.136331,-0.120270;;,
      12;4;-0.976188,-0.096692,-0.136180,-0.138428;;,
      13;4;-0.974004,-0.090470,-0.140059,-0.153346;;,
      14;4;-0.972943,-0.077521,-0.142690,-0.164355;;,
      15;4;-0.972776,-0.060568,-0.142834,-0.172156;;,
      16;4;-0.973153,-0.045340,-0.140462,-0.176600;;,
      17;4;-0.974365,-0.032753,-0.134792,-0.177121;;,
      18;4;-0.976629,-0.020764,-0.126299,-0.172662;;,
      19;4;-0.979660,-0.009702,-0.117542,-0.162346;;,
      20;4;-0.982905,-0.002240,-0.111723,-0.146324;;,
      21;4;-0.985674, 0.000425,-0.111356,-0.126673;;,
      22;4;-0.987432, 0.000348,-0.115909,-0.107442;;,
      23;4;-0.988383, 0.000939,-0.120375,-0.092780;;,
      24;4;-0.989494, 0.004213,-0.118051,-0.083350;;,
      25;4;-0.991367, 0.010167,-0.106933,-0.075190;;,
      26;4;-0.993496, 0.018029,-0.092020,-0.064592;;,
      27;4;-0.995129, 0.026041,-0.079251,-0.052530;;,
      28;4;-0.996196, 0.031204,-0.069154,-0.042870;;,
      29;4;-0.997039, 0.031636,-0.059242,-0.037456;;,
      30;4;-0.997710, 0.028510,-0.050192,-0.035259;;,
      31;4;-0.998066, 0.024272,-0.045372,-0.034865;;,
      32;4;-0.998150, 0.020252,-0.045788,-0.034506;;,
      33;4;-0.998160, 0.016535,-0.048712,-0.032096;;,
      34;4;-0.998243, 0.013318,-0.050689,-0.027660;;,
      35;4;-0.998348, 0.010650,-0.050795,-0.024674;;,
      36;4;-0.998395, 0.007964,-0.050367,-0.024664;;,
      37;4;-0.998385, 0.005119,-0.050643,-0.025249;;,
      38;4;-0.998377, 0.002433,-0.051351,-0.024511;;,
      39;4;-0.998397,-0.000250,-0.051585,-0.023278;;,
      40;4;-0.998419,-0.003177,-0.051268,-0.022817;;,
      41;4;-0.998395,-0.006188,-0.051280,-0.023228;;,
      42;4;-0.998293,-0.009057,-0.052347,-0.024264;;,
      43;4;-0.998128,-0.011601,-0.054188,-0.025876;;;
    }
    AnimationKey { // Scale
      1;
      44;
      0;3; 1.000000, 1.000000, 1.000000;;,
      1;3; 1.000000, 1.000000, 1.000000;;,
      2;3; 1.000000, 1.000000, 1.000000;;,
      3;3; 1.000000, 1.000000, 1.000000;;,
      4;3; 1.000000, 1.000000, 1.000000;;,
      5;3; 1.000000, 1.000000, 1.000000;;,
      6;3; 1.000000, 1.000000, 1.000000;;,
      7;3; 1.000000, 1.000000, 1.000000;;,
      8;3; 1.000000, 1.000000, 1.000000;;,
      9;3; 1.000000, 1.000000, 1.000000;;,
      10;3; 1.000000, 1.000000, 1.000000;;,
      11;3; 1.000000, 1.000000, 1.000000;;,
      12;3; 1.000000, 1.000000, 1.000000;;,
      13;3; 1.000000, 1.000000, 1.000000;;,
      14;3; 1.000000, 1.000000, 1.000000;;,
      15;3; 1.000000, 1.000000, 1.000000;;,
      16;3; 1.000000, 1.000000, 1.000000;;,
      17;3; 1.000000, 1.000000, 1.000000;;,
      18;3; 1.000000, 1.000000, 1.000000;;,
      19;3; 1.000000, 1.000000, 1.000000;;,
      20;3; 1.000000, 1.000000, 1.000000;;,
