xof 0303txt 0032

template XSkinMeshHeader {
  <3cf169ce-ff7c-44ab-93c0-f78f62d172e2>
  WORD nMaxSkinWeightsPerVertex;
  WORD nMaxSkinWeightsPerFace;
  WORD nBones;
}

template SkinWeights {
  <6f0d123b-bad2-4167-a0d0-80224f25fabb>
  STRING transformNodeName;
  DWORD nWeights;
  array DWORD vertexIndices[nWeights];
  array float weights[nWeights];
  Matrix4x4 matrixOffset;
}

Frame Root {
  FrameTransformMatrix {
     1.000000, 0.000000, 0.000000, 0.000000,
     0.000000,-0.000000,-1.000000, 0.000000,
     0.000000, 1.000000,-0.000000, 0.000000,
     0.000000, 0.000000, 0.000000, 1.000000;;
  }
  Frame Armature {
    FrameTransformMatrix {
       0.110000, 0.000000, 0.000000, 0.000000,
       0.000000,-0.000000, 0.110000, 0.000000,
       0.000000,-0.110000,-0.000000, 0.000000,
       0.000000, 0.000000, 0.000000, 1.000000;;
    }
    Frame Armature_mixamorig_Hips {
      FrameTransformMatrix {
         0.691745, 0.063682, 0.719328, 0.000000,
         0.002960, 0.995846,-0.091009, 0.000000,
        -0.722136, 0.065084, 0.688683, 0.000000,
         1.946299,81.014282,-2.122467, 1.000000;;
      }
      Frame Armature_mixamorig_LeftUpLeg {
        FrameTransformMatrix {
          -0.936663,-0.228668, 0.265280, 0.000000,
           0.346830,-0.710935, 0.611783, 0.000000,
           0.048702, 0.665043, 0.745210, 0.000000,
          15.658499,-8.406805, 1.466998, 1.000000;;
        }
        Frame Armature_mixamorig_LeftLeg {
          FrameTransformMatrix {
             0.988656,-0.093853,-0.117267, 0.000000,
            -0.096118, 0.204612,-0.974113, 0.000000,
             0.115418, 0.974333, 0.193270, 0.000000,
            -0.000002,37.074818, 0.000003, 1.000000;;
          }
          Frame Armature_mixamorig_LeftFoot {
            FrameTransformMatrix {
               0.981706,-0.185648,-0.042279, 0.000000,
               0.081170, 0.207199, 0.974926, 0.000000,
              -0.172233,-0.960522, 0.218478, 0.000000,
              -0.000000,38.107529, 0.000001, 1.000000;;
            }
            Frame Armature_mixamorig_LeftToeBase {
              FrameTransformMatrix {
                 0.992988,-0.063835, 0.099500, 0.000000,
                -0.025433, 0.706612, 0.707144, 0.000000,
                -0.115449,-0.704716, 0.700033, 0.000000,
                 0.000002,27.500040, 0.000001, 1.000000;;
              }
              Frame Armature_mixamorig_LeftToe_End {
                FrameTransformMatrix {
                   1.000000,-0.000000,-0.000000, 0.000000,
                   0.000000, 1.000000, 0.000000, 0.000000,
                   0.000000,-0.000000, 1.000000, 0.000000,
                   0.000003,18.087685,-0.000000, 1.000000;;
                }
              } // End of Armature_mixamorig_LeftToe_End
            } // End of Armature_mixamorig_LeftToeBase
          } // End of Armature_mixamorig_LeftFoot
        } // End of Armature_mixamorig_LeftLeg
      } // End of Armature_mixamorig_LeftUpLeg
      Frame Armature_mixamorig_RightUpLeg {
        FrameTransformMatrix {
          -0.837367, 0.439073,-0.325625, 0.000000,
          -0.538489,-0.765051, 0.353165, 0.000000,
          -0.094055, 0.471074, 0.877059, 0.000000,
          -15.658499,-8.406807, 1.467001, 1.000000;;
        }
        Frame Armature_mixamorig_RightLeg {
          FrameTransformMatrix {
             0.986586,-0.147847, 0.069204, 0.000000,
             0.095948, 0.182217,-0.978566, 0.000000,
             0.132068, 0.972079, 0.193959, 0.000000,
            -0.000003,37.074711, 0.000002, 1.000000;;
          }
          Frame Armature_mixamorig_RightFoot {
            FrameTransformMatrix {
               0.885113, 0.462633,-0.050451, 0.000000,
               0.001004, 0.106510, 0.994311, 0.000000,
               0.465375,-0.880128, 0.093809, 0.000000,
               0.000000,38.107529,-0.000002, 1.000000;;
            }
            Frame Armature_mixamorig_RightToeBase {
              FrameTransformMatrix {
                 0.993654, 0.059730,-0.095309, 0.000000,
                 0.022389, 0.725358, 0.688007, 0.000000,
                 0.110228,-0.685775, 0.719418, 0.000000,
                -0.000001,27.500036, 0.000001, 1.000000;;
              }
              Frame Armature_mixamorig_RightToe_End {
                FrameTransformMatrix {
                   1.000000, 0.000000, 0.000000, 0.000000,
                  -0.000000, 1.000000, 0.000000, 0.000000,
                  -0.000000,-0.000000, 1.000000, 0.000000,
                   0.000001,18.088072,-0.000000, 1.000000;;
                }
              } // End of Armature_mixamorig_RightToe_End
            } // End of Armature_mixamorig_RightToeBase
          } // End of Armature_mixamorig_RightFoot
        } // End of Armature_mixamorig_RightLeg
      } // End of Armature_mixamorig_RightUpLeg
      Frame Armature_mixamorig_Spine {
        FrameTransformMatrix {
           0.991741,-0.007207,-0.128054, 0.000000,
           0.028880, 0.985328, 0.168210, 0.000000,
           0.124963,-0.170519, 0.977398, 0.000000,
           0.000000,12.947403, 1.306900, 1.000000;;
        }
        Frame Armature_mixamorig_Spine1 {
          FrameTransformMatrix {
             0.999723,-0.015446,-0.017753, 0.000000,
             0.015949, 0.999466, 0.028515, 0.000000,
             0.017303,-0.028790, 0.999436, 0.000000,
            -0.000000,11.650502,-0.000000, 1.000000;;
          }
          Frame Armature_mixamorig_Spine2 {
            FrameTransformMatrix {
               0.999731,-0.014905,-0.017762, 0.000000,
               0.015603, 0.999084, 0.039846, 0.000000,
               0.017152,-0.040112, 0.999048, 0.000000,
               0.000000,11.899602,-0.000000, 1.000000;;
            }
            Frame Armature_mixamorig_LeftShoulder {
              FrameTransformMatrix {
                -0.063361, 0.020563,-0.997779, 0.000000,
                 0.804979,-0.589919,-0.063275, 0.000000,
                -0.589910,-0.807201, 0.020825, 0.000000,
                15.693199,30.527617,-14.885505, 1.000000;;
              }
              Frame Armature_mixamorig_LeftArm {
                FrameTransformMatrix {
                   0.592244, 0.295811, 0.749495, 0.000000,
                  -0.598628, 0.784156, 0.163539, 0.000000,
                  -0.539344,-0.545523, 0.641492, 0.000000,
                   0.000000,18.001999, 0.000004, 1.000000;;
                }
                Frame Armature_mixamorig_LeftForeArm {
                  FrameTransformMatrix {
                    -0.281639, 0.959520, 0.000006, 0.000000,
                    -0.959520,-0.281639, 0.000005, 0.000000,
                     0.000007,-0.000005, 1.000000, 0.000000,
                    -0.000001,37.520103,-0.000003, 1.000000;;
                  }
                  Frame Armature_mixamorig_LeftHand {
                    FrameTransformMatrix {
                       0.991307, 0.127313,-0.033187, 0.000000,
                      -0.111557, 0.947083, 0.300979, 0.000000,
                       0.069750,-0.294660, 0.953053, 0.000000,
                       0.000001,41.865612, 0.000000, 1.000000;;
                    }
                    Frame Armature_mixamorig_LeftHandIndex1 {
                      FrameTransformMatrix {
                         0.998476,-0.055049,-0.003977, 0.000000,
                         0.042117, 0.713392, 0.699499, 0.000000,
                        -0.035669,-0.698600, 0.714623, 0.000000,
                        -6.345705,17.472904, 0.144207, 1.000000;;
                      }
                      Frame Armature_mixamorig_LeftHandIndex2 {
                        FrameTransformMatrix {
                           0.989335,-0.104992,-0.100965, 0.000000,
                           0.104992, 0.033547, 0.993907, 0.000000,
                          -0.100965,-0.993907, 0.044213, 0.000000,
                          -0.000009, 6.306501,-0.000000, 1.000000;;
                        }
                        Frame Armature_mixamorig_LeftHandIndex3 {
                          FrameTransformMatrix {
                             0.995907,-0.081655,-0.038743, 0.000000,
                             0.081655, 0.629147, 0.772986, 0.000000,
                            -0.038743,-0.772986, 0.633239, 0.000000,
                            -0.000004, 5.287018, 0.000002, 1.000000;;
                          }
                          Frame Armature_mixamorig_LeftHandIndex4 {
                            FrameTransformMatrix {
                               1.000000,-0.000000, 0.000000, 0.000000,
                               0.000000, 1.000000,-0.000000, 0.000000,
                               0.000000, 0.000000, 1.000000, 0.000000,
                              -0.000000, 4.643601,-0.000005, 1.000000;;
                            }
                          } // End of Armature_mixamorig_LeftHandIndex4
                        } // End of Armature_mixamorig_LeftHandIndex3
                      } // End of Armature_mixamorig_LeftHandIndex2
                    } // End of Armature_mixamorig_LeftHandIndex1
                    Frame Armature_mixamorig_LeftHandMiddle1 {
                      FrameTransformMatrix {
                         0.998001,-0.062565, 0.008920, 0.000000,
                         0.043550, 0.783128, 0.620333, 0.000000,
                        -0.045797,-0.618704, 0.784288, 0.000000,
                        -0.112402,18.009899,-0.441075, 1.000000;;
                      }
                      Frame Armature_mixamorig_LeftHandMiddle2 {
                        FrameTransformMatrix {
                           0.987837,-0.104501,-0.115140, 0.000000,
                           0.104501,-0.102139, 0.989266, 0.000000,
                          -0.115140,-0.989266,-0.089976, 0.000000,
                           0.000004, 6.842804,-0.000001, 1.000000;;
                        }
                        Frame Armature_mixamorig_LeftHandMiddle3 {
                          FrameTransformMatrix {
                             0.995868,-0.081955,-0.039114, 0.000000,
                             0.081955, 0.625598, 0.775829, 0.000000,
                            -0.039113,-0.775829, 0.629730, 0.000000,
                            -0.000002, 5.656097, 0.000000, 1.000000;;
                          }
                          Frame Armature_mixamorig_LeftHandMiddle4 {
                            FrameTransformMatrix {
                               1.000000, 0.000000, 0.000000, 0.000000,
                              -0.000000, 1.000000, 0.000000, 0.000000,
                              -0.000000,-0.000000, 1.000000, 0.000000,
                              -0.000001, 4.457898,-0.000005, 1.000000;;
                            }
                          } // End of Armature_mixamorig_LeftHandMiddle4
                        } // End of Armature_mixamorig_LeftHandMiddle3
                      } // End of Armature_mixamorig_LeftHandMiddle2
                    } // End of Armature_mixamorig_LeftHandMiddle1
                    Frame Armature_mixamorig_LeftHandPinky1 {
                      FrameTransformMatrix {
                         0.986065,-0.151962, 0.067699, 0.000000,
                         0.061905, 0.712894, 0.698534, 0.000000,
                        -0.154413,-0.684609, 0.712367, 0.000000,
                        11.143593,14.820604, 0.001807, 1.000000;;
                      }
                      Frame Armature_mixamorig_LeftHandPinky2 {
                        FrameTransformMatrix {
                           0.989920,-0.104656,-0.095421, 0.000000,
                           0.104656, 0.086613, 0.990730, 0.000000,
                          -0.095421,-0.990730, 0.096693, 0.000000,
                          -0.000001, 5.576302,-0.000012, 1.000000;;
                        }
                        Frame Armature_mixamorig_LeftHandPinky3 {
                          FrameTransformMatrix {
                             0.983573,-0.091664,-0.155502, 0.000000,
                             0.091664,-0.488491, 0.867741, 0.000000,
                            -0.155502,-0.867741,-0.472064, 0.000000,
                            -0.000006, 4.090184, 0.000006, 1.000000;;
                          }
                          Frame Armature_mixamorig_LeftHandPinky4 {
                            FrameTransformMatrix {
                               1.000000,-0.000000,-0.000000, 0.000000,
                               0.000000, 1.000000,-0.000000, 0.000000,
                              -0.000000,-0.000000, 1.000000, 0.000000,
                               0.000001, 4.222309,-0.000000, 1.000000;;
                            }
                          } // End of Armature_mixamorig_LeftHandPinky4
                        } // End of Armature_mixamorig_LeftHandPinky3
                      } // End of Armature_mixamorig_LeftHandPinky2
                    } // End of Armature_mixamorig_LeftHandPinky1
                    Frame Armature_mixamorig_LeftHandRing1 {
                      FrameTransformMatrix {
                         0.996564,-0.082546,-0.006794, 0.000000,
                         0.068943, 0.781273, 0.620369, 0.000000,
                        -0.045901,-0.618706, 0.784280, 0.000000,
                         5.832500,16.592598,-0.117373, 1.000000;;
                      }
                      Frame Armature_mixamorig_LeftHandRing2 {
                        FrameTransformMatrix {
                           0.984583,-0.096415,-0.145949, 0.000000,
                           0.096416,-0.397048, 0.912720, 0.000000,
                          -0.145949,-0.912720,-0.381630, 0.000000,
                          -0.000003, 6.332898,-0.000003, 1.000000;;
                        }
                        Frame Armature_mixamorig_LeftHandRing3 {
                          FrameTransformMatrix {
                             0.993950,-0.093721,-0.057275, 0.000000,
                             0.093721, 0.451753, 0.887206, 0.000000,
                            -0.057275,-0.887207, 0.457804, 0.000000,
                             0.000000, 5.608895, 0.000003, 1.000000;;
                          }
                          Frame Armature_mixamorig_LeftHandRing4 {
                            FrameTransformMatrix {
                               1.000000,-0.000000,-0.000000, 0.000000,
                              -0.000000, 1.000000, 0.000000, 0.000000,
                               0.000000, 0.000000, 1.000000, 0.000000,
                               0.000002, 4.489698, 0.000022, 1.000000;;
                            }
                          } // End of Armature_mixamorig_LeftHandRing4
                        } // End of Armature_mixamorig_LeftHandRing3
                      } // End of Armature_mixamorig_LeftHandRing2
                    } // End of Armature_mixamorig_LeftHandRing1
                    Frame Armature_mixamorig_LeftHandThumb1 {
                      FrameTransformMatrix {
                         0.730078, 0.674702, 0.108459, 0.000000,
                        -0.639411, 0.618462, 0.456791, 0.000000,
                         0.241120,-0.402842, 0.882937, 0.000000,
                        -7.297902, 5.809500, 5.140821, 1.000000;;
                      }
                      Frame Armature_mixamorig_LeftHandThumb2 {
                        FrameTransformMatrix {
                           0.718198,-0.685682, 0.118458, 0.000000,
                           0.685853, 0.726295, 0.045827, 0.000000,
                          -0.117458, 0.048332, 0.991901, 0.000000,
                           0.000008, 6.981908,-0.000007, 1.000000;;
                        }
                        Frame Armature_mixamorig_LeftHandThumb3 {
                          FrameTransformMatrix {
                             0.955324,-0.271624,-0.116514, 0.000000,
                             0.204571, 0.892206,-0.402640, 0.000000,
                             0.213322, 0.360817, 0.907913, 0.000000,
                            -0.000001, 4.446790,-0.000001, 1.000000;;
                          }
                          Frame Armature_mixamorig_LeftHandThumb4 {
                            FrameTransformMatrix {
                               1.000000,-0.000002, 0.000003, 0.000000,
                               0.000002, 1.000000,-0.000002, 0.000000,
                              -0.000003, 0.000002, 1.000000, 0.000000,
                               0.000005, 5.337995, 0.000010, 1.000000;;
                            }
                          } // End of Armature_mixamorig_LeftHandThumb4
                        } // End of Armature_mixamorig_LeftHandThumb3
                      } // End of Armature_mixamorig_LeftHandThumb2
                    } // End of Armature_mixamorig_LeftHandThumb1
                  } // End of Armature_mixamorig_LeftHand
                } // End of Armature_mixamorig_LeftForeArm
              } // End of Armature_mixamorig_LeftArm
            } // End of Armature_mixamorig_LeftShoulder
            Frame Armature_mixamorig_Neck {
              FrameTransformMatrix {
                 0.970444, 0.079469,-0.227866, 0.000000,
                -0.077035, 0.996836, 0.019570, 0.000000,
                 0.228700,-0.001438, 0.973496, 0.000000,
                -0.000000,29.862520,-6.856801, 1.000000;;
              }
              Frame Armature_mixamorig_Head {
                FrameTransformMatrix {
                   0.936427,-0.017903,-0.350406, 0.000000,
                   0.344285,-0.145591, 0.927508, 0.000000,
                  -0.067621,-0.989183,-0.130172, 0.000000,
                   0.000003,15.812698, 4.504604, 1.000000;;
                }
                Frame Armature_mixamorig_HeadTop_End {
                  FrameTransformMatrix {
                     1.000000, 0.000000,-0.000000, 0.000000,
                     0.000000, 1.000000,-0.000000, 0.000000,
                    -0.000000,-0.000000, 1.000000, 0.000000,
                     0.000001, 8.548806,-16.914217, 1.000000;;
                  }
                } // End of Armature_mixamorig_HeadTop_End
                Frame Armature_mixamorig_RightEye {
                  FrameTransformMatrix {
                    -0.000000, 1.000000, 0.000000, 0.000000,
                     0.000000,-0.000000, 1.000000, 0.000000,
                     1.000000, 0.000000,-0.000000, 0.000000,
                    -4.116901,14.065407,-5.662602, 1.000000;;
                  }
                } // End of Armature_mixamorig_RightEye
              } // End of Armature_mixamorig_Head
            } // End of Armature_mixamorig_Neck
            Frame Armature_mixamorig_RightShoulder {
              FrameTransformMatrix {
                 0.223730,-0.052328, 0.973246, 0.000000,
                -0.902283,-0.388710, 0.186518, 0.000000,
                 0.368550,-0.919873,-0.134181, 0.000000,
                -15.693202,30.527912,-14.885504, 1.000000;;
              }
              Frame Armature_mixamorig_RightArm {
                FrameTransformMatrix {
                   0.585667,-0.715500,-0.380859, 0.000000,
                   0.781562, 0.373955, 0.499318, 0.000000,
                  -0.214838,-0.590099, 0.778221, 0.000000,
                  -0.000001,18.001900,-0.000001, 1.000000;;
                }
                Frame Armature_mixamorig_RightForeArm {
                  FrameTransformMatrix {
                    -0.275441,-0.961318,-0.000006, 0.000000,
                     0.961318,-0.275441, 0.000005, 0.000000,
                    -0.000007,-0.000004, 1.000000, 0.000000,
                     0.000006,37.520103, 0.000006, 1.000000;;
                  }
                  Frame Armature_mixamorig_RightHand {
                    FrameTransformMatrix {
                       0.945026,-0.295178,-0.140699, 0.000000,
                       0.313447, 0.940298, 0.132631, 0.000000,
                       0.093149,-0.169442, 0.981128, 0.000000,
                      -0.000008,41.865704,-0.000004, 1.000000;;
                    }
                    Frame Armature_mixamorig_RightHandIndex1 {
                      FrameTransformMatrix {
                         0.999293, 0.037531,-0.002242, 0.000000,
                        -0.025583, 0.722447, 0.690953, 0.000000,
                         0.027551,-0.690407, 0.722896, 0.000000,
                         6.345607,17.473011, 0.144410, 1.000000;;
                      }
                      Frame Armature_mixamorig_RightHandIndex2 {
                        FrameTransformMatrix {
                           0.993134, 0.084241, 0.081171, 0.000000,
                          -0.084241, 0.033547, 0.995881, 0.000000,
                           0.081171,-0.995881, 0.040413, 0.000000,
                           0.000007, 6.306005,-0.000008, 1.000000;;
                        }
                        Frame Armature_mixamorig_RightHandIndex3 {
                          FrameTransformMatrix {
                             0.997365, 0.065516, 0.031147, 0.000000,
                            -0.065516, 0.629147, 0.774521, 0.000000,
                             0.031148,-0.774521, 0.631781, 0.000000,
                            -0.000002, 5.286996,-0.000003, 1.000000;;
                          }
                          Frame Armature_mixamorig_RightHandIndex4 {
                            FrameTransformMatrix {
                               1.000000,-0.000000, 0.000000, 0.000000,
                               0.000000, 1.000000, 0.000000, 0.000000,
                              -0.000000,-0.000000, 1.000000, 0.000000,
                              -0.000005, 4.644009, 0.000011, 1.000000;;
                            }
                          } // End of Armature_mixamorig_RightHandIndex4
                        } // End of Armature_mixamorig_RightHandIndex3
                      } // End of Armature_mixamorig_RightHandIndex2
                    } // End of Armature_mixamorig_RightHandIndex1
                    Frame Armature_mixamorig_RightHandMiddle1 {
                      FrameTransformMatrix {
                         0.998820, 0.046565,-0.013793, 0.000000,
                        -0.028447, 0.791166, 0.610940, 0.000000,
                         0.039361,-0.609827, 0.791557, 0.000000,
                         0.112405,18.009604,-0.440799, 1.000000;;
                      }
                      Frame Armature_mixamorig_RightHandMiddle2 {
                        FrameTransformMatrix {
                           0.992170, 0.083848, 0.092567, 0.000000,
                          -0.083847,-0.102140, 0.991230, 0.000000,
                           0.092567,-0.991230,-0.094309, 0.000000,
                          -0.000001, 6.843008,-0.000012, 1.000000;;
                        }
                        Frame Armature_mixamorig_RightHandMiddle3 {
                          FrameTransformMatrix {
                             0.997340, 0.065757, 0.031445, 0.000000,
                            -0.065757, 0.625599, 0.777369, 0.000000,
                             0.031445,-0.777369, 0.628258, 0.000000,
                             0.000005, 5.656015,-0.000001, 1.000000;;
                          }
                          Frame Armature_mixamorig_RightHandMiddle4 {
                            FrameTransformMatrix {
                               1.000000,-0.000000, 0.000000, 0.000000,
                              -0.000000, 1.000000,-0.000000, 0.000000,
                              -0.000000, 0.000000, 1.000000, 0.000000,
                               0.000004, 4.458009,-0.000006, 1.000000;;
                            }
                          } // End of Armature_mixamorig_RightHandMiddle4
                        } // End of Armature_mixamorig_RightHandMiddle3
                      } // End of Armature_mixamorig_RightHandMiddle2
                    } // End of Armature_mixamorig_RightHandMiddle1
                    Frame Armature_mixamorig_RightHandPinky1 {
                      FrameTransformMatrix {
                         0.988165, 0.133817,-0.074978, 0.000000,
                        -0.045388, 0.722000, 0.690402, 0.000000,
                         0.146522,-0.678829, 0.719530, 0.000000,
                        -11.143705,14.820503, 0.002412, 1.000000;;
                      }
                      Frame Armature_mixamorig_RightHandPinky2 {
                        FrameTransformMatrix {
                           0.993511, 0.083972, 0.076714, 0.000000,
                          -0.083972, 0.086613, 0.992697, 0.000000,
                           0.076714,-0.992697, 0.093102, 0.000000,
                          -0.000008, 5.576016,-0.000002, 1.000000;;
                        }
                        Frame Armature_mixamorig_RightHandPinky3 {
                          FrameTransformMatrix {
                             0.989425, 0.073548, 0.125016, 0.000000,
                            -0.073547,-0.488491, 0.869464, 0.000000,
                             0.125016,-0.869464,-0.477916, 0.000000,
                             0.000003, 4.089978, 0.000000, 1.000000;;
                          }
                          Frame Armature_mixamorig_RightHandPinky4 {
                            FrameTransformMatrix {
                               1.000000, 0.000000, 0.000000, 0.000000,
                              -0.000000, 1.000000, 0.000000, 0.000000,
                               0.000000,-0.000000, 1.000000, 0.000000,
                               0.000002, 4.223005,-0.000010, 1.000000;;
                            }
                          } // End of Armature_mixamorig_RightHandPinky4
                        } // End of Armature_mixamorig_RightHandPinky3
                      } // End of Armature_mixamorig_RightHandPinky2
                    } // End of Armature_mixamorig_RightHandPinky1
                    Frame Armature_mixamorig_RightHandRing1 {
                      FrameTransformMatrix {
                         0.997769, 0.066746, 0.001684, 0.000000,
                        -0.053839, 0.789392, 0.611524, 0.000000,
                         0.039487,-0.610250, 0.791224, 0.000000,
                        -5.832498,16.592407,-0.117290, 1.000000;;
                      }
                      Frame Armature_mixamorig_RightHandRing2 {
                        FrameTransformMatrix {
                           0.990075, 0.077360, 0.117336, 0.000000,
                          -0.077360,-0.397047, 0.914532, 0.000000,
                           0.117336,-0.914532,-0.387122, 0.000000,
                           0.000001, 6.333006, 0.000000, 1.000000;;
                        }
                        Frame Armature_mixamorig_RightHandRing3 {
                          FrameTransformMatrix {
                             0.996105, 0.075197, 0.046046, 0.000000,
                            -0.075197, 0.451753, 0.888968, 0.000000,
                             0.046046,-0.888968, 0.455648, 0.000000,
                             0.000007, 5.608991, 0.000001, 1.000000;;
                          }
                          Frame Armature_mixamorig_RightHandRing4 {
                            FrameTransformMatrix {
                               1.000000,-0.000000, 0.000000, 0.000000,
                               0.000000, 1.000000,-0.000000, 0.000000,
                               0.000000, 0.000000, 1.000000, 0.000000,
                               0.000002, 4.490026, 0.000013, 1.000000;;
                            }
                          } // End of Armature_mixamorig_RightHandRing4
                        } // End of Armature_mixamorig_RightHandRing3
                      } // End of Armature_mixamorig_RightHandRing2
                    } // End of Armature_mixamorig_RightHandRing1
                    Frame Armature_mixamorig_RightHandThumb1 {
                      FrameTransformMatrix {
                         0.703738,-0.698248,-0.131154, 0.000000,
                         0.669964, 0.590786, 0.449578, 0.000000,
                        -0.236433,-0.404254, 0.883560, 0.000000,
                         7.297806, 5.809101, 5.141002, 1.000000;;
                      }
                      Frame Armature_mixamorig_RightHandThumb2 {
                        FrameTransformMatrix {
                           0.694774, 0.707585,-0.128891, 0.000000,
                          -0.709341, 0.703743, 0.039771, 0.000000,
                           0.118847, 0.063796, 0.990861, 0.000000,
                           0.000003, 6.982106, 0.000004, 1.000000;;
                        }
                        Frame Armature_mixamorig_RightHandThumb3 {
                          FrameTransformMatrix {
                             0.923661, 0.374187, 0.082672, 0.000000,
                            -0.310869, 0.857799,-0.409318, 0.000000,
                            -0.224078, 0.352371, 0.908639, 0.000000,
                             0.000002, 4.446890,-0.000013, 1.000000;;
                          }
                          Frame Armature_mixamorig_RightHandThumb4 {
                            FrameTransformMatrix {
                               1.000000, 0.000001,-0.000002, 0.000000,
                              -0.000001, 1.000000,-0.000000, 0.000000,
                               0.000001, 0.000000, 1.000000, 0.000000,
                              -0.000004, 5.338512,-0.000015, 1.000000;;
                            }
                          } // End of Armature_mixamorig_RightHandThumb4
                        } // End of Armature_mixamorig_RightHandThumb3
                      } // End of Armature_mixamorig_RightHandThumb2
                    } // End of Armature_mixamorig_RightHandThumb1
                  } // End of Armature_mixamorig_RightHand
                } // End of Armature_mixamorig_RightForeArm
              } // End of Armature_mixamorig_RightArm
            } // End of Armature_mixamorig_RightShoulder
          } // End of Armature_mixamorig_Spine2
        } // End of Armature_mixamorig_Spine1
      } // End of Armature_mixamorig_Spine
    } // End of Armature_mixamorig_Hips
  } // End of Armature
} // End of Root
AnimationSet Global {
  Animation {
    {Armature}
    AnimationKey { // Rotation
      0;
      43;
      0;4;-0.707107, 0.707107, 0.000000, 0.000000;;,
      1;4;-0.707107, 0.707107, 0.000000, 0.000000;;,
      2;4;-0.707107, 0.707107, 0.000000, 0.000000;;,
      3;4;-0.707107, 0.707107, 0.000000, 0.000000;;,
      4;4;-0.707107, 0.707107, 0.000000, 0.000000;;,
      5;4;-0.707107, 0.707107, 0.000000, 0.000000;;,
      6;4;-0.707107, 0.707107, 0.000000, 0.000000;;,
      7;4;-0.707107, 0.707107, 0.000000, 0.000000;;,
      8;4;-0.707107, 0.707107, 0.000000, 0.000000;;,
      9;4;-0.707107, 0.707107, 0.000000, 0.000000;;,
      10;4;-0.707107, 0.707107, 0.000000, 0.000000;;,
      11;4;-0.707107, 0.707107, 0.000000, 0.000000;;,
      12;4;-0.707107, 0.707107, 0.000000, 0.000000;;,
      13;4;-0.707107, 0.707107, 0.000000, 0.000000;;,
      14;4;-0.707107, 0.707107, 0.000000, 0.000000;;,
      15;4;-0.707107, 0.707107, 0.000000, 0.000000;;,
      16;4;-0.707107, 0.707107, 0.000000, 0.000000;;,
      17;4;-0.707107, 0.707107, 0.000000, 0.000000;;,
      18;4;-0.707107, 0.707107, 0.000000, 0.000000;;,
      19;4;-0.707107, 0.707107, 0.000000, 0.000000;;,
      20;4;-0.707107, 0.707107, 0.000000, 0.000000;;,
      21;4;-0.707107, 0.707107, 0.000000, 0.000000;;,
      22;4;-0.707107, 0.707107, 0.000000, 0.000000;;,
      23;4;-0.707107, 0.707107, 0.000000, 0.000000;;,
      24;4;-0.707107, 0.707107, 0.000000, 0.000000;;,
      25;4;-0.707107, 0.707107, 0.000000, 0.000000;;,
      26;4;-0.707107, 0.707107, 0.000000, 0.000000;;,
      27;4;-0.707107, 0.707107, 0.000000, 0.000000;;,
      28;4;-0.707107, 0.707107, 0.000000, 0.000000;;,
      29;4;-0.707107, 0.707107, 0.000000, 0.000000;;,
      30;4;-0.707107, 0.707107, 0.000000, 0.000000;;,
      31;4;-0.707107, 0.707107, 0.000000, 0.000000;;,
      32;4;-0.707107, 0.707107, 0.000000, 0.000000;;,
      33;4;-0.707107, 0.707107, 0.000000, 0.000000;;,
      34;4;-0.707107, 0.707107, 0.000000, 0.000000;;,
      35;4;-0.707107, 0.707107, 0.000000, 0.000000;;,
      36;4;-0.707107, 0.707107, 0.000000, 0.000000;;,
      37;4;-0.707107, 0.707107, 0.000000, 0.000000;;,
      38;4;-0.707107, 0.707107, 0.000000, 0.000000;;,
      39;4;-0.707107, 0.707107, 0.000000, 0.000000;;,
      40;4;-0.707107, 0.707107, 0.000000, 0.000000;;,
      41;4;-0.707107, 0.707107, 0.000000, 0.000000;;,
      42;4;-0.707107, 0.707107, 0.000000, 0.000000;;;
    }
    AnimationKey { // Scale
      1;
      43;
      0;3; 0.110000, 0.110000, 0.110000;;,
      1;3; 0.110000, 0.110000, 0.110000;;,
      2;3; 0.110000, 0.110000, 0.110000;;,
      3;3; 0.110000, 0.110000, 0.110000;;,
      4;3; 0.110000, 0.110000, 0.110000;;,
      5;3; 0.110000, 0.110000, 0.110000;;,
      6;3; 0.110000, 0.110000, 0.110000;;,
      7;3; 0.110000, 0.110000, 0.110000;;,
      8;3; 0.110000, 0.110000, 0.110000;;,
      9;3; 0.110000, 0.110000, 0.110000;;,
      10;3; 0.110000, 0.110000, 0.110000;;,
      11;3; 0.110000, 0.110000, 0.110000;;,
      12;3; 0.110000, 0.110000, 0.110000;;,
      13;3; 0.110000, 0.110000, 0.110000;;,
      14;3; 0.110000, 0.110000, 0.110000;;,
      15;3; 0.110000, 0.110000, 0.110000;;,
      16;3; 0.110000, 0.110000, 0.110000;;,
      17;3; 0.110000, 0.110000, 0.110000;;,
      18;3; 0.110000, 0.110000, 0.110000;;,
      19;3; 0.110000, 0.110000, 0.110000;;,
      20;3; 0.110000, 0.110000, 0.110000;;,
      21;3; 0.110000, 0.110000, 0.110000;;,
      22;3; 0.110000, 0.110000, 0.110000;;,
      23;3; 0.110000, 0.110000, 0.110000;;,
      24;3; 0.110000, 0.110000, 0.110000;;,
      25;3; 0.110000, 0.110000, 0.110000;;,
      26;3; 0.110000, 0.110000, 0.110000;;,
      27;3; 0.110000, 0.110000, 0.110000;;,
      28;3; 0.110000, 0.110000, 0.110000;;,
      29;3; 0.110000, 0.110000, 0.110000;;,
      30;3; 0.110000, 0.110000, 0.110000;;,
      31;3; 0.110000, 0.110000, 0.110000;;,
      32;3; 0.110000, 0.110000, 0.110000;;,
      33;3; 0.110000, 0.110000, 0.110000;;,
      34;3; 0.110000, 0.110000, 0.110000;;,
      35;3; 0.110000, 0.110000, 0.110000;;,
      36;3; 0.110000, 0.110000, 0.110000;;,
      37;3; 0.110000, 0.110000, 0.110000;;,
      38;3; 0.110000, 0.110000, 0.110000;;,
      39;3; 0.110000, 0.110000, 0.110000;;,
      40;3; 0.110000, 0.110000, 0.110000;;,
      41;3; 0.110000, 0.110000, 0.110000;;,
      42;3; 0.110000, 0.110000, 0.110000;;;
    }
    AnimationKey { // Position
      2;
      43;
      0;3; 0.000000, 0.000000, 0.000000;;,
      1;3; 0.000000, 0.000000, 0.000000;;,
      2;3; 0.000000, 0.000000, 0.000000;;,
      3;3; 0.000000, 0.000000, 0.000000;;,
      4;3; 0.000000, 0.000000, 0.000000;;,
      5;3; 0.000000, 0.000000, 0.000000;;,
      6;3; 0.000000, 0.000000, 0.000000;;,
      7;3; 0.000000, 0.000000, 0.000000;;,
      8;3; 0.000000, 0.000000, 0.000000;;,
      9;3; 0.000000, 0.000000, 0.000000;;,
      10;3; 0.000000, 0.000000, 0.000000;;,
      11;3; 0.000000, 0.000000, 0.000000;;,
      12;3; 0.000000, 0.000000, 0.000000;;,
      13;3; 0.000000, 0.000000, 0.000000;;,
      14;3; 0.000000, 0.000000, 0.000000;;,
      15;3; 0.000000, 0.000000, 0.000000;;,
      16;3; 0.000000, 0.000000, 0.000000;;,
      17;3; 0.000000, 0.000000, 0.000000;;,
      18;3; 0.000000, 0.000000, 0.000000;;,
      19;3; 0.000000, 0.000000, 0.000000;;,
      20;3; 0.000000, 0.000000, 0.000000;;,
      21;3; 0.000000, 0.000000, 0.000000;;,
      22;3; 0.000000, 0.000000, 0.000000;;,
      23;3; 0.000000, 0.000000, 0.000000;;,
      24;3; 0.000000, 0.000000, 0.000000;;,
      25;3; 0.000000, 0.000000, 0.000000;;,
      26;3; 0.000000, 0.000000, 0.000000;;,
      27;3; 0.000000, 0.000000, 0.000000;;,
      28;3; 0.000000, 0.000000, 0.000000;;,
      29;3; 0.000000, 0.000000, 0.000000;;,
      30;3; 0.000000, 0.000000, 0.000000;;,
      31;3; 0.000000, 0.000000, 0.000000;;,
      32;3; 0.000000, 0.000000, 0.000000;;,
      33;3; 0.000000, 0.000000, 0.000000;;,
      34;3; 0.000000, 0.000000, 0.000000;;,
      35;3; 0.000000, 0.000000, 0.000000;;,
      36;3; 0.000000, 0.000000, 0.000000;;,
      37;3; 0.000000, 0.000000, 0.000000;;,
      38;3; 0.000000, 0.000000, 0.000000;;,
      39;3; 0.000000, 0.000000, 0.000000;;,
      40;3; 0.000000, 0.000000, 0.000000;;,
      41;3; 0.000000, 0.000000, 0.000000;;,
      42;3; 0.000000, 0.000000, 0.000000;;;
    }
  }
  Animation {
    {Armature_mixamorig_Hips}
    AnimationKey { // Rotation
      0;
      43;
      0;4;-0.918732,-0.042475,-0.392243, 0.016523;;,
      1;4;-0.913372,-0.045406,-0.404274, 0.015898;;,
      2;4;-0.906679,-0.048179,-0.418797, 0.014879;;,
      3;4;-0.902391,-0.056483,-0.426884, 0.016404;;,
      4;4;-0.935125,-0.007017,-0.353526, 0.022603;;,
      5;4;-0.956339, 0.093236,-0.274554, 0.036637;;,
      6;4;-0.943229, 0.170915,-0.281681, 0.041991;;,
      7;4;-0.923862, 0.226679,-0.305619, 0.041147;;,
      8;4;-0.907298, 0.266295,-0.322819, 0.041045;;,
      9;4;-0.895771, 0.295490,-0.329208, 0.043611;;,
      10;4;-0.889373, 0.315604,-0.327061, 0.049413;;,
      11;4;-0.886061, 0.328567,-0.322087, 0.056567;;,
      12;4;-0.883780, 0.336330,-0.319173, 0.062804;;,
      13;4;-0.882754, 0.335912,-0.321698, 0.066474;;,
      14;4;-0.881767, 0.330444,-0.329753, 0.067499;;,
      15;4;-0.881772, 0.316835,-0.342892, 0.067223;;,
      16;4;-0.880864, 0.297063,-0.362656, 0.065673;;,
      17;4;-0.878390, 0.275122,-0.385574, 0.063816;;,
      18;4;-0.874232, 0.251507,-0.410586, 0.062301;;,
      19;4;-0.869052, 0.229254,-0.434302, 0.059770;;,
      20;4;-0.863788, 0.208549,-0.455311, 0.055408;;,
      21;4;-0.859975, 0.186597,-0.472514, 0.048520;;,
      22;4;-0.857887, 0.166763,-0.484048, 0.043779;;,
      23;4;-0.857784, 0.144190,-0.491773, 0.039683;;,
      24;4;-0.860090, 0.119659,-0.494669, 0.035060;;,
      25;4;-0.864347, 0.095085,-0.492852, 0.030965;;,
      26;4;-0.869510, 0.072805,-0.487687, 0.028528;;,
      27;4;-0.874970, 0.050979,-0.480708, 0.027359;;,
      28;4;-0.880778, 0.030466,-0.471803, 0.026548;;,
      29;4;-0.886516, 0.012108,-0.461849, 0.025265;;,
      30;4;-0.891936,-0.004580,-0.451453, 0.024895;;,
      31;4;-0.896903,-0.019567,-0.441116, 0.024460;;,
      32;4;-0.901340,-0.031502,-0.431342, 0.023203;;,
      33;4;-0.905162,-0.040744,-0.422508, 0.022532;;,
      34;4;-0.908095,-0.046150,-0.415654, 0.021561;;,
      35;4;-0.910436,-0.048590,-0.410259, 0.020794;;,
      36;4;-0.912216,-0.049747,-0.406183, 0.020080;;,
      37;4;-0.913324,-0.049949,-0.403689, 0.019512;;,
      38;4;-0.913974,-0.049539,-0.402287, 0.019077;;,
      39;4;-0.914580,-0.048428,-0.401061, 0.018662;;,
      40;4;-0.915821,-0.046619,-0.398464, 0.018017;;,
      41;4;-0.917243,-0.044583,-0.395448, 0.017277;;,
      42;4;-0.918732,-0.042475,-0.392243, 0.016523;;;
    }
    AnimationKey { // Scale
      1;
      43;
      0;3; 1.000000, 1.000000, 1.000000;;,
      1;3; 1.000000, 1.000000, 1.000000;;,
      2;3; 1.000000, 1.000000, 1.000000;;,
      3;3; 1.000000, 1.000000, 1.000000;;,
      4;3; 1.000000, 1.000000, 1.000000;;,
      5;3; 1.000000, 1.000000, 1.000000;;,
      6;3; 1.000000, 1.000000, 1.000000;;,
      7;3; 1.000000, 1.000000, 1.000000;;,
      8;3; 1.000000, 1.000000, 1.000000;;,
      9;3; 1.000000, 1.000000, 1.000000;;,
      10;3; 1.000000, 1.000000, 1.000000;;,
      11;3; 1.000000, 1.000000, 1.000000;;,
      12;3; 1.000000, 1.000000, 1.000000;;,
      13;3; 1.000000, 1.000000, 1.000000;;,
      14;3; 1.000000, 1.000000, 1.000000;;,
      15;3; 1.000000, 1.000000, 1.000000;;,
      16;3; 1.000000, 1.000000, 1.000000;;,
      17;3; 1.000000, 1.000000, 1.000000;;,
      18;3; 1.000000, 1.000000, 1.000000;;,
      19;3; 1.000000, 1.000000, 1.000000;;,
      20;3; 1.000000, 1.000000, 1.000000;;,
      21;3; 1.000000, 1.000000, 1.000000;;,
      22;3; 1.000000, 1.000000, 1.000000;;,
      23;3; 1.000000, 1.000000, 1.000000;;,
      24;3; 1.000000, 1.000000, 1.000000;;,
