xof 0303txt 0032

template XSkinMeshHeader {
  <3cf169ce-ff7c-44ab-93c0-f78f62d172e2>
  WORD nMaxSkinWeightsPerVertex;
  WORD nMaxSkinWeightsPerFace;
  WORD nBones;
}

template SkinWeights {
  <6f0d123b-bad2-4167-a0d0-80224f25fabb>
  STRING transformNodeName;
  DWORD nWeights;
  array DWORD vertexIndices[nWeights];
  array float weights[nWeights];
  Matrix4x4 matrixOffset;
}

Frame Root {
  FrameTransformMatrix {
     1.000000, 0.000000, 0.000000, 0.000000,
     0.000000,-0.000000,-1.000000, 0.000000,
     0.000000, 1.000000,-0.000000, 0.000000,
     0.000000, 0.000000, 0.000000, 1.000000;;
  }
  Frame Armature {
    FrameTransformMatrix {
       0.110000, 0.000000, 0.000000, 0.000000,
       0.000000,-0.000000, 0.110000, 0.000000,
       0.000000,-0.110000,-0.000000, 0.000000,
       0.000000, 0.000000, 0.000000, 1.000000;;
    }
    Frame Armature_mixamorig_Hips {
      FrameTransformMatrix {
         0.691745, 0.063682, 0.719328, 0.000000,
         0.002960, 0.995846,-0.091009, 0.000000,
        -0.722136, 0.065084, 0.688683, 0.000000,
         1.946299,81.014282,-2.122467, 1.000000;;
      }
      Frame Armature_mixamorig_LeftUpLeg {
        FrameTransformMatrix {
          -0.936663,-0.228668, 0.265280, 0.000000,
           0.346830,-0.710935, 0.611783, 0.000000,
           0.048702, 0.665043, 0.745210, 0.000000,
          15.658501,-8.406796, 1.467000, 1.000000;;
        }
        Frame Armature_mixamorig_LeftLeg {
          FrameTransformMatrix {
             0.988656,-0.093854,-0.117267, 0.000000,
            -0.096118, 0.204612,-0.974113, 0.000000,
             0.115418, 0.974334, 0.193270, 0.000000,
            -0.000001,37.074814, 0.000007, 1.000000;;
          }
          Frame Armature_mixamorig_LeftFoot {
            FrameTransformMatrix {
               0.981706,-0.185647,-0.042280, 0.000000,
               0.081171, 0.207200, 0.974925, 0.000000,
              -0.172232,-0.960522, 0.218479, 0.000000,
               0.000000,38.107529, 0.000001, 1.000000;;
            }
            Frame Armature_mixamorig_LeftToeBase {
              FrameTransformMatrix {
                 0.992988,-0.063835, 0.099500, 0.000000,
                -0.025433, 0.706612, 0.707144, 0.000000,
                -0.115449,-0.704716, 0.700033, 0.000000,
                 0.000001,27.500040,-0.000001, 1.000000;;
              }
              Frame Armature_mixamorig_LeftToe_End {
                FrameTransformMatrix {
                   1.000000, 0.000000,-0.000000, 0.000000,
                  -0.000000, 1.000000, 0.000000, 0.000000,
                   0.000000,-0.000000, 1.000000, 0.000000,
                  -0.000005,18.087683, 0.000000, 1.000000;;
                }
              } // End of Armature_mixamorig_LeftToe_End
            } // End of Armature_mixamorig_LeftToeBase
          } // End of Armature_mixamorig_LeftFoot
        } // End of Armature_mixamorig_LeftLeg
      } // End of Armature_mixamorig_LeftUpLeg
      Frame Armature_mixamorig_RightUpLeg {
        FrameTransformMatrix {
          -0.837367, 0.439072,-0.325625, 0.000000,
          -0.538488,-0.765052, 0.353165, 0.000000,
          -0.094055, 0.471074, 0.877060, 0.000000,
          -15.658501,-8.406794, 1.467001, 1.000000;;
        }
        Frame Armature_mixamorig_RightLeg {
          FrameTransformMatrix {
             0.986586,-0.147848, 0.069204, 0.000000,
             0.095949, 0.182217,-0.978566, 0.000000,
             0.132069, 0.972079, 0.193959, 0.000000,
            -0.000002,37.074715, 0.000001, 1.000000;;
          }
          Frame Armature_mixamorig_RightFoot {
            FrameTransformMatrix {
               0.885114, 0.462632,-0.050452, 0.000000,
               0.001005, 0.106510, 0.994311, 0.000000,
               0.465374,-0.880129, 0.093809, 0.000000,
              -0.000007,38.107529,-0.000001, 1.000000;;
            }
            Frame Armature_mixamorig_RightToeBase {
              FrameTransformMatrix {
                 0.993654, 0.059731,-0.095308, 0.000000,
                 0.022389, 0.725358, 0.688008, 0.000000,
                 0.110228,-0.685775, 0.719418, 0.000000,
                -0.000003,27.500042,-0.000003, 1.000000;;
              }
              Frame Armature_mixamorig_RightToe_End {
                FrameTransformMatrix {
                   1.000000, 0.000000, 0.000000, 0.000000,
                  -0.000000, 1.000000, 0.000000, 0.000000,
                  -0.000000,-0.000000, 1.000000, 0.000000,
                   0.000005,18.088076, 0.000000, 1.000000;;
                }
              } // End of Armature_mixamorig_RightToe_End
            } // End of Armature_mixamorig_RightToeBase
          } // End of Armature_mixamorig_RightFoot
        } // End of Armature_mixamorig_RightLeg
      } // End of Armature_mixamorig_RightUpLeg
      Frame Armature_mixamorig_Spine {
        FrameTransformMatrix {
           0.991741,-0.007207,-0.128054, 0.000000,
           0.028880, 0.985328, 0.168210, 0.000000,
           0.124963,-0.170519, 0.977398, 0.000000,
           0.000000,12.947410, 1.306901, 1.000000;;
        }
        Frame Armature_mixamorig_Spine1 {
          FrameTransformMatrix {
             0.999723,-0.015446,-0.017753, 0.000000,
             0.015949, 0.999466, 0.028515, 0.000000,
             0.017303,-0.028790, 0.999436, 0.000000,
            -0.000001,11.650494,-0.000001, 1.000000;;
          }
          Frame Armature_mixamorig_Spine2 {
            FrameTransformMatrix {
               0.999731,-0.014905,-0.017762, 0.000000,
               0.015603, 0.999084, 0.039846, 0.000000,
               0.017152,-0.040112, 0.999048, 0.000000,
               0.000000,11.899610,-0.000001, 1.000000;;
            }
            Frame Armature_mixamorig_LeftShoulder {
              FrameTransformMatrix {
                -0.063361, 0.020563,-0.997779, 0.000000,
                 0.804978,-0.589921,-0.063275, 0.000000,
                -0.589912,-0.807199, 0.020825, 0.000000,
                15.693200,30.527618,-14.885508, 1.000000;;
              }
              Frame Armature_mixamorig_LeftArm {
                FrameTransformMatrix {
                   0.592244, 0.295811, 0.749495, 0.000000,
                  -0.598628, 0.784156, 0.163539, 0.000000,
                  -0.539344,-0.545523, 0.641492, 0.000000,
                  -0.000001,18.001999,-0.000005, 1.000000;;
                }
                Frame Armature_mixamorig_LeftForeArm {
                  FrameTransformMatrix {
                    -0.281639, 0.959520, 0.000007, 0.000000,
                    -0.959520,-0.281639, 0.000005, 0.000000,
                     0.000007,-0.000005, 1.000000, 0.000000,
                    -0.000004,37.520100,-0.000002, 1.000000;;
                  }
                  Frame Armature_mixamorig_LeftHand {
                    FrameTransformMatrix {
                       0.991307, 0.127313,-0.033188, 0.000000,
                      -0.111557, 0.947083, 0.300979, 0.000000,
                       0.069750,-0.294660, 0.953053, 0.000000,
                      -0.000010,41.865616, 0.000001, 1.000000;;
                    }
                    Frame Armature_mixamorig_LeftHandIndex1 {
                      FrameTransformMatrix {
                         0.998476,-0.055049,-0.003977, 0.000000,
                         0.042117, 0.713392, 0.699499, 0.000000,
                        -0.035669,-0.698600, 0.714623, 0.000000,
                        -6.345697,17.472916, 0.144192, 1.000000;;
                      }
                      Frame Armature_mixamorig_LeftHandIndex2 {
                        FrameTransformMatrix {
                           0.989335,-0.104992,-0.100965, 0.000000,
                           0.104992, 0.033547, 0.993907, 0.000000,
                          -0.100965,-0.993907, 0.044213, 0.000000,
                          -0.000004, 6.306500,-0.000008, 1.000000;;
                        }
                        Frame Armature_mixamorig_LeftHandIndex3 {
                          FrameTransformMatrix {
                             0.995907,-0.081655,-0.038743, 0.000000,
                             0.081655, 0.629147, 0.772986, 0.000000,
                            -0.038743,-0.772986, 0.633239, 0.000000,
                            -0.000002, 5.286992,-0.000001, 1.000000;;
                          }
                          Frame Armature_mixamorig_LeftHandIndex4 {
                            FrameTransformMatrix {
                               1.000000,-0.000000, 0.000000, 0.000000,
                               0.000000, 1.000000,-0.000000, 0.000000,
                               0.000000, 0.000000, 1.000000, 0.000000,
                               0.000002, 4.643609,-0.000002, 1.000000;;
                            }
                          } // End of Armature_mixamorig_LeftHandIndex4
                        } // End of Armature_mixamorig_LeftHandIndex3
                      } // End of Armature_mixamorig_LeftHandIndex2
                    } // End of Armature_mixamorig_LeftHandIndex1
                    Frame Armature_mixamorig_LeftHandMiddle1 {
                      FrameTransformMatrix {
                         0.998001,-0.062565, 0.008920, 0.000000,
                         0.043550, 0.783128, 0.620333, 0.000000,
                        -0.045797,-0.618704, 0.784288, 0.000000,
                        -0.112396,18.009911,-0.441103, 1.000000;;
                      }
                      Frame Armature_mixamorig_LeftHandMiddle2 {
                        FrameTransformMatrix {
                           0.987837,-0.104501,-0.115140, 0.000000,
                           0.104501,-0.102139, 0.989266, 0.000000,
                          -0.115140,-0.989266,-0.089976, 0.000000,
                          -0.000002, 6.842808, 0.000000, 1.000000;;
                        }
                        Frame Armature_mixamorig_LeftHandMiddle3 {
                          FrameTransformMatrix {
                             0.995868,-0.081955,-0.039113, 0.000000,
                             0.081955, 0.625599, 0.775829, 0.000000,
                            -0.039114,-0.775829, 0.629730, 0.000000,
                            -0.000006, 5.656089, 0.000002, 1.000000;;
                          }
                          Frame Armature_mixamorig_LeftHandMiddle4 {
                            FrameTransformMatrix {
                               1.000000, 0.000000, 0.000000, 0.000000,
                               0.000000, 1.000000, 0.000000, 0.000000,
                               0.000000,-0.000000, 1.000000, 0.000000,
                              -0.000005, 4.457903, 0.000002, 1.000000;;
                            }
                          } // End of Armature_mixamorig_LeftHandMiddle4
                        } // End of Armature_mixamorig_LeftHandMiddle3
                      } // End of Armature_mixamorig_LeftHandMiddle2
                    } // End of Armature_mixamorig_LeftHandMiddle1
                    Frame Armature_mixamorig_LeftHandPinky1 {
                      FrameTransformMatrix {
                         0.986065,-0.151962, 0.067699, 0.000000,
                         0.061905, 0.712894, 0.698534, 0.000000,
                        -0.154413,-0.684609, 0.712367, 0.000000,
                        11.143609,14.820599, 0.001795, 1.000000;;
                      }
                      Frame Armature_mixamorig_LeftHandPinky2 {
                        FrameTransformMatrix {
                           0.989920,-0.104656,-0.095421, 0.000000,
                           0.104656, 0.086613, 0.990730, 0.000000,
                          -0.095421,-0.990730, 0.096693, 0.000000,
                          -0.000009, 5.576300, 0.000010, 1.000000;;
                        }
                        Frame Armature_mixamorig_LeftHandPinky3 {
                          FrameTransformMatrix {
                             0.983574,-0.091664,-0.155502, 0.000000,
                             0.091664,-0.488491, 0.867741, 0.000000,
                            -0.155502,-0.867741,-0.472064, 0.000000,
                            -0.000002, 4.090189, 0.000002, 1.000000;;
                          }
                          Frame Armature_mixamorig_LeftHandPinky4 {
                            FrameTransformMatrix {
                               1.000000, 0.000000, 0.000000, 0.000000,
                               0.000000, 1.000000,-0.000000, 0.000000,
                              -0.000000, 0.000000, 1.000000, 0.000000,
                              -0.000003, 4.222303,-0.000009, 1.000000;;
                            }
                          } // End of Armature_mixamorig_LeftHandPinky4
                        } // End of Armature_mixamorig_LeftHandPinky3
                      } // End of Armature_mixamorig_LeftHandPinky2
                    } // End of Armature_mixamorig_LeftHandPinky1
                    Frame Armature_mixamorig_LeftHandRing1 {
                      FrameTransformMatrix {
                         0.996564,-0.082546,-0.006794, 0.000000,
                         0.068943, 0.781274, 0.620370, 0.000000,
                        -0.045901,-0.618707, 0.784280, 0.000000,
                         5.832509,16.592606,-0.117393, 1.000000;;
                      }
                      Frame Armature_mixamorig_LeftHandRing2 {
                        FrameTransformMatrix {
                           0.984583,-0.096415,-0.145949, 0.000000,
                           0.096416,-0.397048, 0.912720, 0.000000,
                          -0.145949,-0.912720,-0.381630, 0.000000,
                           0.000001, 6.332901,-0.000005, 1.000000;;
                        }
                        Frame Armature_mixamorig_LeftHandRing3 {
                          FrameTransformMatrix {
                             0.993950,-0.093720,-0.057275, 0.000000,
                             0.093720, 0.451753, 0.887207, 0.000000,
                            -0.057275,-0.887207, 0.457803, 0.000000,
                            -0.000001, 5.608903,-0.000002, 1.000000;;
                          }
                          Frame Armature_mixamorig_LeftHandRing4 {
                            FrameTransformMatrix {
                               1.000000, 0.000000,-0.000000, 0.000000,
                              -0.000000, 1.000000, 0.000000, 0.000000,
                               0.000000, 0.000000, 1.000000, 0.000000,
                               0.000005, 4.489696, 0.000017, 1.000000;;
                            }
                          } // End of Armature_mixamorig_LeftHandRing4
                        } // End of Armature_mixamorig_LeftHandRing3
                      } // End of Armature_mixamorig_LeftHandRing2
                    } // End of Armature_mixamorig_LeftHandRing1
                    Frame Armature_mixamorig_LeftHandThumb1 {
                      FrameTransformMatrix {
                         0.730078, 0.674702, 0.108459, 0.000000,
                        -0.639411, 0.618462, 0.456791, 0.000000,
                         0.241120,-0.402843, 0.882938, 0.000000,
                        -7.297899, 5.809504, 5.140809, 1.000000;;
                      }
                      Frame Armature_mixamorig_LeftHandThumb2 {
                        FrameTransformMatrix {
                           0.718198,-0.685681, 0.118458, 0.000000,
                           0.685853, 0.726295, 0.045827, 0.000000,
                          -0.117458, 0.048332, 0.991901, 0.000000,
                           0.000006, 6.981902,-0.000013, 1.000000;;
                        }
                        Frame Armature_mixamorig_LeftHandThumb3 {
                          FrameTransformMatrix {
                             0.955325,-0.271624,-0.116514, 0.000000,
                             0.204571, 0.892206,-0.402640, 0.000000,
                             0.213321, 0.360816, 0.907913, 0.000000,
                            -0.000006, 4.446800,-0.000007, 1.000000;;
                          }
                          Frame Armature_mixamorig_LeftHandThumb4 {
                            FrameTransformMatrix {
                               1.000000,-0.000002, 0.000003, 0.000000,
                               0.000002, 1.000000,-0.000002, 0.000000,
                              -0.000003, 0.000002, 1.000000, 0.000000,
                              -0.000001, 5.337987,-0.000017, 1.000000;;
                            }
                          } // End of Armature_mixamorig_LeftHandThumb4
                        } // End of Armature_mixamorig_LeftHandThumb3
                      } // End of Armature_mixamorig_LeftHandThumb2
                    } // End of Armature_mixamorig_LeftHandThumb1
                  } // End of Armature_mixamorig_LeftHand
                } // End of Armature_mixamorig_LeftForeArm
              } // End of Armature_mixamorig_LeftArm
            } // End of Armature_mixamorig_LeftShoulder
            Frame Armature_mixamorig_Neck {
              FrameTransformMatrix {
                 0.970444, 0.079469,-0.227866, 0.000000,
                -0.077035, 0.996836, 0.019570, 0.000000,
                 0.228700,-0.001438, 0.973496, 0.000000,
                 0.000000,29.862518,-6.856802, 1.000000;;
              }
              Frame Armature_mixamorig_Head {
                FrameTransformMatrix {
                   0.936427,-0.017903,-0.350406, 0.000000,
                   0.344285,-0.145591, 0.927508, 0.000000,
                  -0.067621,-0.989183,-0.130172, 0.000000,
                   0.000003,15.812713, 4.504601, 1.000000;;
                }
                Frame Armature_mixamorig_HeadTop_End {
                  FrameTransformMatrix {
                     1.000000, 0.000000, 0.000000, 0.000000,
                     0.000000, 1.000000,-0.000000, 0.000000,
                     0.000000,-0.000000, 1.000000, 0.000000,
                    -0.000001, 8.548803,-16.914219, 1.000000;;
                  }
                } // End of Armature_mixamorig_HeadTop_End
                Frame Armature_mixamorig_RightEye {
                  FrameTransformMatrix {
                    -0.000000, 1.000000, 0.000000, 0.000000,
                     0.000000,-0.000000, 1.000000, 0.000000,
                     1.000000, 0.000000,-0.000000, 0.000000,
                    -4.116903,14.065407,-5.662605, 1.000000;;
                  }
                } // End of Armature_mixamorig_RightEye
              } // End of Armature_mixamorig_Head
            } // End of Armature_mixamorig_Neck
            Frame Armature_mixamorig_RightShoulder {
              FrameTransformMatrix {
                 0.223730,-0.052328, 0.973245, 0.000000,
                -0.902283,-0.388709, 0.186518, 0.000000,
                 0.368550,-0.919873,-0.134181, 0.000000,
                -15.693200,30.527925,-14.885504, 1.000000;;
              }
              Frame Armature_mixamorig_RightArm {
                FrameTransformMatrix {
                   0.585667,-0.715500,-0.380860, 0.000000,
                   0.781562, 0.373955, 0.499318, 0.000000,
                  -0.214838,-0.590099, 0.778221, 0.000000,
                   0.000000,18.001896,-0.000007, 1.000000;;
                }
                Frame Armature_mixamorig_RightForeArm {
                  FrameTransformMatrix {
                    -0.275441,-0.961318,-0.000006, 0.000000,
                     0.961318,-0.275441, 0.000005, 0.000000,
                    -0.000007,-0.000005, 1.000000, 0.000000,
                    -0.000005,37.520111,-0.000010, 1.000000;;
                  }
                  Frame Armature_mixamorig_RightHand {
                    FrameTransformMatrix {
                       0.945026,-0.295177,-0.140699, 0.000000,
                       0.313447, 0.940298, 0.132631, 0.000000,
                       0.093149,-0.169441, 0.981128, 0.000000,
                      -0.000004,41.865715, 0.000006, 1.000000;;
                    }
                    Frame Armature_mixamorig_RightHandIndex1 {
                      FrameTransformMatrix {
                         0.999293, 0.037531,-0.002242, 0.000000,
                        -0.025583, 0.722447, 0.690953, 0.000000,
                         0.027552,-0.690407, 0.722896, 0.000000,
                         6.345600,17.473001, 0.144407, 1.000000;;
                      }
                      Frame Armature_mixamorig_RightHandIndex2 {
                        FrameTransformMatrix {
                           0.993134, 0.084241, 0.081171, 0.000000,
                          -0.084241, 0.033547, 0.995881, 0.000000,
                           0.081171,-0.995881, 0.040414, 0.000000,
                          -0.000008, 6.305997, 0.000008, 1.000000;;
                        }
                        Frame Armature_mixamorig_RightHandIndex3 {
                          FrameTransformMatrix {
                             0.997365, 0.065516, 0.031147, 0.000000,
                            -0.065516, 0.629147, 0.774521, 0.000000,
                             0.031148,-0.774521, 0.631781, 0.000000,
                            -0.000006, 5.287002, 0.000000, 1.000000;;
                          }
                          Frame Armature_mixamorig_RightHandIndex4 {
                            FrameTransformMatrix {
                               1.000000, 0.000000, 0.000000, 0.000000,
                               0.000000, 1.000000, 0.000000, 0.000000,
                              -0.000000,-0.000000, 1.000000, 0.000000,
                              -0.000005, 4.644008, 0.000014, 1.000000;;
                            }
                          } // End of Armature_mixamorig_RightHandIndex4
                        } // End of Armature_mixamorig_RightHandIndex3
                      } // End of Armature_mixamorig_RightHandIndex2
                    } // End of Armature_mixamorig_RightHandIndex1
                    Frame Armature_mixamorig_RightHandMiddle1 {
                      FrameTransformMatrix {
                         0.998820, 0.046565,-0.013793, 0.000000,
                        -0.028447, 0.791166, 0.610940, 0.000000,
                         0.039361,-0.609827, 0.791557, 0.000000,
                         0.112394,18.009604,-0.440796, 1.000000;;
                      }
                      Frame Armature_mixamorig_RightHandMiddle2 {
                        FrameTransformMatrix {
                           0.992170, 0.083848, 0.092567, 0.000000,
                          -0.083847,-0.102139, 0.991230, 0.000000,
                           0.092567,-0.991230,-0.094309, 0.000000,
                           0.000003, 6.843000,-0.000015, 1.000000;;
                        }
                        Frame Armature_mixamorig_RightHandMiddle3 {
                          FrameTransformMatrix {
                             0.997340, 0.065757, 0.031446, 0.000000,
                            -0.065757, 0.625599, 0.777369, 0.000000,
                             0.031445,-0.777369, 0.628258, 0.000000,
                             0.000005, 5.656017,-0.000001, 1.000000;;
                          }
                          Frame Armature_mixamorig_RightHandMiddle4 {
                            FrameTransformMatrix {
                               1.000000, 0.000000, 0.000000, 0.000000,
                               0.000000, 1.000000,-0.000000, 0.000000,
                              -0.000000, 0.000000, 1.000000, 0.000000,
                               0.000003, 4.457997, 0.000006, 1.000000;;
                            }
                          } // End of Armature_mixamorig_RightHandMiddle4
                        } // End of Armature_mixamorig_RightHandMiddle3
                      } // End of Armature_mixamorig_RightHandMiddle2
                    } // End of Armature_mixamorig_RightHandMiddle1
                    Frame Armature_mixamorig_RightHandPinky1 {
                      FrameTransformMatrix {
                         0.988165, 0.133817,-0.074978, 0.000000,
                        -0.045388, 0.722000, 0.690402, 0.000000,
                         0.146522,-0.678829, 0.719529, 0.000000,
                        -11.143713,14.820508, 0.002404, 1.000000;;
                      }
                      Frame Armature_mixamorig_RightHandPinky2 {
                        FrameTransformMatrix {
                           0.993511, 0.083972, 0.076714, 0.000000,
                          -0.083972, 0.086613, 0.992697, 0.000000,
                           0.076714,-0.992697, 0.093102, 0.000000,
                           0.000007, 5.576012,-0.000012, 1.000000;;
                        }
                        Frame Armature_mixamorig_RightHandPinky3 {
                          FrameTransformMatrix {
                             0.989425, 0.073548, 0.125016, 0.000000,
                            -0.073548,-0.488491, 0.869464, 0.000000,
                             0.125016,-0.869464,-0.477916, 0.000000,
                            -0.000004, 4.089978, 0.000003, 1.000000;;
                          }
                          Frame Armature_mixamorig_RightHandPinky4 {
                            FrameTransformMatrix {
                               1.000000, 0.000000,-0.000000, 0.000000,
                              -0.000000, 1.000000, 0.000000, 0.000000,
                               0.000000,-0.000000, 1.000000, 0.000000,
                              -0.000004, 4.223009,-0.000011, 1.000000;;
                            }
                          } // End of Armature_mixamorig_RightHandPinky4
                        } // End of Armature_mixamorig_RightHandPinky3
                      } // End of Armature_mixamorig_RightHandPinky2
                    } // End of Armature_mixamorig_RightHandPinky1
                    Frame Armature_mixamorig_RightHandRing1 {
                      FrameTransformMatrix {
                         0.997769, 0.066746, 0.001684, 0.000000,
                        -0.053839, 0.789392, 0.611524, 0.000000,
                         0.039487,-0.610250, 0.791224, 0.000000,
                        -5.832507,16.592411,-0.117297, 1.000000;;
                      }
                      Frame Armature_mixamorig_RightHandRing2 {
                        FrameTransformMatrix {
                           0.990075, 0.077359, 0.117336, 0.000000,
                          -0.077360,-0.397048, 0.914532, 0.000000,
                           0.117335,-0.914532,-0.387123, 0.000000,
                           0.000000, 6.332998, 0.000023, 1.000000;;
                        }
                        Frame Armature_mixamorig_RightHandRing3 {
                          FrameTransformMatrix {
                             0.996105, 0.075197, 0.046046, 0.000000,
                            -0.075197, 0.451753, 0.888968, 0.000000,
                             0.046047,-0.888968, 0.455648, 0.000000,
                             0.000006, 5.608994, 0.000001, 1.000000;;
                          }
                          Frame Armature_mixamorig_RightHandRing4 {
                            FrameTransformMatrix {
                               1.000000,-0.000000,-0.000000, 0.000000,
                               0.000000, 1.000000, 0.000000, 0.000000,
                              -0.000000,-0.000000, 1.000000, 0.000000,
                              -0.000005, 4.490027,-0.000001, 1.000000;;
                            }
                          } // End of Armature_mixamorig_RightHandRing4
                        } // End of Armature_mixamorig_RightHandRing3
                      } // End of Armature_mixamorig_RightHandRing2
                    } // End of Armature_mixamorig_RightHandRing1
                    Frame Armature_mixamorig_RightHandThumb1 {
                      FrameTransformMatrix {
                         0.703739,-0.698248,-0.131155, 0.000000,
                         0.669964, 0.590786, 0.449578, 0.000000,
                        -0.236433,-0.404254, 0.883560, 0.000000,
                         7.297796, 5.809095, 5.141007, 1.000000;;
                      }
                      Frame Armature_mixamorig_RightHandThumb2 {
                        FrameTransformMatrix {
                           0.694773, 0.707585,-0.128891, 0.000000,
                          -0.709341, 0.703742, 0.039771, 0.000000,
                           0.118847, 0.063796, 0.990861, 0.000000,
                           0.000001, 6.982111,-0.000014, 1.000000;;
                        }
                        Frame Armature_mixamorig_RightHandThumb3 {
                          FrameTransformMatrix {
                             0.923661, 0.374187, 0.082672, 0.000000,
                            -0.310869, 0.857799,-0.409319, 0.000000,
                            -0.224078, 0.352371, 0.908638, 0.000000,
                             0.000001, 4.446884, 0.000015, 1.000000;;
                          }
                          Frame Armature_mixamorig_RightHandThumb4 {
                            FrameTransformMatrix {
                               1.000000, 0.000001,-0.000001, 0.000000,
                              -0.000001, 1.000000,-0.000000, 0.000000,
                               0.000001, 0.000000, 1.000000, 0.000000,
                              -0.000003, 5.338524,-0.000008, 1.000000;;
                            }
                          } // End of Armature_mixamorig_RightHandThumb4
                        } // End of Armature_mixamorig_RightHandThumb3
                      } // End of Armature_mixamorig_RightHandThumb2
                    } // End of Armature_mixamorig_RightHandThumb1
                  } // End of Armature_mixamorig_RightHand
                } // End of Armature_mixamorig_RightForeArm
              } // End of Armature_mixamorig_RightArm
            } // End of Armature_mixamorig_RightShoulder
          } // End of Armature_mixamorig_Spine2
        } // End of Armature_mixamorig_Spine1
      } // End of Armature_mixamorig_Spine
    } // End of Armature_mixamorig_Hips
  } // End of Armature
} // End of Root
AnimationSet Global {
  Animation {
    {Armature}
    AnimationKey { // Rotation
      0;
      50;
      0;4;-0.707107, 0.707107, 0.000000, 0.000000;;,
      1;4;-0.707107, 0.707107, 0.000000, 0.000000;;,
      2;4;-0.707107, 0.707107, 0.000000, 0.000000;;,
      3;4;-0.707107, 0.707107, 0.000000, 0.000000;;,
      4;4;-0.707107, 0.707107, 0.000000, 0.000000;;,
      5;4;-0.707107, 0.707107, 0.000000, 0.000000;;,
      6;4;-0.707107, 0.707107, 0.000000, 0.000000;;,
      7;4;-0.707107, 0.707107, 0.000000, 0.000000;;,
      8;4;-0.707107, 0.707107, 0.000000, 0.000000;;,
      9;4;-0.707107, 0.707107, 0.000000, 0.000000;;,
      10;4;-0.707107, 0.707107, 0.000000, 0.000000;;,
      11;4;-0.707107, 0.707107, 0.000000, 0.000000;;,
      12;4;-0.707107, 0.707107, 0.000000, 0.000000;;,
      13;4;-0.707107, 0.707107, 0.000000, 0.000000;;,
      14;4;-0.707107, 0.707107, 0.000000, 0.000000;;,
      15;4;-0.707107, 0.707107, 0.000000, 0.000000;;,
      16;4;-0.707107, 0.707107, 0.000000, 0.000000;;,
      17;4;-0.707107, 0.707107, 0.000000, 0.000000;;,
      18;4;-0.707107, 0.707107, 0.000000, 0.000000;;,
      19;4;-0.707107, 0.707107, 0.000000, 0.000000;;,
      20;4;-0.707107, 0.707107, 0.000000, 0.000000;;,
      21;4;-0.707107, 0.707107, 0.000000, 0.000000;;,
      22;4;-0.707107, 0.707107, 0.000000, 0.000000;;,
      23;4;-0.707107, 0.707107, 0.000000, 0.000000;;,
      24;4;-0.707107, 0.707107, 0.000000, 0.000000;;,
      25;4;-0.707107, 0.707107, 0.000000, 0.000000;;,
      26;4;-0.707107, 0.707107, 0.000000, 0.000000;;,
      27;4;-0.707107, 0.707107, 0.000000, 0.000000;;,
      28;4;-0.707107, 0.707107, 0.000000, 0.000000;;,
      29;4;-0.707107, 0.707107, 0.000000, 0.000000;;,
      30;4;-0.707107, 0.707107, 0.000000, 0.000000;;,
      31;4;-0.707107, 0.707107, 0.000000, 0.000000;;,
      32;4;-0.707107, 0.707107, 0.000000, 0.000000;;,
      33;4;-0.707107, 0.707107, 0.000000, 0.000000;;,
      34;4;-0.707107, 0.707107, 0.000000, 0.000000;;,
      35;4;-0.707107, 0.707107, 0.000000, 0.000000;;,
      36;4;-0.707107, 0.707107, 0.000000, 0.000000;;,
      37;4;-0.707107, 0.707107, 0.000000, 0.000000;;,
      38;4;-0.707107, 0.707107, 0.000000, 0.000000;;,
      39;4;-0.707107, 0.707107, 0.000000, 0.000000;;,
      40;4;-0.707107, 0.707107, 0.000000, 0.000000;;,
      41;4;-0.707107, 0.707107, 0.000000, 0.000000;;,
      42;4;-0.707107, 0.707107, 0.000000, 0.000000;;,
      43;4;-0.707107, 0.707107, 0.000000, 0.000000;;,
      44;4;-0.707107, 0.707107, 0.000000, 0.000000;;,
      45;4;-0.707107, 0.707107, 0.000000, 0.000000;;,
      46;4;-0.707107, 0.707107, 0.000000, 0.000000;;,
      47;4;-0.707107, 0.707107, 0.000000, 0.000000;;,
      48;4;-0.707107, 0.707107, 0.000000, 0.000000;;,
      49;4;-0.707107, 0.707107, 0.000000, 0.000000;;;
    }
    AnimationKey { // Scale
      1;
      50;
      0;3; 0.110000, 0.110000, 0.110000;;,
      1;3; 0.110000, 0.110000, 0.110000;;,
      2;3; 0.110000, 0.110000, 0.110000;;,
      3;3; 0.110000, 0.110000, 0.110000;;,
      4;3; 0.110000, 0.110000, 0.110000;;,
      5;3; 0.110000, 0.110000, 0.110000;;,
      6;3; 0.110000, 0.110000, 0.110000;;,
      7;3; 0.110000, 0.110000, 0.110000;;,
      8;3; 0.110000, 0.110000, 0.110000;;,
      9;3; 0.110000, 0.110000, 0.110000;;,
      10;3; 0.110000, 0.110000, 0.110000;;,
      11;3; 0.110000, 0.110000, 0.110000;;,
      12;3; 0.110000, 0.110000, 0.110000;;,
      13;3; 0.110000, 0.110000, 0.110000;;,
      14;3; 0.110000, 0.110000, 0.110000;;,
      15;3; 0.110000, 0.110000, 0.110000;;,
      16;3; 0.110000, 0.110000, 0.110000;;,
      17;3; 0.110000, 0.110000, 0.110000;;,
      18;3; 0.110000, 0.110000, 0.110000;;,
      19;3; 0.110000, 0.110000, 0.110000;;,
      20;3; 0.110000, 0.110000, 0.110000;;,
      21;3; 0.110000, 0.110000, 0.110000;;,
      22;3; 0.110000, 0.110000, 0.110000;;,
      23;3; 0.110000, 0.110000, 0.110000;;,
      24;3; 0.110000, 0.110000, 0.110000;;,
      25;3; 0.110000, 0.110000, 0.110000;;,
      26;3; 0.110000, 0.110000, 0.110000;;,
      27;3; 0.110000, 0.110000, 0.110000;;,
      28;3; 0.110000, 0.110000, 0.110000;;,
      29;3; 0.110000, 0.110000, 0.110000;;,
      30;3; 0.110000, 0.110000, 0.110000;;,
      31;3; 0.110000, 0.110000, 0.110000;;,
      32;3; 0.110000, 0.110000, 0.110000;;,
      33;3; 0.110000, 0.110000, 0.110000;;,
      34;3; 0.110000, 0.110000, 0.110000;;,
      35;3; 0.110000, 0.110000, 0.110000;;,
      36;3; 0.110000, 0.110000, 0.110000;;,
      37;3; 0.110000, 0.110000, 0.110000;;,
      38;3; 0.110000, 0.110000, 0.110000;;,
      39;3; 0.110000, 0.110000, 0.110000;;,
      40;3; 0.110000, 0.110000, 0.110000;;,
      41;3; 0.110000, 0.110000, 0.110000;;,
      42;3; 0.110000, 0.110000, 0.110000;;,
      43;3; 0.110000, 0.110000, 0.110000;;,
      44;3; 0.110000, 0.110000, 0.110000;;,
      45;3; 0.110000, 0.110000, 0.110000;;,
      46;3; 0.110000, 0.110000, 0.110000;;,
      47;3; 0.110000, 0.110000, 0.110000;;,
      48;3; 0.110000, 0.110000, 0.110000;;,
      49;3; 0.110000, 0.110000, 0.110000;;;
    }
    AnimationKey { // Position
      2;
      50;
      0;3; 0.000000, 0.000000, 0.000000;;,
      1;3; 0.000000, 0.000000, 0.000000;;,
      2;3; 0.000000, 0.000000, 0.000000;;,
      3;3; 0.000000, 0.000000, 0.000000;;,
      4;3; 0.000000, 0.000000, 0.000000;;,
      5;3; 0.000000, 0.000000, 0.000000;;,
      6;3; 0.000000, 0.000000, 0.000000;;,
      7;3; 0.000000, 0.000000, 0.000000;;,
      8;3; 0.000000, 0.000000, 0.000000;;,
      9;3; 0.000000, 0.000000, 0.000000;;,
      10;3; 0.000000, 0.000000, 0.000000;;,
      11;3; 0.000000, 0.000000, 0.000000;;,
      12;3; 0.000000, 0.000000, 0.000000;;,
      13;3; 0.000000, 0.000000, 0.000000;;,
      14;3; 0.000000, 0.000000, 0.000000;;,
      15;3; 0.000000, 0.000000, 0.000000;;,
      16;3; 0.000000, 0.000000, 0.000000;;,
      17;3; 0.000000, 0.000000, 0.000000;;,
      18;3; 0.000000, 0.000000, 0.000000;;,
      19;3; 0.000000, 0.000000, 0.000000;;,
      20;3; 0.000000, 0.000000, 0.000000;;,
      21;3; 0.000000, 0.000000, 0.000000;;,
      22;3; 0.000000, 0.000000, 0.000000;;,
      23;3; 0.000000, 0.000000, 0.000000;;,
      24;3; 0.000000, 0.000000, 0.000000;;,
      25;3; 0.000000, 0.000000, 0.000000;;,
      26;3; 0.000000, 0.000000, 0.000000;;,
      27;3; 0.000000, 0.000000, 0.000000;;,
      28;3; 0.000000, 0.000000, 0.000000;;,
      29;3; 0.000000, 0.000000, 0.000000;;,
      30;3; 0.000000, 0.000000, 0.000000;;,
      31;3; 0.000000, 0.000000, 0.000000;;,
      32;3; 0.000000, 0.000000, 0.000000;;,
      33;3; 0.000000, 0.000000, 0.000000;;,
      34;3; 0.000000, 0.000000, 0.000000;;,
      35;3; 0.000000, 0.000000, 0.000000;;,
      36;3; 0.000000, 0.000000, 0.000000;;,
      37;3; 0.000000, 0.000000, 0.000000;;,
      38;3; 0.000000, 0.000000, 0.000000;;,
      39;3; 0.000000, 0.000000, 0.000000;;,
      40;3; 0.000000, 0.000000, 0.000000;;,
      41;3; 0.000000, 0.000000, 0.000000;;,
      42;3; 0.000000, 0.000000, 0.000000;;,
      43;3; 0.000000, 0.000000, 0.000000;;,
      44;3; 0.000000, 0.000000, 0.000000;;,
      45;3; 0.000000, 0.000000, 0.000000;;,
      46;3; 0.000000, 0.000000, 0.000000;;,
      47;3; 0.000000, 0.000000, 0.000000;;,
      48;3; 0.000000, 0.000000, 0.000000;;,
      49;3; 0.000000, 0.000000, 0.000000;;;
    }
  }
  Animation {
    {Armature_mixamorig_Hips}
    AnimationKey { // Rotation
      0;
      50;
      0;4;-0.918732,-0.042475,-0.392243, 0.016523;;,
      1;4;-0.924384,-0.049803,-0.377682, 0.019744;;,
      2;4;-0.943323,-0.064164,-0.325009, 0.019842;;,
      3;4;-0.967565,-0.084043,-0.237318, 0.020850;;,
      4;4;-0.982975,-0.099380,-0.151190, 0.032017;;,
      5;4;-0.990081,-0.104448,-0.080223, 0.048936;;,
      6;4;-0.993071,-0.101157,-0.002291, 0.059769;;,
      7;4;-0.990183,-0.088812, 0.088461, 0.061837;;,
      8;4;-0.981100,-0.068096, 0.170967, 0.059806;;,
      9;4;-0.971465,-0.045501, 0.225725, 0.056858;;,
      10;4;-0.967954,-0.029477, 0.243521, 0.053788;;,
      11;4;-0.970605,-0.023573, 0.234412, 0.049199;;,
      12;4;-0.974331,-0.023107, 0.219575, 0.043945;;,
      13;4;-0.977899,-0.019713, 0.204128, 0.040692;;,
      14;4;-0.982068,-0.007800, 0.184205, 0.039364;;,
      15;4;-0.986112, 0.010113, 0.161239, 0.038517;;,
      16;4;-0.989856, 0.024996, 0.134929, 0.036803;;,
      17;4;-0.993766, 0.032413, 0.101480, 0.032881;;,
      18;4;-0.997257, 0.039169, 0.057332, 0.025624;;,
      19;4;-0.998437, 0.053452, 0.001026, 0.016263;;,
      20;4;-0.995433, 0.072237,-0.061915, 0.007874;;,
      21;4;-0.988557, 0.087338,-0.122964, 0.002524;;,
      22;4;-0.978753, 0.098293,-0.179944, 0.001438;;,
      23;4;-0.966220, 0.107913,-0.233994, 0.004483;;,
      24;4;-0.951671, 0.114362,-0.284880, 0.009352;;,
      25;4;-0.935381, 0.115514,-0.333953, 0.013951;;,
      26;4;-0.917010, 0.113269,-0.381972, 0.018958;;,
      27;4;-0.898139, 0.109735,-0.424983, 0.026339;;,
      28;4;-0.881694, 0.104155,-0.458792, 0.035727;;,
      29;4;-0.869029, 0.096042,-0.483264, 0.044955;;,
      30;4;-0.860391, 0.086149,-0.499453, 0.053413;;,
      31;4;-0.856478, 0.074527,-0.507086, 0.061283;;,
      32;4;-0.857381, 0.060826,-0.506578, 0.067660;;,
      33;4;-0.861667, 0.045370,-0.500261, 0.072183;;,
      34;4;-0.867884, 0.029323,-0.490108, 0.075577;;,
      35;4;-0.875452, 0.013419,-0.476772, 0.078056;;,
      36;4;-0.883333,-0.002105,-0.462099, 0.078639;;,
      37;4;-0.889892,-0.015837,-0.449413, 0.076612;;,
      38;4;-0.894744,-0.026607,-0.439865, 0.072413;;,
      39;4;-0.899120,-0.035662,-0.431153, 0.066475;;,
      40;4;-0.903946,-0.043711,-0.421295, 0.059003;;,
      41;4;-0.908715,-0.048949,-0.411390, 0.050989;;,
      42;4;-0.912790,-0.050585,-0.402954, 0.043407;;,
      43;4;-0.916017,-0.050796,-0.396268, 0.036103;;,
      44;4;-0.917914,-0.051408,-0.392350, 0.029206;;,
      45;4;-0.918269,-0.051471,-0.391860, 0.024062;;,
