xof 0303txt 0032

template XSkinMeshHeader {
  <3cf169ce-ff7c-44ab-93c0-f78f62d172e2>
  WORD nMaxSkinWeightsPerVertex;
  WORD nMaxSkinWeightsPerFace;
  WORD nBones;
}

template SkinWeights {
  <6f0d123b-bad2-4167-a0d0-80224f25fabb>
  STRING transformNodeName;
  DWORD nWeights;
  array DWORD vertexIndices[nWeights];
  array float weights[nWeights];
  Matrix4x4 matrixOffset;
}

Frame Root {
  FrameTransformMatrix {
     1.000000, 0.000000, 0.000000, 0.000000,
     0.000000,-0.000000,-1.000000, 0.000000,
     0.000000, 1.000000,-0.000000, 0.000000,
     0.000000, 0.000000, 0.000000, 1.000000;;
  }
  Frame Armature {
    FrameTransformMatrix {
       0.110000, 0.000000, 0.000000, 0.000000,
       0.000000,-0.000000, 0.110000, 0.000000,
       0.000000,-0.110000,-0.000000, 0.000000,
       0.000000, 0.000000, 0.000000, 1.000000;;
    }
    Frame Armature_mixamorig_Hips {
      FrameTransformMatrix {
         0.691745, 0.063682, 0.719328, 0.000000,
         0.002960, 0.995846,-0.091009, 0.000000,
        -0.722136, 0.065085, 0.688683, 0.000000,
         1.946301,81.014282,-2.122460, 1.000000;;
      }
      Frame Armature_mixamorig_LeftUpLeg {
        FrameTransformMatrix {
          -0.936663,-0.228668, 0.265280, 0.000000,
           0.346830,-0.710935, 0.611783, 0.000000,
           0.048702, 0.665043, 0.745210, 0.000000,
          15.658500,-8.406796, 1.467000, 1.000000;;
        }
        Frame Armature_mixamorig_LeftLeg {
          FrameTransformMatrix {
             0.988656,-0.093853,-0.117267, 0.000000,
            -0.096118, 0.204612,-0.974112, 0.000000,
             0.115418, 0.974333, 0.193270, 0.000000,
             0.000002,37.074806, 0.000001, 1.000000;;
          }
          Frame Armature_mixamorig_LeftFoot {
            FrameTransformMatrix {
               0.981706,-0.185647,-0.042280, 0.000000,
               0.081171, 0.207201, 0.974925, 0.000000,
              -0.172232,-0.960522, 0.218479, 0.000000,
               0.000001,38.107533,-0.000001, 1.000000;;
            }
            Frame Armature_mixamorig_LeftToeBase {
              FrameTransformMatrix {
                 0.992988,-0.063835, 0.099500, 0.000000,
                -0.025433, 0.706612, 0.707144, 0.000000,
                -0.115449,-0.704716, 0.700033, 0.000000,
                -0.000005,27.500036, 0.000002, 1.000000;;
              }
              Frame Armature_mixamorig_LeftToe_End {
                FrameTransformMatrix {
                   1.000000,-0.000000,-0.000000, 0.000000,
                   0.000000, 1.000000, 0.000000, 0.000000,
                   0.000000,-0.000000, 1.000000, 0.000000,
                   0.000003,18.087687,-0.000000, 1.000000;;
                }
              } // End of Armature_mixamorig_LeftToe_End
            } // End of Armature_mixamorig_LeftToeBase
          } // End of Armature_mixamorig_LeftFoot
        } // End of Armature_mixamorig_LeftLeg
      } // End of Armature_mixamorig_LeftUpLeg
      Frame Armature_mixamorig_RightUpLeg {
        FrameTransformMatrix {
          -0.837367, 0.439072,-0.325624, 0.000000,
          -0.538488,-0.765052, 0.353165, 0.000000,
          -0.094055, 0.471074, 0.877060, 0.000000,
          -15.658502,-8.406796, 1.467000, 1.000000;;
        }
        Frame Armature_mixamorig_RightLeg {
          FrameTransformMatrix {
             0.986586,-0.147848, 0.069204, 0.000000,
             0.095948, 0.182217,-0.978566, 0.000000,
             0.132069, 0.972079, 0.193959, 0.000000,
             0.000000,37.074711,-0.000001, 1.000000;;
          }
          Frame Armature_mixamorig_RightFoot {
            FrameTransformMatrix {
               0.885113, 0.462632,-0.050452, 0.000000,
               0.001005, 0.106511, 0.994311, 0.000000,
               0.465374,-0.880129, 0.093809, 0.000000,
               0.000005,38.107525,-0.000003, 1.000000;;
            }
            Frame Armature_mixamorig_RightToeBase {
              FrameTransformMatrix {
                 0.993654, 0.059731,-0.095308, 0.000000,
                 0.022389, 0.725358, 0.688008, 0.000000,
                 0.110228,-0.685775, 0.719418, 0.000000,
                 0.000004,27.500040, 0.000002, 1.000000;;
              }
              Frame Armature_mixamorig_RightToe_End {
                FrameTransformMatrix {
                   1.000000, 0.000000, 0.000000, 0.000000,
                  -0.000000, 1.000000, 0.000000, 0.000000,
                  -0.000000,-0.000000, 1.000000, 0.000000,
                  -0.000003,18.088087, 0.000000, 1.000000;;
                }
              } // End of Armature_mixamorig_RightToe_End
            } // End of Armature_mixamorig_RightToeBase
          } // End of Armature_mixamorig_RightFoot
        } // End of Armature_mixamorig_RightLeg
      } // End of Armature_mixamorig_RightUpLeg
      Frame Armature_mixamorig_Spine {
        FrameTransformMatrix {
           0.991741,-0.007207,-0.128054, 0.000000,
           0.028880, 0.985328, 0.168210, 0.000000,
           0.124963,-0.170518, 0.977398, 0.000000,
           0.000000,12.947410, 1.306901, 1.000000;;
        }
        Frame Armature_mixamorig_Spine1 {
          FrameTransformMatrix {
             0.999723,-0.015446,-0.017753, 0.000000,
             0.015949, 0.999466, 0.028515, 0.000000,
             0.017303,-0.028790, 0.999436, 0.000000,
             0.000000,11.650510,-0.000001, 1.000000;;
          }
          Frame Armature_mixamorig_Spine2 {
            FrameTransformMatrix {
               0.999731,-0.014905,-0.017762, 0.000000,
               0.015603, 0.999084, 0.039846, 0.000000,
               0.017152,-0.040112, 0.999048, 0.000000,
               0.000000,11.899602,-0.000000, 1.000000;;
            }
            Frame Armature_mixamorig_LeftShoulder {
              FrameTransformMatrix {
                -0.063361, 0.020563,-0.997779, 0.000000,
                 0.804978,-0.589921,-0.063275, 0.000000,
                -0.589912,-0.807199, 0.020825, 0.000000,
                15.693201,30.527603,-14.885506, 1.000000;;
              }
              Frame Armature_mixamorig_LeftArm {
                FrameTransformMatrix {
                   0.592244, 0.295811, 0.749495, 0.000000,
                  -0.598628, 0.784155, 0.163539, 0.000000,
                  -0.539344,-0.545523, 0.641492, 0.000000,
                   0.000000,18.001997,-0.000005, 1.000000;;
                }
                Frame Armature_mixamorig_LeftForeArm {
                  FrameTransformMatrix {
                    -0.281640, 0.959520, 0.000006, 0.000000,
                    -0.959520,-0.281640, 0.000005, 0.000000,
                     0.000007,-0.000004, 1.000000, 0.000000,
                    -0.000002,37.520103, 0.000005, 1.000000;;
                  }
                  Frame Armature_mixamorig_LeftHand {
                    FrameTransformMatrix {
                       0.991307, 0.127313,-0.033187, 0.000000,
                      -0.111557, 0.947083, 0.300979, 0.000000,
                       0.069750,-0.294660, 0.953053, 0.000000,
                      -0.000001,41.865604,-0.000003, 1.000000;;
                    }
                    Frame Armature_mixamorig_LeftHandIndex1 {
                      FrameTransformMatrix {
                         0.998476,-0.055049,-0.003977, 0.000000,
                         0.042118, 0.713392, 0.699499, 0.000000,
                        -0.035669,-0.698600, 0.714623, 0.000000,
                        -6.345706,17.472912, 0.144184, 1.000000;;
                      }
                      Frame Armature_mixamorig_LeftHandIndex2 {
                        FrameTransformMatrix {
                           0.989334,-0.104992,-0.100965, 0.000000,
                           0.104992, 0.033548, 0.993907, 0.000000,
                          -0.100965,-0.993907, 0.044213, 0.000000,
                          -0.000000, 6.306504,-0.000004, 1.000000;;
                        }
                        Frame Armature_mixamorig_LeftHandIndex3 {
                          FrameTransformMatrix {
                             0.995907,-0.081655,-0.038743, 0.000000,
                             0.081655, 0.629147, 0.772986, 0.000000,
                            -0.038743,-0.772986, 0.633239, 0.000000,
                            -0.000006, 5.286989,-0.000001, 1.000000;;
                          }
                          Frame Armature_mixamorig_LeftHandIndex4 {
                            FrameTransformMatrix {
                               1.000000, 0.000000, 0.000000, 0.000000,
                               0.000000, 1.000000,-0.000000, 0.000000,
                              -0.000000, 0.000000, 1.000000, 0.000000,
                              -0.000002, 4.643604,-0.000016, 1.000000;;
                            }
                          } // End of Armature_mixamorig_LeftHandIndex4
                        } // End of Armature_mixamorig_LeftHandIndex3
                      } // End of Armature_mixamorig_LeftHandIndex2
                    } // End of Armature_mixamorig_LeftHandIndex1
                    Frame Armature_mixamorig_LeftHandMiddle1 {
                      FrameTransformMatrix {
                         0.998001,-0.062565, 0.008920, 0.000000,
                         0.043550, 0.783128, 0.620333, 0.000000,
                        -0.045797,-0.618704, 0.784288, 0.000000,
                        -0.112404,18.009914,-0.441110, 1.000000;;
                      }
                      Frame Armature_mixamorig_LeftHandMiddle2 {
                        FrameTransformMatrix {
                           0.987837,-0.104502,-0.115140, 0.000000,
                           0.104501,-0.102139, 0.989266, 0.000000,
                          -0.115140,-0.989266,-0.089976, 0.000000,
                          -0.000000, 6.842806, 0.000012, 1.000000;;
                        }
                        Frame Armature_mixamorig_LeftHandMiddle3 {
                          FrameTransformMatrix {
                             0.995868,-0.081955,-0.039114, 0.000000,
                             0.081955, 0.625598, 0.775829, 0.000000,
                            -0.039114,-0.775829, 0.629730, 0.000000,
                             0.000006, 5.656107, 0.000002, 1.000000;;
                          }
                          Frame Armature_mixamorig_LeftHandMiddle4 {
                            FrameTransformMatrix {
                               1.000000, 0.000000,-0.000000, 0.000000,
                              -0.000000, 1.000000, 0.000000, 0.000000,
                              -0.000000,-0.000000, 1.000000, 0.000000,
                               0.000003, 4.457910, 0.000008, 1.000000;;
                            }
                          } // End of Armature_mixamorig_LeftHandMiddle4
                        } // End of Armature_mixamorig_LeftHandMiddle3
                      } // End of Armature_mixamorig_LeftHandMiddle2
                    } // End of Armature_mixamorig_LeftHandMiddle1
                    Frame Armature_mixamorig_LeftHandPinky1 {
                      FrameTransformMatrix {
                         0.986065,-0.151962, 0.067699, 0.000000,
                         0.061905, 0.712894, 0.698534, 0.000000,
                        -0.154413,-0.684609, 0.712368, 0.000000,
                        11.143600,14.820609, 0.001781, 1.000000;;
                      }
                      Frame Armature_mixamorig_LeftHandPinky2 {
                        FrameTransformMatrix {
                           0.989920,-0.104656,-0.095421, 0.000000,
                           0.104656, 0.086613, 0.990730, 0.000000,
                          -0.095421,-0.990730, 0.096693, 0.000000,
                          -0.000002, 5.576303,-0.000018, 1.000000;;
                        }
                        Frame Armature_mixamorig_LeftHandPinky3 {
                          FrameTransformMatrix {
                             0.983573,-0.091664,-0.155502, 0.000000,
                             0.091664,-0.488491, 0.867741, 0.000000,
                            -0.155502,-0.867741,-0.472064, 0.000000,
                             0.000006, 4.090175, 0.000002, 1.000000;;
                          }
                          Frame Armature_mixamorig_LeftHandPinky4 {
                            FrameTransformMatrix {
                               1.000000,-0.000000,-0.000000, 0.000000,
                               0.000000, 1.000000,-0.000000, 0.000000,
                              -0.000000,-0.000000, 1.000000, 0.000000,
                               0.000005, 4.222300,-0.000014, 1.000000;;
                            }
                          } // End of Armature_mixamorig_LeftHandPinky4
                        } // End of Armature_mixamorig_LeftHandPinky3
                      } // End of Armature_mixamorig_LeftHandPinky2
                    } // End of Armature_mixamorig_LeftHandPinky1
                    Frame Armature_mixamorig_LeftHandRing1 {
                      FrameTransformMatrix {
                         0.996564,-0.082546,-0.006794, 0.000000,
                         0.068943, 0.781274, 0.620369, 0.000000,
                        -0.045901,-0.618706, 0.784280, 0.000000,
                         5.832497,16.592607,-0.117407, 1.000000;;
                      }
                      Frame Armature_mixamorig_LeftHandRing2 {
                        FrameTransformMatrix {
                           0.984583,-0.096416,-0.145949, 0.000000,
                           0.096416,-0.397048, 0.912720, 0.000000,
                          -0.145949,-0.912720,-0.381630, 0.000000,
                          -0.000004, 6.332899, 0.000002, 1.000000;;
                        }
                        Frame Armature_mixamorig_LeftHandRing3 {
                          FrameTransformMatrix {
                             0.993950,-0.093720,-0.057275, 0.000000,
                             0.093720, 0.451753, 0.887207, 0.000000,
                            -0.057275,-0.887207, 0.457803, 0.000000,
                             0.000002, 5.608894,-0.000002, 1.000000;;
                          }
                          Frame Armature_mixamorig_LeftHandRing4 {
                            FrameTransformMatrix {
                               1.000000,-0.000000, 0.000000, 0.000000,
                              -0.000000, 1.000000, 0.000000, 0.000000,
                              -0.000000,-0.000000, 1.000000, 0.000000,
                               0.000004, 4.489699,-0.000027, 1.000000;;
                            }
                          } // End of Armature_mixamorig_LeftHandRing4
                        } // End of Armature_mixamorig_LeftHandRing3
                      } // End of Armature_mixamorig_LeftHandRing2
                    } // End of Armature_mixamorig_LeftHandRing1
                    Frame Armature_mixamorig_LeftHandThumb1 {
                      FrameTransformMatrix {
                         0.730078, 0.674702, 0.108459, 0.000000,
                        -0.639411, 0.618462, 0.456790, 0.000000,
                         0.241120,-0.402842, 0.882938, 0.000000,
                        -7.297908, 5.809511, 5.140789, 1.000000;;
                      }
                      Frame Armature_mixamorig_LeftHandThumb2 {
                        FrameTransformMatrix {
                           0.718198,-0.685681, 0.118458, 0.000000,
                           0.685853, 0.726296, 0.045827, 0.000000,
                          -0.117458, 0.048332, 0.991901, 0.000000,
                          -0.000001, 6.981902, 0.000000, 1.000000;;
                        }
                        Frame Armature_mixamorig_LeftHandThumb3 {
                          FrameTransformMatrix {
                             0.955324,-0.271625,-0.116514, 0.000000,
                             0.204571, 0.892206,-0.402640, 0.000000,
                             0.213322, 0.360817, 0.907912, 0.000000,
                            -0.000005, 4.446800, 0.000004, 1.000000;;
                          }
                          Frame Armature_mixamorig_LeftHandThumb4 {
                            FrameTransformMatrix {
                               1.000000,-0.000002, 0.000003, 0.000000,
                               0.000002, 1.000000,-0.000002, 0.000000,
                              -0.000003, 0.000002, 1.000000, 0.000000,
                               0.000000, 5.337983, 0.000013, 1.000000;;
                            }
                          } // End of Armature_mixamorig_LeftHandThumb4
                        } // End of Armature_mixamorig_LeftHandThumb3
                      } // End of Armature_mixamorig_LeftHandThumb2
                    } // End of Armature_mixamorig_LeftHandThumb1
                  } // End of Armature_mixamorig_LeftHand
                } // End of Armature_mixamorig_LeftForeArm
              } // End of Armature_mixamorig_LeftArm
            } // End of Armature_mixamorig_LeftShoulder
            Frame Armature_mixamorig_Neck {
              FrameTransformMatrix {
                 0.970444, 0.079469,-0.227866, 0.000000,
                -0.077035, 0.996836, 0.019570, 0.000000,
                 0.228700,-0.001438, 0.973496, 0.000000,
                 0.000001,29.862503,-6.856803, 1.000000;;
              }
              Frame Armature_mixamorig_Head {
                FrameTransformMatrix {
                   0.936427,-0.017903,-0.350406, 0.000000,
                   0.344285,-0.145591, 0.927508, 0.000000,
                  -0.067621,-0.989183,-0.130172, 0.000000,
                   0.000000,15.812696, 4.504604, 1.000000;;
                }
                Frame Armature_mixamorig_HeadTop_End {
                  FrameTransformMatrix {
                     1.000000, 0.000000, 0.000000, 0.000000,
                     0.000000, 1.000000,-0.000000, 0.000000,
                     0.000000, 0.000000, 1.000000, 0.000000,
                     0.000000, 8.548805,-16.914215, 1.000000;;
                  }
                } // End of Armature_mixamorig_HeadTop_End
                Frame Armature_mixamorig_RightEye {
                  FrameTransformMatrix {
                    -0.000000, 1.000000, 0.000000, 0.000000,
                     0.000000,-0.000000, 1.000000, 0.000000,
                     1.000000, 0.000000,-0.000000, 0.000000,
                    -4.116900,14.065412,-5.662602, 1.000000;;
                  }
                } // End of Armature_mixamorig_RightEye
              } // End of Armature_mixamorig_Head
            } // End of Armature_mixamorig_Neck
            Frame Armature_mixamorig_RightShoulder {
              FrameTransformMatrix {
                 0.223730,-0.052328, 0.973245, 0.000000,
                -0.902283,-0.388710, 0.186519, 0.000000,
                 0.368550,-0.919873,-0.134181, 0.000000,
                -15.693198,30.527897,-14.885502, 1.000000;;
              }
              Frame Armature_mixamorig_RightArm {
                FrameTransformMatrix {
                   0.585667,-0.715500,-0.380860, 0.000000,
                   0.781562, 0.373955, 0.499318, 0.000000,
                  -0.214838,-0.590099, 0.778221, 0.000000,
                   0.000008,18.001900,-0.000013, 1.000000;;
                }
                Frame Armature_mixamorig_RightForeArm {
                  FrameTransformMatrix {
                    -0.275441,-0.961318,-0.000007, 0.000000,
                     0.961318,-0.275441, 0.000005, 0.000000,
                    -0.000007,-0.000005, 1.000000, 0.000000,
                    -0.000005,37.520100, 0.000001, 1.000000;;
                  }
                  Frame Armature_mixamorig_RightHand {
                    FrameTransformMatrix {
                       0.945026,-0.295178,-0.140699, 0.000000,
                       0.313447, 0.940298, 0.132631, 0.000000,
                       0.093149,-0.169442, 0.981128, 0.000000,
                       0.000002,41.865707,-0.000011, 1.000000;;
                    }
                    Frame Armature_mixamorig_RightHandIndex1 {
                      FrameTransformMatrix {
                         0.999293, 0.037531,-0.002242, 0.000000,
                        -0.025583, 0.722447, 0.690953, 0.000000,
                         0.027551,-0.690407, 0.722896, 0.000000,
                         6.345599,17.472998, 0.144412, 1.000000;;
                      }
                      Frame Armature_mixamorig_RightHandIndex2 {
                        FrameTransformMatrix {
                           0.993134, 0.084241, 0.081171, 0.000000,
                          -0.084241, 0.033547, 0.995881, 0.000000,
                           0.081171,-0.995881, 0.040414, 0.000000,
                          -0.000010, 6.306005, 0.000019, 1.000000;;
                        }
                        Frame Armature_mixamorig_RightHandIndex3 {
                          FrameTransformMatrix {
                             0.997365, 0.065516, 0.031147, 0.000000,
                            -0.065516, 0.629147, 0.774521, 0.000000,
                             0.031148,-0.774521, 0.631781, 0.000000,
                            -0.000002, 5.287011, 0.000000, 1.000000;;
                          }
                          Frame Armature_mixamorig_RightHandIndex4 {
                            FrameTransformMatrix {
                               1.000000,-0.000000, 0.000000, 0.000000,
                               0.000000, 1.000000, 0.000000, 0.000000,
                              -0.000000,-0.000000, 1.000000, 0.000000,
                              -0.000004, 4.644001,-0.000005, 1.000000;;
                            }
                          } // End of Armature_mixamorig_RightHandIndex4
                        } // End of Armature_mixamorig_RightHandIndex3
                      } // End of Armature_mixamorig_RightHandIndex2
                    } // End of Armature_mixamorig_RightHandIndex1
                    Frame Armature_mixamorig_RightHandMiddle1 {
                      FrameTransformMatrix {
                         0.998820, 0.046565,-0.013793, 0.000000,
                        -0.028447, 0.791166, 0.610940, 0.000000,
                         0.039361,-0.609827, 0.791557, 0.000000,
                         0.112397,18.009598,-0.440791, 1.000000;;
                      }
                      Frame Armature_mixamorig_RightHandMiddle2 {
                        FrameTransformMatrix {
                           0.992170, 0.083848, 0.092567, 0.000000,
                          -0.083847,-0.102140, 0.991230, 0.000000,
                           0.092567,-0.991230,-0.094309, 0.000000,
                          -0.000002, 6.843004,-0.000023, 1.000000;;
                        }
                        Frame Armature_mixamorig_RightHandMiddle3 {
                          FrameTransformMatrix {
                             0.997340, 0.065757, 0.031446, 0.000000,
                            -0.065757, 0.625599, 0.777369, 0.000000,
                             0.031445,-0.777369, 0.628258, 0.000000,
                             0.000005, 5.656009, 0.000002, 1.000000;;
                          }
                          Frame Armature_mixamorig_RightHandMiddle4 {
                            FrameTransformMatrix {
                               1.000000, 0.000000, 0.000000, 0.000000,
                               0.000000, 1.000000,-0.000000, 0.000000,
                              -0.000000, 0.000000, 1.000000, 0.000000,
                              -0.000002, 4.458001, 0.000012, 1.000000;;
                            }
                          } // End of Armature_mixamorig_RightHandMiddle4
                        } // End of Armature_mixamorig_RightHandMiddle3
                      } // End of Armature_mixamorig_RightHandMiddle2
                    } // End of Armature_mixamorig_RightHandMiddle1
                    Frame Armature_mixamorig_RightHandPinky1 {
                      FrameTransformMatrix {
                         0.988165, 0.133817,-0.074978, 0.000000,
                        -0.045388, 0.722000, 0.690402, 0.000000,
                         0.146522,-0.678829, 0.719529, 0.000000,
                        -11.143713,14.820495, 0.002412, 1.000000;;
                      }
                      Frame Armature_mixamorig_RightHandPinky2 {
                        FrameTransformMatrix {
                           0.993511, 0.083972, 0.076714, 0.000000,
                          -0.083972, 0.086613, 0.992697, 0.000000,
                           0.076714,-0.992697, 0.093102, 0.000000,
                           0.000009, 5.576013,-0.000008, 1.000000;;
                        }
                        Frame Armature_mixamorig_RightHandPinky3 {
                          FrameTransformMatrix {
                             0.989425, 0.073548, 0.125016, 0.000000,
                            -0.073548,-0.488491, 0.869464, 0.000000,
                             0.125016,-0.869464,-0.477916, 0.000000,
                             0.000001, 4.089974,-0.000001, 1.000000;;
                          }
                          Frame Armature_mixamorig_RightHandPinky4 {
                            FrameTransformMatrix {
                               1.000000, 0.000000, 0.000000, 0.000000,
                              -0.000000, 1.000000, 0.000000, 0.000000,
                              -0.000000,-0.000000, 1.000000, 0.000000,
                              -0.000002, 4.223007, 0.000020, 1.000000;;
                            }
                          } // End of Armature_mixamorig_RightHandPinky4
                        } // End of Armature_mixamorig_RightHandPinky3
                      } // End of Armature_mixamorig_RightHandPinky2
                    } // End of Armature_mixamorig_RightHandPinky1
                    Frame Armature_mixamorig_RightHandRing1 {
                      FrameTransformMatrix {
                         0.997769, 0.066746, 0.001685, 0.000000,
                        -0.053839, 0.789392, 0.611524, 0.000000,
                         0.039487,-0.610250, 0.791224, 0.000000,
                        -5.832505,16.592400,-0.117288, 1.000000;;
                      }
                      Frame Armature_mixamorig_RightHandRing2 {
                        FrameTransformMatrix {
                           0.990075, 0.077360, 0.117336, 0.000000,
                          -0.077359,-0.397048, 0.914532, 0.000000,
                           0.117336,-0.914532,-0.387122, 0.000000,
                          -0.000006, 6.332997,-0.000010, 1.000000;;
                        }
                        Frame Armature_mixamorig_RightHandRing3 {
                          FrameTransformMatrix {
                             0.996105, 0.075197, 0.046046, 0.000000,
                            -0.075197, 0.451753, 0.888968, 0.000000,
                             0.046046,-0.888968, 0.455648, 0.000000,
                             0.000006, 5.608984,-0.000001, 1.000000;;
                          }
                          Frame Armature_mixamorig_RightHandRing4 {
                            FrameTransformMatrix {
                               1.000000, 0.000000, 0.000000, 0.000000,
                               0.000000, 1.000000, 0.000000, 0.000000,
                              -0.000000,-0.000000, 1.000000, 0.000000,
                              -0.000003, 4.490022,-0.000006, 1.000000;;
                            }
                          } // End of Armature_mixamorig_RightHandRing4
                        } // End of Armature_mixamorig_RightHandRing3
                      } // End of Armature_mixamorig_RightHandRing2
                    } // End of Armature_mixamorig_RightHandRing1
                    Frame Armature_mixamorig_RightHandThumb1 {
                      FrameTransformMatrix {
                         0.703739,-0.698248,-0.131154, 0.000000,
                         0.669964, 0.590786, 0.449578, 0.000000,
                        -0.236433,-0.404254, 0.883560, 0.000000,
                         7.297799, 5.809087, 5.141004, 1.000000;;
                      }
                      Frame Armature_mixamorig_RightHandThumb2 {
                        FrameTransformMatrix {
                           0.694774, 0.707585,-0.128891, 0.000000,
                          -0.709341, 0.703742, 0.039771, 0.000000,
                           0.118848, 0.063796, 0.990861, 0.000000,
                          -0.000001, 6.982117,-0.000002, 1.000000;;
                        }
                        Frame Armature_mixamorig_RightHandThumb3 {
                          FrameTransformMatrix {
                             0.923661, 0.374187, 0.082672, 0.000000,
                            -0.310869, 0.857799,-0.409319, 0.000000,
                            -0.224078, 0.352371, 0.908638, 0.000000,
                            -0.000003, 4.446899, 0.000009, 1.000000;;
                          }
                          Frame Armature_mixamorig_RightHandThumb4 {
                            FrameTransformMatrix {
                               1.000000, 0.000001,-0.000002, 0.000000,
                              -0.000001, 1.000000,-0.000000, 0.000000,
                               0.000001, 0.000000, 1.000000, 0.000000,
                               0.000004, 5.338506,-0.000003, 1.000000;;
                            }
                          } // End of Armature_mixamorig_RightHandThumb4
                        } // End of Armature_mixamorig_RightHandThumb3
                      } // End of Armature_mixamorig_RightHandThumb2
                    } // End of Armature_mixamorig_RightHandThumb1
                  } // End of Armature_mixamorig_RightHand
                } // End of Armature_mixamorig_RightForeArm
              } // End of Armature_mixamorig_RightArm
            } // End of Armature_mixamorig_RightShoulder
          } // End of Armature_mixamorig_Spine2
        } // End of Armature_mixamorig_Spine1
      } // End of Armature_mixamorig_Spine
    } // End of Armature_mixamorig_Hips
  } // End of Armature
} // End of Root
AnimationSet Global {
  Animation {
    {Armature}
    AnimationKey { // Rotation
      0;
      40;
      0;4;-0.707107, 0.707107, 0.000000, 0.000000;;,
      1;4;-0.707107, 0.707107, 0.000000, 0.000000;;,
      2;4;-0.707107, 0.707107, 0.000000, 0.000000;;,
      3;4;-0.707107, 0.707107, 0.000000, 0.000000;;,
      4;4;-0.707107, 0.707107, 0.000000, 0.000000;;,
      5;4;-0.707107, 0.707107, 0.000000, 0.000000;;,
      6;4;-0.707107, 0.707107, 0.000000, 0.000000;;,
      7;4;-0.707107, 0.707107, 0.000000, 0.000000;;,
      8;4;-0.707107, 0.707107, 0.000000, 0.000000;;,
      9;4;-0.707107, 0.707107, 0.000000, 0.000000;;,
      10;4;-0.707107, 0.707107, 0.000000, 0.000000;;,
      11;4;-0.707107, 0.707107, 0.000000, 0.000000;;,
      12;4;-0.707107, 0.707107, 0.000000, 0.000000;;,
      13;4;-0.707107, 0.707107, 0.000000, 0.000000;;,
      14;4;-0.707107, 0.707107, 0.000000, 0.000000;;,
      15;4;-0.707107, 0.707107, 0.000000, 0.000000;;,
      16;4;-0.707107, 0.707107, 0.000000, 0.000000;;,
      17;4;-0.707107, 0.707107, 0.000000, 0.000000;;,
      18;4;-0.707107, 0.707107, 0.000000, 0.000000;;,
      19;4;-0.707107, 0.707107, 0.000000, 0.000000;;,
      20;4;-0.707107, 0.707107, 0.000000, 0.000000;;,
      21;4;-0.707107, 0.707107, 0.000000, 0.000000;;,
      22;4;-0.707107, 0.707107, 0.000000, 0.000000;;,
      23;4;-0.707107, 0.707107, 0.000000, 0.000000;;,
      24;4;-0.707107, 0.707107, 0.000000, 0.000000;;,
      25;4;-0.707107, 0.707107, 0.000000, 0.000000;;,
      26;4;-0.707107, 0.707107, 0.000000, 0.000000;;,
      27;4;-0.707107, 0.707107, 0.000000, 0.000000;;,
      28;4;-0.707107, 0.707107, 0.000000, 0.000000;;,
      29;4;-0.707107, 0.707107, 0.000000, 0.000000;;,
      30;4;-0.707107, 0.707107, 0.000000, 0.000000;;,
      31;4;-0.707107, 0.707107, 0.000000, 0.000000;;,
      32;4;-0.707107, 0.707107, 0.000000, 0.000000;;,
      33;4;-0.707107, 0.707107, 0.000000, 0.000000;;,
      34;4;-0.707107, 0.707107, 0.000000, 0.000000;;,
      35;4;-0.707107, 0.707107, 0.000000, 0.000000;;,
      36;4;-0.707107, 0.707107, 0.000000, 0.000000;;,
      37;4;-0.707107, 0.707107, 0.000000, 0.000000;;,
      38;4;-0.707107, 0.707107, 0.000000, 0.000000;;,
      39;4;-0.707107, 0.707107, 0.000000, 0.000000;;;
    }
    AnimationKey { // Scale
      1;
      40;
      0;3; 0.110000, 0.110000, 0.110000;;,
      1;3; 0.110000, 0.110000, 0.110000;;,
      2;3; 0.110000, 0.110000, 0.110000;;,
      3;3; 0.110000, 0.110000, 0.110000;;,
      4;3; 0.110000, 0.110000, 0.110000;;,
      5;3; 0.110000, 0.110000, 0.110000;;,
      6;3; 0.110000, 0.110000, 0.110000;;,
      7;3; 0.110000, 0.110000, 0.110000;;,
      8;3; 0.110000, 0.110000, 0.110000;;,
      9;3; 0.110000, 0.110000, 0.110000;;,
      10;3; 0.110000, 0.110000, 0.110000;;,
      11;3; 0.110000, 0.110000, 0.110000;;,
      12;3; 0.110000, 0.110000, 0.110000;;,
      13;3; 0.110000, 0.110000, 0.110000;;,
      14;3; 0.110000, 0.110000, 0.110000;;,
      15;3; 0.110000, 0.110000, 0.110000;;,
      16;3; 0.110000, 0.110000, 0.110000;;,
      17;3; 0.110000, 0.110000, 0.110000;;,
      18;3; 0.110000, 0.110000, 0.110000;;,
      19;3; 0.110000, 0.110000, 0.110000;;,
      20;3; 0.110000, 0.110000, 0.110000;;,
      21;3; 0.110000, 0.110000, 0.110000;;,
      22;3; 0.110000, 0.110000, 0.110000;;,
      23;3; 0.110000, 0.110000, 0.110000;;,
      24;3; 0.110000, 0.110000, 0.110000;;,
      25;3; 0.110000, 0.110000, 0.110000;;,
      26;3; 0.110000, 0.110000, 0.110000;;,
      27;3; 0.110000, 0.110000, 0.110000;;,
      28;3; 0.110000, 0.110000, 0.110000;;,
      29;3; 0.110000, 0.110000, 0.110000;;,
      30;3; 0.110000, 0.110000, 0.110000;;,
      31;3; 0.110000, 0.110000, 0.110000;;,
      32;3; 0.110000, 0.110000, 0.110000;;,
      33;3; 0.110000, 0.110000, 0.110000;;,
      34;3; 0.110000, 0.110000, 0.110000;;,
      35;3; 0.110000, 0.110000, 0.110000;;,
      36;3; 0.110000, 0.110000, 0.110000;;,
      37;3; 0.110000, 0.110000, 0.110000;;,
      38;3; 0.110000, 0.110000, 0.110000;;,
      39;3; 0.110000, 0.110000, 0.110000;;;
    }
    AnimationKey { // Position
      2;
      40;
      0;3; 0.000000, 0.000000, 0.000000;;,
      1;3; 0.000000, 0.000000, 0.000000;;,
      2;3; 0.000000, 0.000000, 0.000000;;,
      3;3; 0.000000, 0.000000, 0.000000;;,
      4;3; 0.000000, 0.000000, 0.000000;;,
      5;3; 0.000000, 0.000000, 0.000000;;,
      6;3; 0.000000, 0.000000, 0.000000;;,
      7;3; 0.000000, 0.000000, 0.000000;;,
      8;3; 0.000000, 0.000000, 0.000000;;,
      9;3; 0.000000, 0.000000, 0.000000;;,
      10;3; 0.000000, 0.000000, 0.000000;;,
      11;3; 0.000000, 0.000000, 0.000000;;,
      12;3; 0.000000, 0.000000, 0.000000;;,
      13;3; 0.000000, 0.000000, 0.000000;;,
      14;3; 0.000000, 0.000000, 0.000000;;,
      15;3; 0.000000, 0.000000, 0.000000;;,
      16;3; 0.000000, 0.000000, 0.000000;;,
      17;3; 0.000000, 0.000000, 0.000000;;,
      18;3; 0.000000, 0.000000, 0.000000;;,
      19;3; 0.000000, 0.000000, 0.000000;;,
      20;3; 0.000000, 0.000000, 0.000000;;,
      21;3; 0.000000, 0.000000, 0.000000;;,
      22;3; 0.000000, 0.000000, 0.000000;;,
      23;3; 0.000000, 0.000000, 0.000000;;,
      24;3; 0.000000, 0.000000, 0.000000;;,
      25;3; 0.000000, 0.000000, 0.000000;;,
      26;3; 0.000000, 0.000000, 0.000000;;,
      27;3; 0.000000, 0.000000, 0.000000;;,
      28;3; 0.000000, 0.000000, 0.000000;;,
      29;3; 0.000000, 0.000000, 0.000000;;,
      30;3; 0.000000, 0.000000, 0.000000;;,
      31;3; 0.000000, 0.000000, 0.000000;;,
      32;3; 0.000000, 0.000000, 0.000000;;,
      33;3; 0.000000, 0.000000, 0.000000;;,
      34;3; 0.000000, 0.000000, 0.000000;;,
      35;3; 0.000000, 0.000000, 0.000000;;,
      36;3; 0.000000, 0.000000, 0.000000;;,
      37;3; 0.000000, 0.000000, 0.000000;;,
      38;3; 0.000000, 0.000000, 0.000000;;,
      39;3; 0.000000, 0.000000, 0.000000;;;
    }
  }
  Animation {
    {Armature_mixamorig_Hips}
    AnimationKey { // Rotation
      0;
      40;
      0;4;-0.918732,-0.042475,-0.392243, 0.016523;;,
      1;4;-0.917850,-0.052861,-0.392772, 0.022058;;,
      2;4;-0.918515,-0.069967,-0.387828, 0.032006;;,
      3;4;-0.923755,-0.105414,-0.365375, 0.045444;;,
      4;4;-0.920057,-0.166437,-0.348284, 0.067030;;,
      5;4;-0.897586,-0.204923,-0.381148, 0.084097;;,
      6;4;-0.878635,-0.206172,-0.420819, 0.091679;;,
      7;4;-0.867665,-0.199349,-0.444835, 0.097670;;,
      8;4;-0.858352,-0.190549,-0.465225, 0.102412;;,
      9;4;-0.857137,-0.179200,-0.472008, 0.102036;;,
      10;4;-0.864739,-0.168943,-0.463053, 0.096264;;,
      11;4;-0.875528,-0.160496,-0.447162, 0.087961;;,
      12;4;-0.886437,-0.150274,-0.430426, 0.079876;;,
      13;4;-0.896754,-0.135221,-0.414815, 0.074002;;,
      14;4;-0.905396,-0.118500,-0.401695, 0.069697;;,
      15;4;-0.911950,-0.105268,-0.391352, 0.064098;;,
      16;4;-0.917686,-0.094720,-0.381753, 0.056085;;,
      17;4;-0.922991,-0.083864,-0.372624, 0.046963;;,
      18;4;-0.926389,-0.073884,-0.367335, 0.037550;;,
      19;4;-0.927055,-0.066544,-0.367908, 0.028025;;,
      20;4;-0.925553,-0.061136,-0.373157, 0.019181;;,
      21;4;-0.922112,-0.058070,-0.382361, 0.011694;;,
      22;4;-0.916861,-0.059061,-0.394774, 0.005591;;,
      23;4;-0.911136,-0.063538,-0.407177, 0.000766;;,
      24;4;-0.906396,-0.068996,-0.416748,-0.002788;;,
      25;4;-0.902703,-0.074010,-0.423823,-0.004903;;,
      26;4;-0.900036,-0.077738,-0.428791,-0.005488;;,
      27;4;-0.898712,-0.079295,-0.431284,-0.004881;;,
      28;4;-0.898366,-0.078499,-0.432162,-0.003455;;,
      29;4;-0.898153,-0.076123,-0.433042,-0.001063;;,
      30;4;-0.897718,-0.073255,-0.434433, 0.002166;;,
      31;4;-0.897378,-0.070540,-0.435555, 0.005385;;,
      32;4;-0.897730,-0.067890,-0.435208, 0.008110;;,
      33;4;-0.899085,-0.064996,-0.432790, 0.010684;;,
      34;4;-0.901270,-0.061703,-0.428634, 0.013365;;,
      35;4;-0.904094,-0.057904,-0.423098, 0.015808;;,
      36;4;-0.907428,-0.053854,-0.416378, 0.017437;;,
      37;4;-0.911107,-0.049962,-0.408740, 0.017900;;,
      38;4;-0.915110,-0.046099,-0.400185, 0.017364;;,
      39;4;-0.918732,-0.042475,-0.392243, 0.016523;;;
    }
    AnimationKey { // Scale
      1;
      40;
      0;3; 1.000000, 1.000000, 1.000000;;,
      1;3; 1.000000, 1.000000, 1.000000;;,
      2;3; 1.000000, 1.000000, 1.000000;;,
      3;3; 1.000000, 1.000000, 1.000000;;,
      4;3; 1.000000, 1.000000, 1.000000;;,
      5;3; 1.000000, 1.000000, 1.000000;;,
      6;3; 1.000000, 1.000000, 1.000000;;,
      7;3; 1.000000, 1.000000, 1.000000;;,
      8;3; 1.000000, 1.000000, 1.000000;;,
      9;3; 1.000000, 1.000000, 1.000000;;,
      10;3; 1.000000, 1.000000, 1.000000;;,
      11;3; 1.000000, 1.000000, 1.000000;;,
      12;3; 1.000000, 1.000000, 1.000000;;,
      13;3; 1.000000, 1.000000, 1.000000;;,
      14;3; 1.000000, 1.000000, 1.000000;;,
      15;3; 1.000000, 1.000000, 1.000000;;,
      16;3; 1.000000, 1.000000, 1.000000;;,
      17;3; 1.000000, 1.000000, 1.000000;;,
      18;3; 1.000000, 1.000000, 1.000000;;,
      19;3; 1.000000, 1.000000, 1.000000;;,
      20;3; 1.000000, 1.000000, 1.000000;;,
      21;3; 1.000000, 1.000000, 1.000000;;,
      22;3; 1.000000, 1.000000, 1.000000;;,
      23;3; 1.000000, 1.000000, 1.000000;;,
      24;3; 1.000000, 1.000000, 1.000000;;,
      25;3; 1.000000, 1.000000, 1.000000;;,
      26;3; 1.000000, 1.000000, 1.000000;;,
      27;3; 1.000000, 1.000000, 1.000000;;,
      28;3; 1.000000, 1.000000, 1.000000;;,
      29;3; 1.000000, 1.000000, 1.000000;;,
      30;3; 1.000000, 1.000000, 1.000000;;,
      31;3; 1.000000, 1.000000, 1.000000;;,
      32;3; 1.000000, 1.000000, 1.000000;;,
      33;3; 1.000000, 1.000000, 1.000000;;,
      34;3; 1.000000, 1.000000, 1.000000;;,
      35;3; 1.000000, 1.000000, 1.000000;;,
      36;3; 1.000000, 1.000000, 1.000000;;,
      37;3; 1.000000, 1.000000, 1.000000;;,
      38;3; 1.000000, 1.000000, 1.000000;;,
