xof 0303txt 0032

template XSkinMeshHeader {
  <3cf169ce-ff7c-44ab-93c0-f78f62d172e2>
  WORD nMaxSkinWeightsPerVertex;
  WORD nMaxSkinWeightsPerFace;
  WORD nBones;
}

template SkinWeights {
  <6f0d123b-bad2-4167-a0d0-80224f25fabb>
  STRING transformNodeName;
  DWORD nWeights;
  array DWORD vertexIndices[nWeights];
  array float weights[nWeights];
  Matrix4x4 matrixOffset;
}

Frame Root {
  FrameTransformMatrix {
     1.000000, 0.000000, 0.000000, 0.000000,
     0.000000,-0.000000,-1.000000, 0.000000,
     0.000000, 1.000000,-0.000000, 0.000000,
     0.000000, 0.000000, 0.000000, 1.000000;;
  }
  Frame Armature {
    FrameTransformMatrix {
       0.110000, 0.000000, 0.000000, 0.000000,
       0.000000,-0.000000, 0.110000, 0.000000,
       0.000000,-0.110000,-0.000000, 0.000000,
       0.000000, 0.000000, 0.000000, 1.000000;;
    }
    Frame Armature_mixamorig_Hips {
      FrameTransformMatrix {
         0.969683,-0.097678, 0.223995, 0.000000,
         0.019679, 0.944875, 0.326841, 0.000000,
        -0.243572,-0.312524, 0.918151, 0.000000,
         2.130890,85.860817,-1.150799, 1.000000;;
      }
      Frame Armature_mixamorig_LeftUpLeg {
        FrameTransformMatrix {
          -0.947008,-0.041565, 0.318508, 0.000000,
           0.320286,-0.047021, 0.946149, 0.000000,
          -0.024350, 0.998029, 0.057839, 0.000000,
          15.658500,-8.406803, 1.466995, 1.000000;;
        }
        Frame Armature_mixamorig_LeftLeg {
          FrameTransformMatrix {
             0.990788, 0.107162,-0.082794, 0.000000,
             0.021551,-0.728367,-0.684849, 0.000000,
            -0.133694, 0.676756,-0.723967, 0.000000,
            -0.000001,37.074814, 0.000005, 1.000000;;
          }
          Frame Armature_mixamorig_LeftFoot {
            FrameTransformMatrix {
               0.945699, 0.321955, 0.044712, 0.000000,
              -0.324946, 0.939808, 0.105695, 0.000000,
              -0.007992,-0.114485, 0.993393, 0.000000,
              -0.000001,38.107525,-0.000002, 1.000000;;
            }
            Frame Armature_mixamorig_LeftToeBase {
              FrameTransformMatrix {
                 0.992822,-0.064846, 0.100498, 0.000000,
                -0.026190, 0.701997, 0.711699, 0.000000,
                -0.116700,-0.709222, 0.695259, 0.000000,
                -0.000002,27.500042, 0.000000, 1.000000;;
              }
              Frame Armature_mixamorig_LeftToe_End {
                FrameTransformMatrix {
                   1.000000,-0.000000,-0.000000, 0.000000,
                   0.000000, 1.000000, 0.000000, 0.000000,
                   0.000000,-0.000000, 1.000000, 0.000000,
                  -0.000002,18.087685,-0.000001, 1.000000;;
                }
              } // End of Armature_mixamorig_LeftToe_End
            } // End of Armature_mixamorig_LeftToeBase
          } // End of Armature_mixamorig_LeftFoot
        } // End of Armature_mixamorig_LeftLeg
      } // End of Armature_mixamorig_LeftUpLeg
      Frame Armature_mixamorig_RightUpLeg {
        FrameTransformMatrix {
          -0.985714,-0.140552,-0.092809, 0.000000,
           0.092066,-0.911049, 0.401888, 0.000000,
          -0.141040, 0.387602, 0.910968, 0.000000,
          -15.658500,-8.406808, 1.466995, 1.000000;;
        }
        Frame Armature_mixamorig_RightLeg {
          FrameTransformMatrix {
             0.993916, 0.093301, 0.058530, 0.000000,
             0.007496, 0.472878,-0.881096, 0.000000,
            -0.109884, 0.876174, 0.469302, 0.000000,
            -0.000001,37.074711, 0.000000, 1.000000;;
          }
          Frame Armature_mixamorig_RightFoot {
            FrameTransformMatrix {
               0.974403,-0.126857,-0.185598, 0.000000,
               0.171438,-0.114745, 0.978490, 0.000000,
              -0.145425,-0.985262,-0.090059, 0.000000,
              -0.000002,38.107529, 0.000007, 1.000000;;
            }
            Frame Armature_mixamorig_RightToeBase {
              FrameTransformMatrix {
                 0.986673, 0.100002,-0.128360, 0.000000,
                 0.054236, 0.541624, 0.838869, 0.000000,
                 0.153411,-0.834652, 0.528982, 0.000000,
                 0.000001,27.500038,-0.000000, 1.000000;;
              }
              Frame Armature_mixamorig_RightToe_End {
                FrameTransformMatrix {
                   1.000000, 0.000000, 0.000000, 0.000000,
                  -0.000000, 1.000000, 0.000000, 0.000000,
                  -0.000000,-0.000000, 1.000000, 0.000000,
                   0.000000,18.088079,-0.000000, 1.000000;;
                }
              } // End of Armature_mixamorig_RightToe_End
            } // End of Armature_mixamorig_RightToeBase
          } // End of Armature_mixamorig_RightFoot
        } // End of Armature_mixamorig_RightLeg
      } // End of Armature_mixamorig_RightUpLeg
      Frame Armature_mixamorig_Spine {
        FrameTransformMatrix {
           0.991193, 0.050266,-0.122513, 0.000000,
          -0.036228, 0.992793, 0.114233, 0.000000,
           0.127372,-0.108788, 0.985871, 0.000000,
           0.000000,12.947398, 1.306895, 1.000000;;
        }
        Frame Armature_mixamorig_Spine1 {
          FrameTransformMatrix {
             0.998937, 0.001593,-0.046066, 0.000000,
             0.001209, 0.998153, 0.060737, 0.000000,
             0.046077,-0.060728, 0.997090, 0.000000,
            -0.000000,11.650504,-0.000000, 1.000000;;
          }
          Frame Armature_mixamorig_Spine2 {
            FrameTransformMatrix {
               0.998942, 0.004246,-0.045782, 0.000000,
              -0.000945, 0.997413, 0.071882, 0.000000,
               0.045969,-0.071763, 0.996362, 0.000000,
               0.000000,11.899617,-0.000003, 1.000000;;
            }
            Frame Armature_mixamorig_LeftShoulder {
              FrameTransformMatrix {
                 0.224668, 0.006370,-0.974415, 0.000000,
                 0.755969,-0.632103, 0.170169, 0.000000,
                -0.614846,-0.774858,-0.146829, 0.000000,
                15.693199,30.527603,-14.885509, 1.000000;;
              }
              Frame Armature_mixamorig_LeftArm {
                FrameTransformMatrix {
                   0.681391, 0.057187,-0.729682, 0.000000,
                   0.320727, 0.872800, 0.367905, 0.000000,
                   0.657906,-0.484717, 0.576377, 0.000000,
                   0.000003,18.001980,-0.000009, 1.000000;;
                }
                Frame Armature_mixamorig_LeftForeArm {
                  FrameTransformMatrix {
                     0.795022, 0.600969, 0.082323, 0.000000,
                    -0.600969, 0.798797,-0.027559, 0.000000,
                    -0.082322,-0.027564, 0.996224, 0.000000,
                    -0.000001,37.520100, 0.000000, 1.000000;;
                  }
                  Frame Armature_mixamorig_LeftHand {
                    FrameTransformMatrix {
                       0.853084,-0.048389, 0.519525, 0.000000,
                       0.036748, 0.998790, 0.032686, 0.000000,
                      -0.520479,-0.008792, 0.853830, 0.000000,
                       0.000000,41.865593,-0.000002, 1.000000;;
                    }
                    Frame Armature_mixamorig_LeftHandIndex1 {
                      FrameTransformMatrix {
                         0.993466,-0.106892,-0.039989, 0.000000,
                         0.053419, 0.125893, 0.990605, 0.000000,
                        -0.100854,-0.986268, 0.130780, 0.000000,
                        -6.345701,17.472908, 0.144198, 1.000000;;
                      }
                      Frame Armature_mixamorig_LeftHandIndex2 {
                        FrameTransformMatrix {
                           0.994531,-0.090706,-0.051772, 0.000000,
                           0.090706, 0.504435, 0.858672, 0.000000,
                          -0.051772,-0.858672, 0.509903, 0.000000,
                          -0.000004, 6.306500,-0.000007, 1.000000;;
                        }
                        Frame Armature_mixamorig_LeftHandIndex3 {
                          FrameTransformMatrix {
                             0.996219,-0.079164,-0.035795, 0.000000,
                             0.079164, 0.657361, 0.749406, 0.000000,
                            -0.035795,-0.749406, 0.661143, 0.000000,
                            -0.000006, 5.287000, 0.000002, 1.000000;;
                          }
                          Frame Armature_mixamorig_LeftHandIndex4 {
                            FrameTransformMatrix {
                               1.000000, 0.000000, 0.000000, 0.000000,
                              -0.000000, 1.000000,-0.000000, 0.000000,
                               0.000000, 0.000000, 1.000000, 0.000000,
                               0.000004, 4.643609, 0.000000, 1.000000;;
                            }
                          } // End of Armature_mixamorig_LeftHandIndex4
                        } // End of Armature_mixamorig_LeftHandIndex3
                      } // End of Armature_mixamorig_LeftHandIndex2
                    } // End of Armature_mixamorig_LeftHandIndex1
                    Frame Armature_mixamorig_LeftHandMiddle1 {
                      FrameTransformMatrix {
                         0.988379,-0.142913,-0.051794, 0.000000,
                         0.067050, 0.104082, 0.992306, 0.000000,
                        -0.136423,-0.984247, 0.112455, 0.000000,
                        -0.112400,18.009905,-0.441098, 1.000000;;
                      }
                      Frame Armature_mixamorig_LeftHandMiddle2 {
                        FrameTransformMatrix {
                           0.994499,-0.090884,-0.052075, 0.000000,
                           0.090883, 0.501532, 0.860352, 0.000000,
                          -0.052075,-0.860352, 0.507033, 0.000000,
                          -0.000013, 6.842808,-0.000002, 1.000000;;
                        }
                        Frame Armature_mixamorig_LeftHandMiddle3 {
                          FrameTransformMatrix {
                             0.996225,-0.079114,-0.035739, 0.000000,
                             0.079114, 0.657900, 0.748939, 0.000000,
                            -0.035739,-0.748938, 0.661675, 0.000000,
                            -0.000004, 5.656096,-0.000004, 1.000000;;
                          }
                          Frame Armature_mixamorig_LeftHandMiddle4 {
                            FrameTransformMatrix {
                               1.000000,-0.000000,-0.000000, 0.000000,
                               0.000000, 1.000000, 0.000000, 0.000000,
                              -0.000000,-0.000000, 1.000000, 0.000000,
                               0.000006, 4.457907, 0.000001, 1.000000;;
                            }
                          } // End of Armature_mixamorig_LeftHandMiddle4
                        } // End of Armature_mixamorig_LeftHandMiddle3
                      } // End of Armature_mixamorig_LeftHandMiddle2
                    } // End of Armature_mixamorig_LeftHandMiddle1
                    Frame Armature_mixamorig_LeftHandPinky1 {
                      FrameTransformMatrix {
                         0.928486,-0.295229,-0.225286, 0.000000,
                         0.164134,-0.217943, 0.962061, 0.000000,
                        -0.333128,-0.930237,-0.153900, 0.000000,
                        11.143602,14.820610, 0.001800, 1.000000;;
                      }
                      Frame Armature_mixamorig_LeftHandPinky2 {
                        FrameTransformMatrix {
                           0.994292,-0.091999,-0.054037, 0.000000,
                           0.091999, 0.482748, 0.870914, 0.000000,
                          -0.054037,-0.870913, 0.488456, 0.000000,
                           0.000000, 5.576302,-0.000001, 1.000000;;
                        }
                        Frame Armature_mixamorig_LeftHandPinky3 {
                          FrameTransformMatrix {
                             0.996212,-0.079217,-0.035856, 0.000000,
                             0.079217, 0.656782, 0.749908, 0.000000,
                            -0.035856,-0.749908, 0.660570, 0.000000,
                            -0.000008, 4.090194,-0.000008, 1.000000;;
                          }
                          Frame Armature_mixamorig_LeftHandPinky4 {
                            FrameTransformMatrix {
                               1.000000,-0.000000, 0.000000, 0.000000,
                              -0.000000, 1.000000,-0.000000, 0.000000,
                              -0.000000, 0.000000, 1.000000, 0.000000,
                               0.000004, 4.222301, 0.000001, 1.000000;;
                            }
                          } // End of Armature_mixamorig_LeftHandPinky4
                        } // End of Armature_mixamorig_LeftHandPinky3
                      } // End of Armature_mixamorig_LeftHandPinky2
                    } // End of Armature_mixamorig_LeftHandPinky1
                    Frame Armature_mixamorig_LeftHandRing1 {
                      FrameTransformMatrix {
                         0.988109,-0.142477,-0.057801, 0.000000,
                         0.073679, 0.108808, 0.991328, 0.000000,
                        -0.134952,-0.983799, 0.118011, 0.000000,
                         5.832502,16.592606,-0.117389, 1.000000;;
                      }
                      Frame Armature_mixamorig_LeftHandRing2 {
                        FrameTransformMatrix {
                           0.994319,-0.091857,-0.053781, 0.000000,
                           0.091857, 0.485198, 0.869566, 0.000000,
                          -0.053781,-0.869566, 0.490879, 0.000000,
                          -0.000010, 6.332902, 0.000003, 1.000000;;
                        }
                        Frame Armature_mixamorig_LeftHandRing3 {
                          FrameTransformMatrix {
                             0.996374,-0.077853,-0.034329, 0.000000,
                             0.077853, 0.671395, 0.736999, 0.000000,
                            -0.034329,-0.736999, 0.675022, 0.000000,
                            -0.000002, 5.608909, 0.000006, 1.000000;;
                          }
                          Frame Armature_mixamorig_LeftHandRing4 {
                            FrameTransformMatrix {
                               1.000000, 0.000000,-0.000000, 0.000000,
                               0.000000, 1.000000,-0.000000, 0.000000,
                               0.000000,-0.000000, 1.000000, 0.000000,
                               0.000004, 4.489705,-0.000002, 1.000000;;
                            }
                          } // End of Armature_mixamorig_LeftHandRing4
                        } // End of Armature_mixamorig_LeftHandRing3
                      } // End of Armature_mixamorig_LeftHandRing2
                    } // End of Armature_mixamorig_LeftHandRing1
                    Frame Armature_mixamorig_LeftHandThumb1 {
                      FrameTransformMatrix {
                         0.866789, 0.492113,-0.080630, 0.000000,
                        -0.438402, 0.829053, 0.347094, 0.000000,
                         0.237656,-0.265509, 0.934358, 0.000000,
                        -7.297903, 5.809506, 5.140809, 1.000000;;
                      }
                      Frame Armature_mixamorig_LeftHandThumb2 {
                        FrameTransformMatrix {
                           0.898510,-0.432276,-0.076270, 0.000000,
                           0.434692, 0.900405, 0.017719, 0.000000,
                           0.061015,-0.049075, 0.996930, 0.000000,
                          -0.000001, 6.981906,-0.000001, 1.000000;;
                        }
                        Frame Armature_mixamorig_LeftHandThumb3 {
                          FrameTransformMatrix {
                             0.961095,-0.244274, 0.128944, 0.000000,
                             0.265931, 0.944505,-0.192848, 0.000000,
                            -0.074680, 0.219635, 0.972719, 0.000000,
                            -0.000002, 4.446808,-0.000004, 1.000000;;
                          }
                          Frame Armature_mixamorig_LeftHandThumb4 {
                            FrameTransformMatrix {
                               1.000000,-0.000002, 0.000003, 0.000000,
                               0.000002, 1.000000,-0.000002, 0.000000,
                              -0.000003, 0.000002, 1.000000, 0.000000,
                               0.000000, 5.337985, 0.000003, 1.000000;;
                            }
                          } // End of Armature_mixamorig_LeftHandThumb4
                        } // End of Armature_mixamorig_LeftHandThumb3
                      } // End of Armature_mixamorig_LeftHandThumb2
                    } // End of Armature_mixamorig_LeftHandThumb1
                  } // End of Armature_mixamorig_LeftHand
                } // End of Armature_mixamorig_LeftForeArm
              } // End of Armature_mixamorig_LeftArm
            } // End of Armature_mixamorig_LeftShoulder
            Frame Armature_mixamorig_Neck {
              FrameTransformMatrix {
                 0.999967, 0.005705,-0.005740, 0.000000,
                -0.006296, 0.994049,-0.108751, 0.000000,
                 0.005085, 0.108783, 0.994052, 0.000000,
                -0.000000,29.862503,-6.856812, 1.000000;;
              }
              Frame Armature_mixamorig_Head {
                FrameTransformMatrix {
                   0.998739,-0.027519,-0.041980, 0.000000,
                   0.048162, 0.289742, 0.955892, 0.000000,
                  -0.014141,-0.956709, 0.290702, 0.000000,
                  -0.000000,15.812692, 4.504599, 1.000000;;
                }
                Frame Armature_mixamorig_HeadTop_End {
                  FrameTransformMatrix {
                     1.000000, 0.000000,-0.000000, 0.000000,
                    -0.000000, 1.000000,-0.000000, 0.000000,
                     0.000000,-0.000000, 1.000000, 0.000000,
                    -0.000000, 8.548802,-16.914198, 1.000000;;
                  }
                } // End of Armature_mixamorig_HeadTop_End
                Frame Armature_mixamorig_RightEye {
                  FrameTransformMatrix {
                    -0.000000, 1.000000, 0.000000, 0.000000,
                     0.000000,-0.000000, 1.000000, 0.000000,
                     1.000000, 0.000000,-0.000000, 0.000000,
                    -4.116899,14.065407,-5.662597, 1.000000;;
                  }
                } // End of Armature_mixamorig_RightEye
              } // End of Armature_mixamorig_Head
            } // End of Armature_mixamorig_Neck
            Frame Armature_mixamorig_RightShoulder {
              FrameTransformMatrix {
                 0.396114,-0.020844, 0.917965, 0.000000,
                -0.777873,-0.538802, 0.323428, 0.000000,
                 0.487860,-0.842174,-0.229642, 0.000000,
                -15.693201,30.527899,-14.885508, 1.000000;;
              }
              Frame Armature_mixamorig_RightArm {
                FrameTransformMatrix {
                   0.839393,-0.366751,-0.401139, 0.000000,
                   0.518918, 0.760302, 0.390725, 0.000000,
                   0.161688,-0.536130, 0.828506, 0.000000,
                  -0.000002,18.001886,-0.000001, 1.000000;;
                }
                Frame Armature_mixamorig_RightForeArm {
                  FrameTransformMatrix {
                     0.310114,-0.941903,-0.129028, 0.000000,
                     0.941904, 0.322820,-0.092757, 0.000000,
                     0.129021,-0.092767, 0.987293, 0.000000,
                     0.000000,37.520096, 0.000001, 1.000000;;
                  }
                  Frame Armature_mixamorig_RightHand {
                    FrameTransformMatrix {
                       0.860317,-0.307435,-0.406618, 0.000000,
                       0.253195, 0.950028,-0.182589, 0.000000,
                       0.442433, 0.054131, 0.895166, 0.000000,
                       0.000005,41.865711,-0.000004, 1.000000;;
                    }
                    Frame Armature_mixamorig_RightHandIndex1 {
                      FrameTransformMatrix {
                         0.995740, 0.083731, 0.038609, 0.000000,
                        -0.050019, 0.138770, 0.989061, 0.000000,
                         0.077458,-0.986778, 0.142367, 0.000000,
                         6.345608,17.473011, 0.144401, 1.000000;;
                      }
                      Frame Armature_mixamorig_RightHandIndex2 {
                        FrameTransformMatrix {
                           0.996479, 0.072779, 0.041622, 0.000000,
                          -0.072779, 0.504434, 0.860377, 0.000000,
                           0.041622,-0.860377, 0.507955, 0.000000,
                          -0.000001, 6.305996, 0.000000, 1.000000;;
                        }
                        Frame Armature_mixamorig_RightHandIndex3 {
                          FrameTransformMatrix {
                             0.997566, 0.063518, 0.028777, 0.000000,
                            -0.063517, 0.657362, 0.750893, 0.000000,
                             0.028778,-0.750893, 0.659796, 0.000000,
                             0.000000, 5.286998,-0.000002, 1.000000;;
                          }
                          Frame Armature_mixamorig_RightHandIndex4 {
                            FrameTransformMatrix {
                               1.000000, 0.000000, 0.000000, 0.000000,
                               0.000000, 1.000000, 0.000000, 0.000000,
                              -0.000000,-0.000000, 1.000000, 0.000000,
                               0.000014, 4.643996, 0.000002, 1.000000;;
                            }
                          } // End of Armature_mixamorig_RightHandIndex4
                        } // End of Armature_mixamorig_RightHandIndex3
                      } // End of Armature_mixamorig_RightHandIndex2
                    } // End of Armature_mixamorig_RightHandIndex1
                    Frame Armature_mixamorig_RightHandMiddle1 {
                      FrameTransformMatrix {
                         0.992268, 0.119890, 0.032103, 0.000000,
                        -0.046236, 0.117031, 0.992052, 0.000000,
                         0.115180,-0.985865, 0.121669, 0.000000,
                         0.112404,18.009604,-0.440799, 1.000000;;
                      }
                      Frame Armature_mixamorig_RightHandMiddle2 {
                        FrameTransformMatrix {
                           0.996458, 0.072921, 0.041865, 0.000000,
                          -0.072921, 0.501532, 0.862060, 0.000000,
                           0.041866,-0.862060, 0.505074, 0.000000,
                          -0.000010, 6.843004,-0.000006, 1.000000;;
                        }
                        Frame Armature_mixamorig_RightHandMiddle3 {
                          FrameTransformMatrix {
                             0.997570, 0.063478, 0.028733, 0.000000,
                            -0.063478, 0.657899, 0.750426, 0.000000,
                             0.028732,-0.750426, 0.660330, 0.000000,
                            -0.000008, 5.656011, 0.000003, 1.000000;;
                          }
                          Frame Armature_mixamorig_RightHandMiddle4 {
                            FrameTransformMatrix {
                               1.000000, 0.000000,-0.000000, 0.000000,
                              -0.000000, 1.000000,-0.000000, 0.000000,
                               0.000000, 0.000000, 1.000000, 0.000000,
                               0.000006, 4.458009, 0.000002, 1.000000;;
                            }
                          } // End of Armature_mixamorig_RightHandMiddle4
                        } // End of Armature_mixamorig_RightHandMiddle3
                      } // End of Armature_mixamorig_RightHandMiddle2
                    } // End of Armature_mixamorig_RightHandMiddle1
                    Frame Armature_mixamorig_RightHandPinky1 {
                      FrameTransformMatrix {
                         0.939874, 0.269085, 0.210311, 0.000000,
                        -0.199263,-0.068059, 0.977580, 0.000000,
                         0.277366,-0.960708,-0.010348, 0.000000,
                        -11.143703,14.820507, 0.002403, 1.000000;;
                      }
                      Frame Armature_mixamorig_RightHandPinky2 {
                        FrameTransformMatrix {
                           0.996325, 0.073816, 0.043444, 0.000000,
                          -0.073817, 0.482747, 0.872643, 0.000000,
                           0.043443,-0.872643, 0.486422, 0.000000,
                          -0.000008, 5.576010,-0.000001, 1.000000;;
                        }
                        Frame Armature_mixamorig_RightHandPinky3 {
                          FrameTransformMatrix {
                             0.997562, 0.063560, 0.028826, 0.000000,
                            -0.063560, 0.656783, 0.751397, 0.000000,
                             0.028826,-0.751396, 0.659221, 0.000000,
                            -0.000002, 4.089988,-0.000003, 1.000000;;
                          }
                          Frame Armature_mixamorig_RightHandPinky4 {
                            FrameTransformMatrix {
                               1.000000, 0.000000,-0.000000, 0.000000,
                              -0.000000, 1.000000, 0.000000, 0.000000,
                              -0.000000,-0.000000, 1.000000, 0.000000,
                               0.000002, 4.223007,-0.000001, 1.000000;;
                            }
                          } // End of Armature_mixamorig_RightHandPinky4
                        } // End of Armature_mixamorig_RightHandPinky3
                      } // End of Armature_mixamorig_RightHandPinky2
                    } // End of Armature_mixamorig_RightHandPinky1
                    Frame Armature_mixamorig_RightHandRing1 {
                      FrameTransformMatrix {
                         0.986882, 0.116457, 0.111809, 0.000000,
                        -0.116591, 0.035067, 0.992561, 0.000000,
                         0.111670,-0.992576, 0.048185, 0.000000,
                        -5.832497,16.592405,-0.117294, 1.000000;;
                      }
                      Frame Armature_mixamorig_RightHandRing2 {
                        FrameTransformMatrix {
                           0.996342, 0.073706, 0.043243, 0.000000,
                          -0.073705, 0.485122, 0.871335, 0.000000,
                           0.043244,-0.871335, 0.488780, 0.000000,
                           0.000003, 6.333002,-0.000001, 1.000000;;
                        }
                        Frame Armature_mixamorig_RightHandRing3 {
                          FrameTransformMatrix {
                             0.997665, 0.062466, 0.027599, 0.000000,
                            -0.062466, 0.671398, 0.738460, 0.000000,
                             0.027598,-0.738460, 0.673732, 0.000000,
                            -0.000003, 5.609007, 0.000003, 1.000000;;
                          }
                          Frame Armature_mixamorig_RightHandRing4 {
                            FrameTransformMatrix {
                               1.000000, 0.000000,-0.000000, 0.000000,
                              -0.000000, 1.000000,-0.000000, 0.000000,
                              -0.000000, 0.000000, 1.000000, 0.000000,
                              -0.000001, 4.490024, 0.000005, 1.000000;;
                            }
                          } // End of Armature_mixamorig_RightHandRing4
                        } // End of Armature_mixamorig_RightHandRing3
                      } // End of Armature_mixamorig_RightHandRing2
                    } // End of Armature_mixamorig_RightHandRing1
                    Frame Armature_mixamorig_RightHandThumb1 {
                      FrameTransformMatrix {
                         0.815333,-0.574974, 0.068097, 0.000000,
                         0.528373, 0.786980, 0.318567, 0.000000,
                        -0.236759,-0.223757, 0.945451, 0.000000,
                         7.297802, 5.809100, 5.141000, 1.000000;;
                      }
                      Frame Armature_mixamorig_RightHandThumb2 {
                        FrameTransformMatrix {
                           0.882817, 0.464285, 0.071232, 0.000000,
                          -0.465979, 0.884756, 0.008359, 0.000000,
                          -0.059142,-0.040572, 0.997425, 0.000000,
                           0.000004, 6.982115, 0.000003, 1.000000;;
                        }
                        Frame Armature_mixamorig_RightHandThumb3 {
                          FrameTransformMatrix {
                             0.970299, 0.206472,-0.126049, 0.000000,
                            -0.228670, 0.952854,-0.199449, 0.000000,
                             0.078926, 0.222349, 0.971767, 0.000000,
                             0.000002, 4.446883,-0.000003, 1.000000;;
                          }
                          Frame Armature_mixamorig_RightHandThumb4 {
                            FrameTransformMatrix {
                               1.000000, 0.000001,-0.000001, 0.000000,
                              -0.000001, 1.000000,-0.000000, 0.000000,
                               0.000001, 0.000000, 1.000000, 0.000000,
                               0.000002, 5.338494,-0.000000, 1.000000;;
                            }
                          } // End of Armature_mixamorig_RightHandThumb4
                        } // End of Armature_mixamorig_RightHandThumb3
                      } // End of Armature_mixamorig_RightHandThumb2
                    } // End of Armature_mixamorig_RightHandThumb1
                  } // End of Armature_mixamorig_RightHand
                } // End of Armature_mixamorig_RightForeArm
              } // End of Armature_mixamorig_RightArm
            } // End of Armature_mixamorig_RightShoulder
          } // End of Armature_mixamorig_Spine2
        } // End of Armature_mixamorig_Spine1
      } // End of Armature_mixamorig_Spine
    } // End of Armature_mixamorig_Hips
  } // End of Armature
} // End of Root
AnimationSet Global {
  Animation {
    {Armature}
    AnimationKey { // Rotation
      0;
      23;
      0;4;-0.707107, 0.707107, 0.000000, 0.000000;;,
      1;4;-0.707107, 0.707107, 0.000000, 0.000000;;,
      2;4;-0.707107, 0.707107, 0.000000, 0.000000;;,
      3;4;-0.707107, 0.707107, 0.000000, 0.000000;;,
      4;4;-0.707107, 0.707107, 0.000000, 0.000000;;,
      5;4;-0.707107, 0.707107, 0.000000, 0.000000;;,
      6;4;-0.707107, 0.707107, 0.000000, 0.000000;;,
      7;4;-0.707107, 0.707107, 0.000000, 0.000000;;,
      8;4;-0.707107, 0.707107, 0.000000, 0.000000;;,
      9;4;-0.707107, 0.707107, 0.000000, 0.000000;;,
      10;4;-0.707107, 0.707107, 0.000000, 0.000000;;,
      11;4;-0.707107, 0.707107, 0.000000, 0.000000;;,
      12;4;-0.707107, 0.707107, 0.000000, 0.000000;;,
      13;4;-0.707107, 0.707107, 0.000000, 0.000000;;,
      14;4;-0.707107, 0.707107, 0.000000, 0.000000;;,
      15;4;-0.707107, 0.707107, 0.000000, 0.000000;;,
      16;4;-0.707107, 0.707107, 0.000000, 0.000000;;,
      17;4;-0.707107, 0.707107, 0.000000, 0.000000;;,
      18;4;-0.707107, 0.707107, 0.000000, 0.000000;;,
      19;4;-0.707107, 0.707107, 0.000000, 0.000000;;,
      20;4;-0.707107, 0.707107, 0.000000, 0.000000;;,
      21;4;-0.707107, 0.707107, 0.000000, 0.000000;;,
      22;4;-0.707107, 0.707107, 0.000000, 0.000000;;;
    }
    AnimationKey { // Scale
      1;
      23;
      0;3; 0.110000, 0.110000, 0.110000;;,
      1;3; 0.110000, 0.110000, 0.110000;;,
      2;3; 0.110000, 0.110000, 0.110000;;,
      3;3; 0.110000, 0.110000, 0.110000;;,
      4;3; 0.110000, 0.110000, 0.110000;;,
      5;3; 0.110000, 0.110000, 0.110000;;,
      6;3; 0.110000, 0.110000, 0.110000;;,
      7;3; 0.110000, 0.110000, 0.110000;;,
      8;3; 0.110000, 0.110000, 0.110000;;,
      9;3; 0.110000, 0.110000, 0.110000;;,
      10;3; 0.110000, 0.110000, 0.110000;;,
      11;3; 0.110000, 0.110000, 0.110000;;,
      12;3; 0.110000, 0.110000, 0.110000;;,
      13;3; 0.110000, 0.110000, 0.110000;;,
      14;3; 0.110000, 0.110000, 0.110000;;,
      15;3; 0.110000, 0.110000, 0.110000;;,
      16;3; 0.110000, 0.110000, 0.110000;;,
      17;3; 0.110000, 0.110000, 0.110000;;,
      18;3; 0.110000, 0.110000, 0.110000;;,
      19;3; 0.110000, 0.110000, 0.110000;;,
      20;3; 0.110000, 0.110000, 0.110000;;,
      21;3; 0.110000, 0.110000, 0.110000;;,
      22;3; 0.110000, 0.110000, 0.110000;;;
    }
    AnimationKey { // Position
      2;
      23;
      0;3; 0.000000, 0.000000, 0.000000;;,
      1;3; 0.000000, 0.000000, 0.000000;;,
      2;3; 0.000000, 0.000000, 0.000000;;,
      3;3; 0.000000, 0.000000, 0.000000;;,
      4;3; 0.000000, 0.000000, 0.000000;;,
      5;3; 0.000000, 0.000000, 0.000000;;,
      6;3; 0.000000, 0.000000, 0.000000;;,
      7;3; 0.000000, 0.000000, 0.000000;;,
      8;3; 0.000000, 0.000000, 0.000000;;,
      9;3; 0.000000, 0.000000, 0.000000;;,
      10;3; 0.000000, 0.000000, 0.000000;;,
      11;3; 0.000000, 0.000000, 0.000000;;,
      12;3; 0.000000, 0.000000, 0.000000;;,
      13;3; 0.000000, 0.000000, 0.000000;;,
      14;3; 0.000000, 0.000000, 0.000000;;,
      15;3; 0.000000, 0.000000, 0.000000;;,
      16;3; 0.000000, 0.000000, 0.000000;;,
      17;3; 0.000000, 0.000000, 0.000000;;,
      18;3; 0.000000, 0.000000, 0.000000;;,
      19;3; 0.000000, 0.000000, 0.000000;;,
      20;3; 0.000000, 0.000000, 0.000000;;,
      21;3; 0.000000, 0.000000, 0.000000;;,
      22;3; 0.000000, 0.000000, 0.000000;;;
    }
  }
  Animation {
    {Armature_mixamorig_Hips}
    AnimationKey { // Rotation
      0;
      23;
      0;4;-0.978865, 0.163292,-0.119416,-0.029973;;,
      1;4;-0.979464, 0.163458,-0.117792, 0.007483;;,
      2;4;-0.980707, 0.157951,-0.092394, 0.068774;;,
      3;4;-0.979004, 0.162156,-0.057407, 0.109371;;,
      4;4;-0.979486, 0.170472,-0.028516, 0.103603;;,
      5;4;-0.983402, 0.168197,-0.005276, 0.067838;;,
      6;4;-0.986546, 0.156089, 0.006053, 0.048245;;,
      7;4;-0.988176, 0.146382, 0.016781, 0.042410;;,
      8;4;-0.987390, 0.147700, 0.026018, 0.050694;;,
      9;4;-0.984726, 0.156250, 0.047824, 0.060120;;,
      10;4;-0.982587, 0.159782, 0.077950, 0.054005;;,
      11;4;-0.984634, 0.151105, 0.084550, 0.022666;;,
      12;4;-0.987741, 0.140877, 0.061506,-0.027176;;,
      13;4;-0.984459, 0.143922, 0.033207,-0.094999;;,
      14;4;-0.979895, 0.159641, 0.009170,-0.119317;;,
      15;4;-0.980602, 0.170910,-0.007798,-0.095648;;,
      16;4;-0.984243, 0.164854,-0.015945,-0.061922;;,
      17;4;-0.987704, 0.149583,-0.021172,-0.040219;;,
      18;4;-0.989040, 0.140942,-0.031605,-0.030599;;,
      19;4;-0.988020, 0.143693,-0.042151,-0.037326;;,
      20;4;-0.984434, 0.153955,-0.067323,-0.051525;;,
      21;4;-0.979787, 0.163754,-0.102364,-0.052194;;,
      22;4;-0.978865, 0.163292,-0.119416,-0.029973;;;
    }
    AnimationKey { // Scale
      1;
      23;
      0;3; 1.000000, 1.000000, 1.000000;;,
      1;3; 1.000000, 1.000000, 1.000000;;,
      2;3; 1.000000, 1.000000, 1.000000;;,
      3;3; 1.000000, 1.000000, 1.000000;;,
      4;3; 1.000000, 1.000000, 1.000000;;,
      5;3; 1.000000, 1.000000, 1.000000;;,
      6;3; 1.000000, 1.000000, 1.000000;;,
      7;3; 1.000000, 1.000000, 1.000000;;,
      8;3; 1.000000, 1.000000, 1.000000;;,
      9;3; 1.000000, 1.000000, 1.000000;;,
      10;3; 1.000000, 1.000000, 1.000000;;,
      11;3; 1.000000, 1.000000, 1.000000;;,
      12;3; 1.000000, 1.000000, 1.000000;;,
      13;3; 1.000000, 1.000000, 1.000000;;,
      14;3; 1.000000, 1.000000, 1.000000;;,
      15;3; 1.000000, 1.000000, 1.000000;;,
      16;3; 1.000000, 1.000000, 1.000000;;,
      17;3; 1.000000, 1.000000, 1.000000;;,
      18;3; 1.000000, 1.000000, 1.000000;;,
      19;3; 1.000000, 1.000000, 1.000000;;,
      20;3; 1.000000, 1.000000, 1.000000;;,
      21;3; 1.000000, 1.000000, 1.000000;;,
      22;3; 1.000000, 1.000000, 1.000000;;;
    }
    AnimationKey { // Position
      2;
      23;
      0;3; 2.130890,85.860817,-1.150799;;,
      1;3; 1.902826,86.005951, 0.004164;;,
      2;3; 0.687183,85.944321, 0.214953;;,
      3;3;-0.672932,86.011108,-0.961813;;,
      4;3;-1.406720,87.349739,-2.294398;;,
      5;3;-1.426305,88.987045,-3.777038;;,
      6;3;-1.166836,89.320145,-6.454780;;,
      7;3;-0.967778,89.255417,-8.257024;;,
      8;3;-1.141358,88.381386,-8.904528;;,
      9;3;-1.396103,87.030914,-8.780649;;,
      10;3;-1.455580,86.259247,-7.821868;;,
      11;3;-0.928584,86.454056,-6.433908;;,
      12;3; 0.164457,87.317810,-4.567669;;,
      13;3; 1.467019,86.821625,-3.982183;;,
      14;3; 2.031789,87.458389,-4.156849;;,
      15;3; 2.039827,89.140350,-4.270273;;,
      16;3; 1.900030,89.369827,-5.564388;;,
      17;3; 1.740410,89.304657,-6.935322;;,
      18;3; 1.665910,89.133293,-7.390797;;,
      19;3; 1.729887,87.811005,-7.103658;;,
      20;3; 1.930972,85.885963,-6.178282;;,
      21;3; 2.102222,85.499962,-3.975585;;,
      22;3; 2.130892,85.860817,-1.150802;;;
    }
  }
  Animation {
    {Armature_mixamorig_Spine}
    AnimationKey { // Rotation
      0;
      23;
      0;4;-0.996225, 0.055966, 0.062708, 0.021706;;,
      1;4;-0.994749, 0.049098, 0.088971,-0.012148;;,
      2;4;-0.989997, 0.053306, 0.109850,-0.070689;;,
      3;4;-0.984601, 0.057793, 0.121794,-0.111299;;,
      4;4;-0.984710, 0.054763, 0.121664,-0.112006;;,
      5;4;-0.989409, 0.052386, 0.105719,-0.084557;;,
      6;4;-0.992391, 0.060549, 0.079087,-0.072386;;,
      7;4;-0.994417, 0.065032, 0.045141,-0.069773;;,
      8;4;-0.995257, 0.058116, 0.012167,-0.077057;;,
      9;4;-0.995444, 0.048828,-0.021127,-0.079131;;,
      10;4;-0.995441, 0.049104,-0.051847,-0.063231;;,
      11;4;-0.995060, 0.061286,-0.072477,-0.029094;;,
      12;4;-0.993484, 0.071600,-0.087313, 0.015462;;,
      13;4;-0.988128, 0.076867,-0.103846, 0.083125;;,
      14;4;-0.984462, 0.073194,-0.112345, 0.113382;;,
      15;4;-0.987096, 0.065834,-0.107060, 0.099229;;,
      16;4;-0.990381, 0.070990,-0.093574, 0.073142;;,
      17;4;-0.991722, 0.083663,-0.078605, 0.057533;;,
      18;4;-0.993315, 0.085564,-0.058334, 0.051000;;,
      19;4;-0.994833, 0.076173,-0.036455, 0.056351;;,
      20;4;-0.996212, 0.062785,-0.004648, 0.059979;;,
      21;4;-0.996746, 0.055038, 0.032205, 0.049308;;,
      22;4;-0.996225, 0.055966, 0.062708, 0.021706;;;
    }
    AnimationKey { // Scale
      1;
      23;
      0;3; 1.000000, 1.000000, 1.000000;;,
      1;3; 1.000000, 1.000000, 1.000000;;,
      2;3; 1.000000, 1.000000, 1.000000;;,
      3;3; 1.000000, 1.000000, 1.000000;;,
      4;3; 1.000000, 1.000000, 1.000000;;,
      5;3; 1.000000, 1.000000, 1.000000;;,
      6;3; 1.000000, 1.000000, 1.000000;;,
      7;3; 1.000000, 1.000000, 1.000000;;,
      8;3; 1.000000, 1.000000, 1.000000;;,
      9;3; 1.000000, 1.000000, 1.000000;;,
      10;3; 1.000000, 1.000000, 1.000000;;,
      11;3; 1.000000, 1.000000, 1.000000;;,
      12;3; 1.000000, 1.000000, 1.000000;;,
      13;3; 1.000000, 1.000000, 1.000000;;,
      14;3; 1.000000, 1.000000, 1.000000;;,
      15;3; 1.000000, 1.000000, 1.000000;;,
      16;3; 1.000000, 1.000000, 1.000000;;,
      17;3; 1.000000, 1.000000, 1.000000;;,
      18;3; 1.000000, 1.000000, 1.000000;;,
      19;3; 1.000000, 1.000000, 1.000000;;,
      20;3; 1.000000, 1.000000, 1.000000;;,
      21;3; 1.000000, 1.000000, 1.000000;;,
      22;3; 1.000000, 1.000000, 1.000000;;;
    }
    AnimationKey { // Position
      2;
      23;
      0;3; 0.000000,12.947398, 1.306895;;,
      1;3;-0.000000,12.947402, 1.306902;;,
      2;3; 0.000001,12.947403, 1.306901;;,
      3;3; 0.000002,12.947411, 1.306903;;,
      4;3;-0.000003,12.947409, 1.306906;;,
      5;3; 0.000001,12.947399, 1.306899;;,
      6;3; 0.000001,12.947404, 1.306899;;,
      7;3;-0.000001,12.947406, 1.306901;;,
      8;3; 0.000001,12.947411, 1.306901;;,
      9;3; 0.000000,12.947412, 1.306903;;,
      10;3; 0.000000,12.947398, 1.306902;;,
      11;3;-0.000000,12.947398, 1.306899;;,
