xof 0303txt 0032

template XSkinMeshHeader {
  <3cf169ce-ff7c-44ab-93c0-f78f62d172e2>
  WORD nMaxSkinWeightsPerVertex;
  WORD nMaxSkinWeightsPerFace;
  WORD nBones;
}

template SkinWeights {
  <6f0d123b-bad2-4167-a0d0-80224f25fabb>
  STRING transformNodeName;
  DWORD nWeights;
  array DWORD vertexIndices[nWeights];
  array float weights[nWeights];
  Matrix4x4 matrixOffset;
}

Frame Root {
  FrameTransformMatrix {
     1.000000, 0.000000, 0.000000, 0.000000,
     0.000000,-0.000000,-1.000000, 0.000000,
     0.000000, 1.000000,-0.000000, 0.000000,
     0.000000, 0.000000, 0.000000, 1.000000;;
  }
  Frame Armature {
    FrameTransformMatrix {
       0.110000, 0.000000, 0.000000, 0.000000,
       0.000000,-0.000000, 0.110000, 0.000000,
       0.000000,-0.110000,-0.000000, 0.000000,
       0.000000, 0.000000, 0.000000, 1.000000;;
    }
    Frame Armature_mixamorig_Hips {
      FrameTransformMatrix {
         0.999346,-0.013500,-0.033558, 0.000000,
         0.014621, 0.999336, 0.033367, 0.000000,
         0.033086,-0.033836, 0.998880, 0.000000,
         0.309861,96.823158,-1.522006, 1.000000;;
      }
      Frame Armature_mixamorig_LeftUpLeg {
        FrameTransformMatrix {
          -0.983801,-0.005564, 0.179177, 0.000000,
           0.115929,-0.782131, 0.612234, 0.000000,
           0.136734, 0.623089, 0.770101, 0.000000,
          15.658499,-8.406802, 1.467000, 1.000000;;
        }
        Frame Armature_mixamorig_LeftLeg {
          FrameTransformMatrix {
             0.996980,-0.072185,-0.028644, 0.000000,
            -0.007429, 0.278491,-0.960410, 0.000000,
             0.077305, 0.957722, 0.277113, 0.000000,
            -0.000002,37.074814,-0.000005, 1.000000;;
          }
          Frame Armature_mixamorig_LeftFoot {
            FrameTransformMatrix {
               0.978333, 0.057909, 0.198775, 0.000000,
              -0.192210, 0.610853, 0.768058, 0.000000,
              -0.076945,-0.789623, 0.608749, 0.000000,
              -0.000000,38.107529,-0.000002, 1.000000;;
            }
            Frame Armature_mixamorig_LeftToeBase {
              FrameTransformMatrix {
                 0.991560,-0.080287, 0.101800, 0.000000,
                -0.066896, 0.355780, 0.932173, 0.000000,
                -0.111060,-0.931115, 0.347406, 0.000000,
                 0.000001,27.500040, 0.000001, 1.000000;;
              }
              Frame Armature_mixamorig_LeftToe_End {
                FrameTransformMatrix {
                   1.000000,-0.000000,-0.000000, 0.000000,
                   0.000000, 1.000000, 0.000000, 0.000000,
                   0.000000,-0.000000, 1.000000, 0.000000,
                  -0.000001,18.087688, 0.000000, 1.000000;;
                }
              } // End of Armature_mixamorig_LeftToe_End
            } // End of Armature_mixamorig_LeftToeBase
          } // End of Armature_mixamorig_LeftFoot
        } // End of Armature_mixamorig_LeftLeg
      } // End of Armature_mixamorig_LeftUpLeg
      Frame Armature_mixamorig_RightUpLeg {
        FrameTransformMatrix {
          -0.989866,-0.081392,-0.116360, 0.000000,
           0.028151,-0.915644, 0.401002, 0.000000,
          -0.139184, 0.393663, 0.908652, 0.000000,
          -15.658500,-8.406800, 1.467000, 1.000000;;
        }
        Frame Armature_mixamorig_RightLeg {
          FrameTransformMatrix {
             0.996124,-0.042625, 0.076946, 0.000000,
             0.084261, 0.713509,-0.695561, 0.000000,
            -0.025253, 0.699349, 0.714334, 0.000000,
             0.000001,37.074703, 0.000002, 1.000000;;
          }
          Frame Armature_mixamorig_RightFoot {
            FrameTransformMatrix {
               0.975888,-0.020714,-0.217286, 0.000000,
               0.210749, 0.348503, 0.913307, 0.000000,
               0.056806,-0.937079, 0.344465, 0.000000,
              -0.000001,38.107533, 0.000000, 1.000000;;
            }
            Frame Armature_mixamorig_RightToeBase {
              FrameTransformMatrix {
                 0.991462, 0.072980,-0.108063, 0.000000,
                 0.032390, 0.664910, 0.746221, 0.000000,
                 0.126311,-0.743349, 0.656869, 0.000000,
                -0.000002,27.500038, 0.000001, 1.000000;;
              }
              Frame Armature_mixamorig_RightToe_End {
                FrameTransformMatrix {
                   1.000000, 0.000000, 0.000000, 0.000000,
                  -0.000000, 1.000000, 0.000000, 0.000000,
                  -0.000000,-0.000000, 1.000000, 0.000000,
                  -0.000000,18.088079,-0.000000, 1.000000;;
                }
              } // End of Armature_mixamorig_RightToe_End
            } // End of Armature_mixamorig_RightToeBase
          } // End of Armature_mixamorig_RightFoot
        } // End of Armature_mixamorig_RightLeg
      } // End of Armature_mixamorig_RightUpLeg
      Frame Armature_mixamorig_Spine {
        FrameTransformMatrix {
           0.999715, 0.010222, 0.021577, 0.000000,
          -0.012642, 0.993263, 0.115192, 0.000000,
          -0.020254,-0.115432, 0.993109, 0.000000,
           0.000000,12.947401, 1.306900, 1.000000;;
        }
        Frame Armature_mixamorig_Spine1 {
          FrameTransformMatrix {
             0.998877, 0.019978, 0.042950, 0.000000,
            -0.021417, 0.999216, 0.033296, 0.000000,
            -0.042251,-0.034178, 0.998522, 0.000000,
             0.000000,11.650493, 0.000002, 1.000000;;
          }
          Frame Armature_mixamorig_Spine2 {
            FrameTransformMatrix {
               0.998867, 0.021541, 0.042441, 0.000000,
              -0.023401, 0.998765, 0.043821, 0.000000,
              -0.041444,-0.044765, 0.998138, 0.000000,
              -0.000000,11.899617, 0.000002, 1.000000;;
            }
            Frame Armature_mixamorig_LeftShoulder {
              FrameTransformMatrix {
                 0.157938, 0.007276,-0.987423, 0.000000,
                 0.755905,-0.644294, 0.116160, 0.000000,
                -0.635345,-0.764743,-0.107258, 0.000000,
                15.693199,30.527607,-14.885502, 1.000000;;
              }
              Frame Armature_mixamorig_LeftArm {
                FrameTransformMatrix {
                   0.898560, 0.312802,-0.307808, 0.000000,
                  -0.159026, 0.885809, 0.435950, 0.000000,
                   0.409025,-0.342778, 0.845696, 0.000000,
                  -0.000004,18.002001,-0.000002, 1.000000;;
                }
                Frame Armature_mixamorig_LeftForeArm {
                  FrameTransformMatrix {
                     0.981422, 0.189174, 0.031996, 0.000000,
                    -0.189174, 0.981939,-0.003054, 0.000000,
                    -0.031996,-0.003055, 0.999483, 0.000000,
                     0.000005,37.520103, 0.000007, 1.000000;;
                  }
                  Frame Armature_mixamorig_LeftHand {
                    FrameTransformMatrix {
                       0.996963,-0.040101,-0.066753, 0.000000,
                       0.053082, 0.977160, 0.205767, 0.000000,
                       0.056977,-0.208685, 0.976322, 0.000000,
                       0.000000,41.865604, 0.000004, 1.000000;;
                    }
                    Frame Armature_mixamorig_LeftHandIndex1 {
                      FrameTransformMatrix {
                         0.995728, 0.069823, 0.060416, 0.000000,
                        -0.083893, 0.957452, 0.276130, 0.000000,
                        -0.038565,-0.280019, 0.959219, 0.000000,
                        -6.345703,17.472908, 0.144196, 1.000000;;
                      }
                      Frame Armature_mixamorig_LeftHandIndex2 {
                        FrameTransformMatrix {
                           0.999615,-0.027499,-0.003643, 0.000000,
                           0.027499, 0.965131, 0.260317, 0.000000,
                          -0.003643,-0.260317, 0.965516, 0.000000,
                          -0.000002, 6.306504,-0.000005, 1.000000;;
                        }
                        Frame Armature_mixamorig_LeftHandIndex3 {
                          FrameTransformMatrix {
                             0.999615,-0.027499,-0.003643, 0.000000,
                             0.027499, 0.965131, 0.260318, 0.000000,
                            -0.003643,-0.260318, 0.965516, 0.000000,
                             0.000000, 5.287002,-0.000000, 1.000000;;
                          }
                          Frame Armature_mixamorig_LeftHandIndex4 {
                            FrameTransformMatrix {
                               1.000000, 0.000000, 0.000000, 0.000000,
                              -0.000000, 1.000000,-0.000000, 0.000000,
                              -0.000000, 0.000000, 1.000000, 0.000000,
                               0.000005, 4.643597, 0.000000, 1.000000;;
                            }
                          } // End of Armature_mixamorig_LeftHandIndex4
                        } // End of Armature_mixamorig_LeftHandIndex3
                      } // End of Armature_mixamorig_LeftHandIndex2
                    } // End of Armature_mixamorig_LeftHandIndex1
                    Frame Armature_mixamorig_LeftHandMiddle1 {
                      FrameTransformMatrix {
                         0.997218,-0.074391,-0.004603, 0.000000,
                         0.069266, 0.902167, 0.425790, 0.000000,
                        -0.027522,-0.424924, 0.904810, 0.000000,
                        -0.112404,18.009911,-0.441097, 1.000000;;
                      }
                      Frame Armature_mixamorig_LeftHandMiddle2 {
                        FrameTransformMatrix {
                           0.999760,-0.021771,-0.002268, 0.000000,
                           0.021771, 0.978289, 0.206101, 0.000000,
                          -0.002268,-0.206101, 0.978528, 0.000000,
                           0.000002, 6.842800, 0.000001, 1.000000;;
                        }
                        Frame Armature_mixamorig_LeftHandMiddle3 {
                          FrameTransformMatrix {
                             0.999674,-0.025345,-0.003086, 0.000000,
                             0.025345, 0.970460, 0.239927, 0.000000,
                            -0.003086,-0.239927, 0.970786, 0.000000,
                             0.000000, 5.656096,-0.000001, 1.000000;;
                          }
                          Frame Armature_mixamorig_LeftHandMiddle4 {
                            FrameTransformMatrix {
                               1.000000, 0.000000,-0.000000, 0.000000,
                               0.000000, 1.000000, 0.000000, 0.000000,
                              -0.000000,-0.000000, 1.000000, 0.000000,
                               0.000002, 4.457902, 0.000001, 1.000000;;
                            }
                          } // End of Armature_mixamorig_LeftHandMiddle4
                        } // End of Armature_mixamorig_LeftHandMiddle3
                      } // End of Armature_mixamorig_LeftHandMiddle2
                    } // End of Armature_mixamorig_LeftHandMiddle1
                    Frame Armature_mixamorig_LeftHandPinky1 {
                      FrameTransformMatrix {
                         0.988361,-0.142420,-0.053469, 0.000000,
                         0.148884, 0.833398, 0.532242, 0.000000,
                        -0.031241,-0.534007, 0.844902, 0.000000,
                        11.143596,14.820601, 0.001799, 1.000000;;
                      }
                      Frame Armature_mixamorig_LeftHandPinky2 {
                        FrameTransformMatrix {
                           0.999472,-0.032095,-0.004995, 0.000000,
                           0.032095, 0.952188, 0.303821, 0.000000,
                          -0.004995,-0.303821, 0.952716, 0.000000,
                           0.000006, 5.576300,-0.000005, 1.000000;;
                        }
                        Frame Armature_mixamorig_LeftHandPinky3 {
                          FrameTransformMatrix {
                             0.999472,-0.032094,-0.004995, 0.000000,
                             0.032094, 0.952189, 0.303820, 0.000000,
                            -0.004995,-0.303820, 0.952716, 0.000000,
                             0.000002, 4.090194, 0.000004, 1.000000;;
                          }
                          Frame Armature_mixamorig_LeftHandPinky4 {
                            FrameTransformMatrix {
                               1.000000, 0.000000,-0.000000, 0.000000,
                               0.000000, 1.000000, 0.000000, 0.000000,
                               0.000000, 0.000000, 1.000000, 0.000000,
                              -0.000005, 4.222308,-0.000003, 1.000000;;
                            }
                          } // End of Armature_mixamorig_LeftHandPinky4
                        } // End of Armature_mixamorig_LeftHandPinky3
                      } // End of Armature_mixamorig_LeftHandPinky2
                    } // End of Armature_mixamorig_LeftHandPinky1
                    Frame Armature_mixamorig_LeftHandRing1 {
                      FrameTransformMatrix {
                         0.993307,-0.111350,-0.030684, 0.000000,
                         0.113555, 0.892923, 0.435654, 0.000000,
                        -0.021111,-0.436223, 0.899591, 0.000000,
                         5.832499,16.592604,-0.117391, 1.000000;;
                      }
                      Frame Armature_mixamorig_LeftHandRing2 {
                        FrameTransformMatrix {
                           0.999372,-0.034929,-0.005944, 0.000000,
                           0.034929, 0.943103, 0.330660, 0.000000,
                          -0.005944,-0.330660, 0.943731, 0.000000,
                           0.000000, 6.332903, 0.000004, 1.000000;;
                        }
                        Frame Armature_mixamorig_LeftHandRing3 {
                          FrameTransformMatrix {
                             0.999238,-0.038360,-0.007214, 0.000000,
                             0.038360, 0.930947, 0.363133, 0.000000,
                            -0.007214,-0.363133, 0.931709, 0.000000,
                             0.000001, 5.608900,-0.000001, 1.000000;;
                          }
                          Frame Armature_mixamorig_LeftHandRing4 {
                            FrameTransformMatrix {
                               1.000000,-0.000000,-0.000000, 0.000000,
                               0.000000, 1.000000, 0.000000, 0.000000,
                               0.000000, 0.000000, 1.000000, 0.000000,
                              -0.000002, 4.489696,-0.000001, 1.000000;;
                            }
                          } // End of Armature_mixamorig_LeftHandRing4
                        } // End of Armature_mixamorig_LeftHandRing3
                      } // End of Armature_mixamorig_LeftHandRing2
                    } // End of Armature_mixamorig_LeftHandRing1
                    Frame Armature_mixamorig_LeftHandThumb1 {
                      FrameTransformMatrix {
                         0.855157, 0.468361,-0.222136, 0.000000,
                        -0.386868, 0.861873, 0.327885, 0.000000,
                         0.345021,-0.194456, 0.918230, 0.000000,
                        -7.297904, 5.809498, 5.140806, 1.000000;;
                      }
                      Frame Armature_mixamorig_LeftHandThumb2 {
                        FrameTransformMatrix {
                           0.978444,-0.193723,-0.071538, 0.000000,
                           0.190242, 0.980322,-0.052699, 0.000000,
                           0.080340, 0.037953, 0.996045, 0.000000,
                          -0.000002, 6.981909,-0.000001, 1.000000;;
                        }
                        Frame Armature_mixamorig_LeftHandThumb3 {
                          FrameTransformMatrix {
                             0.973408, 0.021461,-0.228072, 0.000000,
                            -0.092606, 0.947490,-0.306083, 0.000000,
                             0.209527, 0.319065, 0.924282, 0.000000,
                             0.000001, 4.446798,-0.000003, 1.000000;;
                          }
                          Frame Armature_mixamorig_LeftHandThumb4 {
                            FrameTransformMatrix {
                               1.000000,-0.000002, 0.000003, 0.000000,
                               0.000002, 1.000000,-0.000002, 0.000000,
                              -0.000003, 0.000002, 1.000000, 0.000000,
                              -0.000001, 5.337983, 0.000001, 1.000000;;
                            }
                          } // End of Armature_mixamorig_LeftHandThumb4
                        } // End of Armature_mixamorig_LeftHandThumb3
                      } // End of Armature_mixamorig_LeftHandThumb2
                    } // End of Armature_mixamorig_LeftHandThumb1
                  } // End of Armature_mixamorig_LeftHand
                } // End of Armature_mixamorig_LeftForeArm
              } // End of Armature_mixamorig_LeftArm
            } // End of Armature_mixamorig_LeftShoulder
            Frame Armature_mixamorig_Neck {
              FrameTransformMatrix {
                 0.999301,-0.004454,-0.037116, 0.000000,
                 0.004142, 0.999956,-0.008475, 0.000000,
                 0.037152, 0.008315, 0.999275, 0.000000,
                -0.000000,29.862507,-6.856805, 1.000000;;
              }
              Frame Armature_mixamorig_Head {
                FrameTransformMatrix {
                   0.996340,-0.037096,-0.077010, 0.000000,
                   0.078999, 0.055527, 0.995327, 0.000000,
                  -0.032647,-0.997768, 0.058255, 0.000000,
                   0.000000,15.812697, 4.504600, 1.000000;;
                }
                Frame Armature_mixamorig_HeadTop_End {
                  FrameTransformMatrix {
                     1.000000, 0.000000,-0.000000, 0.000000,
                    -0.000000, 1.000000, 0.000000, 0.000000,
                     0.000000,-0.000000, 1.000000, 0.000000,
                     0.000000, 8.548807,-16.914209, 1.000000;;
                  }
                } // End of Armature_mixamorig_HeadTop_End
                Frame Armature_mixamorig_RightEye {
                  FrameTransformMatrix {
                    -0.000000, 1.000000, 0.000000, 0.000000,
                     0.000000,-0.000000, 1.000000, 0.000000,
                     1.000000, 0.000000,-0.000000, 0.000000,
                    -4.116900,14.065408,-5.662611, 1.000000;;
                  }
                } // End of Armature_mixamorig_RightEye
              } // End of Armature_mixamorig_Head
            } // End of Armature_mixamorig_Neck
            Frame Armature_mixamorig_RightShoulder {
              FrameTransformMatrix {
                 0.070714,-0.010852, 0.997438, 0.000000,
                -0.748335,-0.661734, 0.045855, 0.000000,
                 0.659540,-0.749660,-0.054915, 0.000000,
                -15.693200,30.527916,-14.885504, 1.000000;;
              }
              Frame Armature_mixamorig_RightArm {
                FrameTransformMatrix {
                   0.877651,-0.413655, 0.242113, 0.000000,
                   0.338018, 0.892306, 0.299223, 0.000000,
                  -0.339813,-0.180775, 0.922956, 0.000000,
                  -0.000001,18.001900,-0.000010, 1.000000;;
                }
                Frame Armature_mixamorig_RightForeArm {
                  FrameTransformMatrix {
                     0.919144,-0.388406,-0.065694, 0.000000,
                     0.388406, 0.921393,-0.013294, 0.000000,
                     0.065693,-0.013297, 0.997751, 0.000000,
                     0.000001,37.520103,-0.000005, 1.000000;;
                  }
                  Frame Armature_mixamorig_RightHand {
                    FrameTransformMatrix {
                       0.999488,-0.020347,-0.024699, 0.000000,
                       0.023331, 0.991593, 0.127276, 0.000000,
                       0.021902,-0.127787, 0.991560, 0.000000,
                       0.000006,41.865719, 0.000011, 1.000000;;
                    }
                    Frame Armature_mixamorig_RightHandIndex1 {
                      FrameTransformMatrix {
                         0.995640,-0.066076,-0.065831, 0.000000,
                         0.084099, 0.941194, 0.327232, 0.000000,
                         0.040337,-0.331342, 0.942648, 0.000000,
                         6.345599,17.473015, 0.144408, 1.000000;;
                      }
                      Frame Armature_mixamorig_RightHandIndex2 {
                        FrameTransformMatrix {
                           0.999395, 0.034031, 0.007150, 0.000000,
                          -0.034031, 0.914871, 0.402309, 0.000000,
                           0.007150,-0.402309, 0.915476, 0.000000,
                           0.000004, 6.305989, 0.000006, 1.000000;;
                        }
                        Frame Armature_mixamorig_RightHandIndex3 {
                          FrameTransformMatrix {
                             0.999881, 0.015381, 0.001410, 0.000000,
                            -0.015381, 0.983210, 0.181826, 0.000000,
                             0.001410,-0.181826, 0.983330, 0.000000,
                             0.000002, 5.287006,-0.000002, 1.000000;;
                          }
                          Frame Armature_mixamorig_RightHandIndex4 {
                            FrameTransformMatrix {
                               1.000000, 0.000000, 0.000000, 0.000000,
                               0.000000, 1.000000, 0.000000, 0.000000,
                              -0.000000,-0.000000, 1.000000, 0.000000,
                               0.000002, 4.644000, 0.000000, 1.000000;;
                            }
                          } // End of Armature_mixamorig_RightHandIndex4
                        } // End of Armature_mixamorig_RightHandIndex3
                      } // End of Armature_mixamorig_RightHandIndex2
                    } // End of Armature_mixamorig_RightHandIndex1
                    Frame Armature_mixamorig_RightHandMiddle1 {
                      FrameTransformMatrix {
                         0.999541, 0.005195,-0.029836, 0.000000,
                         0.005736, 0.934872, 0.354939, 0.000000,
                         0.029737,-0.354947, 0.934413, 0.000000,
                         0.112403,18.009607,-0.440797, 1.000000;;
                      }
                      Frame Armature_mixamorig_RightHandMiddle2 {
                        FrameTransformMatrix {
                           0.998687, 0.048826, 0.015527, 0.000000,
                          -0.048826, 0.815133, 0.577213, 0.000000,
                           0.015527,-0.577213, 0.816446, 0.000000,
                          -0.000002, 6.843005, 0.000001, 1.000000;;
                        }
                        Frame Armature_mixamorig_RightHandMiddle3 {
                          FrameTransformMatrix {
                             0.999547, 0.029631, 0.005361, 0.000000,
                            -0.029631, 0.936168, 0.350301, 0.000000,
                             0.005361,-0.350301, 0.936622, 0.000000,
                            -0.000002, 5.656006,-0.000001, 1.000000;;
                          }
                          Frame Armature_mixamorig_RightHandMiddle4 {
                            FrameTransformMatrix {
                               1.000000,-0.000000,-0.000000, 0.000000,
                              -0.000000, 1.000000,-0.000000, 0.000000,
                               0.000000, 0.000000, 1.000000, 0.000000,
                               0.000003, 4.458007,-0.000003, 1.000000;;
                            }
                          } // End of Armature_mixamorig_RightHandMiddle4
                        } // End of Armature_mixamorig_RightHandMiddle3
                      } // End of Armature_mixamorig_RightHandMiddle2
                    } // End of Armature_mixamorig_RightHandMiddle1
                    Frame Armature_mixamorig_RightHandPinky1 {
                      FrameTransformMatrix {
                         0.998277, 0.058012,-0.008797, 0.000000,
                        -0.047148, 0.882336, 0.468252, 0.000000,
                         0.034926,-0.467030, 0.883551, 0.000000,
                        -11.143706,14.820509, 0.002408, 1.000000;;
                      }
                      Frame Armature_mixamorig_RightHandPinky2 {
                        FrameTransformMatrix {
                           0.999128, 0.040467, 0.010313, 0.000000,
                          -0.040467, 0.877213, 0.478392, 0.000000,
                           0.010313,-0.478392, 0.878086, 0.000000,
                           0.000000, 5.576008, 0.000003, 1.000000;;
                        }
                        Frame Armature_mixamorig_RightHandPinky3 {
                          FrameTransformMatrix {
                             0.999727, 0.023134, 0.003225, 0.000000,
                            -0.023134, 0.961598, 0.273484, 0.000000,
                             0.003225,-0.273484, 0.961871, 0.000000,
                             0.000000, 4.089986, 0.000001, 1.000000;;
                          }
                          Frame Armature_mixamorig_RightHandPinky4 {
                            FrameTransformMatrix {
                               1.000000, 0.000000,-0.000000, 0.000000,
                               0.000000, 1.000000, 0.000000, 0.000000,
                               0.000000,-0.000000, 1.000000, 0.000000,
                               0.000002, 4.223019, 0.000002, 1.000000;;
                            }
                          } // End of Armature_mixamorig_RightHandPinky4
                        } // End of Armature_mixamorig_RightHandPinky3
                      } // End of Armature_mixamorig_RightHandPinky2
                    } // End of Armature_mixamorig_RightHandPinky1
                    Frame Armature_mixamorig_RightHandRing1 {
                      FrameTransformMatrix {
                         0.999049, 0.042434,-0.010052, 0.000000,
                        -0.035160, 0.920168, 0.389943, 0.000000,
                         0.025797,-0.389218, 0.920784, 0.000000,
                        -5.832504,16.592411,-0.117293, 1.000000;;
                      }
                      Frame Armature_mixamorig_RightHandRing2 {
                        FrameTransformMatrix {
                           0.997697, 0.062126, 0.027227, 0.000000,
                          -0.062126, 0.675824, 0.734441, 0.000000,
                           0.027227,-0.734441, 0.678127, 0.000000,
                           0.000004, 6.332992,-0.000001, 1.000000;;
                        }
                        Frame Armature_mixamorig_RightHandRing3 {
                          FrameTransformMatrix {
                             0.999427, 0.033159, 0.006772, 0.000000,
                            -0.033159, 0.919369, 0.391997, 0.000000,
                             0.006772,-0.391997, 0.919942, 0.000000,
                            -0.000003, 5.608997, 0.000004, 1.000000;;
                          }
                          Frame Armature_mixamorig_RightHandRing4 {
                            FrameTransformMatrix {
                               1.000000, 0.000000, 0.000000, 0.000000,
                               0.000000, 1.000000,-0.000000, 0.000000,
                              -0.000000,-0.000000, 1.000000, 0.000000,
                               0.000000, 4.490025, 0.000000, 1.000000;;
                            }
                          } // End of Armature_mixamorig_RightHandRing4
                        } // End of Armature_mixamorig_RightHandRing3
                      } // End of Armature_mixamorig_RightHandRing2
                    } // End of Armature_mixamorig_RightHandRing1
                    Frame Armature_mixamorig_RightHandThumb1 {
                      FrameTransformMatrix {
                         0.822569,-0.504789, 0.261855, 0.000000,
                         0.343683, 0.808154, 0.478298, 0.000000,
                        -0.453059,-0.303438, 0.838250, 0.000000,
                         7.297801, 5.809106, 5.141004, 1.000000;;
                      }
                      Frame Armature_mixamorig_RightHandThumb2 {
                        FrameTransformMatrix {
                           0.930682, 0.365773, 0.006402, 0.000000,
                          -0.364461, 0.928571,-0.070168, 0.000000,
                          -0.031610, 0.062970, 0.997515, 0.000000,
                           0.000003, 6.982100,-0.000005, 1.000000;;
                        }
                        Frame Armature_mixamorig_RightHandThumb3 {
                          FrameTransformMatrix {
                             0.986027,-0.007108,-0.166431, 0.000000,
                            -0.046299, 0.948030,-0.314794, 0.000000,
                             0.160019, 0.318101, 0.934455, 0.000000,
                             0.000002, 4.446896,-0.000008, 1.000000;;
                          }
                          Frame Armature_mixamorig_RightHandThumb4 {
                            FrameTransformMatrix {
                               1.000000, 0.000001,-0.000001, 0.000000,
                              -0.000001, 1.000000,-0.000000, 0.000000,
                               0.000001, 0.000000, 1.000000, 0.000000,
                              -0.000000, 5.338505, 0.000000, 1.000000;;
                            }
                          } // End of Armature_mixamorig_RightHandThumb4
                        } // End of Armature_mixamorig_RightHandThumb3
                      } // End of Armature_mixamorig_RightHandThumb2
                    } // End of Armature_mixamorig_RightHandThumb1
                  } // End of Armature_mixamorig_RightHand
                } // End of Armature_mixamorig_RightForeArm
              } // End of Armature_mixamorig_RightArm
            } // End of Armature_mixamorig_RightShoulder
          } // End of Armature_mixamorig_Spine2
        } // End of Armature_mixamorig_Spine1
      } // End of Armature_mixamorig_Spine
    } // End of Armature_mixamorig_Hips
  } // End of Armature
} // End of Root
AnimationSet Global {
  Animation {
    {Armature}
    AnimationKey { // Rotation
      0;
      42;
      0;4;-0.707107, 0.707107, 0.000000, 0.000000;;,
      1;4;-0.707107, 0.707107, 0.000000, 0.000000;;,
      2;4;-0.707107, 0.707107, 0.000000, 0.000000;;,
      3;4;-0.707107, 0.707107, 0.000000, 0.000000;;,
      4;4;-0.707107, 0.707107, 0.000000, 0.000000;;,
      5;4;-0.707107, 0.707107, 0.000000, 0.000000;;,
      6;4;-0.707107, 0.707107, 0.000000, 0.000000;;,
      7;4;-0.707107, 0.707107, 0.000000, 0.000000;;,
      8;4;-0.707107, 0.707107, 0.000000, 0.000000;;,
      9;4;-0.707107, 0.707107, 0.000000, 0.000000;;,
      10;4;-0.707107, 0.707107, 0.000000, 0.000000;;,
      11;4;-0.707107, 0.707107, 0.000000, 0.000000;;,
      12;4;-0.707107, 0.707107, 0.000000, 0.000000;;,
      13;4;-0.707107, 0.707107, 0.000000, 0.000000;;,
      14;4;-0.707107, 0.707107, 0.000000, 0.000000;;,
      15;4;-0.707107, 0.707107, 0.000000, 0.000000;;,
      16;4;-0.707107, 0.707107, 0.000000, 0.000000;;,
      17;4;-0.707107, 0.707107, 0.000000, 0.000000;;,
      18;4;-0.707107, 0.707107, 0.000000, 0.000000;;,
      19;4;-0.707107, 0.707107, 0.000000, 0.000000;;,
      20;4;-0.707107, 0.707107, 0.000000, 0.000000;;,
      21;4;-0.707107, 0.707107, 0.000000, 0.000000;;,
      22;4;-0.707107, 0.707107, 0.000000, 0.000000;;,
      23;4;-0.707107, 0.707107, 0.000000, 0.000000;;,
      24;4;-0.707107, 0.707107, 0.000000, 0.000000;;,
      25;4;-0.707107, 0.707107, 0.000000, 0.000000;;,
      26;4;-0.707107, 0.707107, 0.000000, 0.000000;;,
      27;4;-0.707107, 0.707107, 0.000000, 0.000000;;,
      28;4;-0.707107, 0.707107, 0.000000, 0.000000;;,
      29;4;-0.707107, 0.707107, 0.000000, 0.000000;;,
      30;4;-0.707107, 0.707107, 0.000000, 0.000000;;,
      31;4;-0.707107, 0.707107, 0.000000, 0.000000;;,
      32;4;-0.707107, 0.707107, 0.000000, 0.000000;;,
      33;4;-0.707107, 0.707107, 0.000000, 0.000000;;,
      34;4;-0.707107, 0.707107, 0.000000, 0.000000;;,
      35;4;-0.707107, 0.707107, 0.000000, 0.000000;;,
      36;4;-0.707107, 0.707107, 0.000000, 0.000000;;,
      37;4;-0.707107, 0.707107, 0.000000, 0.000000;;,
      38;4;-0.707107, 0.707107, 0.000000, 0.000000;;,
      39;4;-0.707107, 0.707107, 0.000000, 0.000000;;,
      40;4;-0.707107, 0.707107, 0.000000, 0.000000;;,
      41;4;-0.707107, 0.707107, 0.000000, 0.000000;;;
    }
    AnimationKey { // Scale
      1;
      42;
      0;3; 0.110000, 0.110000, 0.110000;;,
      1;3; 0.110000, 0.110000, 0.110000;;,
      2;3; 0.110000, 0.110000, 0.110000;;,
      3;3; 0.110000, 0.110000, 0.110000;;,
      4;3; 0.110000, 0.110000, 0.110000;;,
      5;3; 0.110000, 0.110000, 0.110000;;,
      6;3; 0.110000, 0.110000, 0.110000;;,
      7;3; 0.110000, 0.110000, 0.110000;;,
      8;3; 0.110000, 0.110000, 0.110000;;,
      9;3; 0.110000, 0.110000, 0.110000;;,
      10;3; 0.110000, 0.110000, 0.110000;;,
      11;3; 0.110000, 0.110000, 0.110000;;,
      12;3; 0.110000, 0.110000, 0.110000;;,
      13;3; 0.110000, 0.110000, 0.110000;;,
      14;3; 0.110000, 0.110000, 0.110000;;,
      15;3; 0.110000, 0.110000, 0.110000;;,
      16;3; 0.110000, 0.110000, 0.110000;;,
      17;3; 0.110000, 0.110000, 0.110000;;,
      18;3; 0.110000, 0.110000, 0.110000;;,
      19;3; 0.110000, 0.110000, 0.110000;;,
      20;3; 0.110000, 0.110000, 0.110000;;,
      21;3; 0.110000, 0.110000, 0.110000;;,
      22;3; 0.110000, 0.110000, 0.110000;;,
      23;3; 0.110000, 0.110000, 0.110000;;,
      24;3; 0.110000, 0.110000, 0.110000;;,
      25;3; 0.110000, 0.110000, 0.110000;;,
      26;3; 0.110000, 0.110000, 0.110000;;,
      27;3; 0.110000, 0.110000, 0.110000;;,
      28;3; 0.110000, 0.110000, 0.110000;;,
      29;3; 0.110000, 0.110000, 0.110000;;,
      30;3; 0.110000, 0.110000, 0.110000;;,
      31;3; 0.110000, 0.110000, 0.110000;;,
      32;3; 0.110000, 0.110000, 0.110000;;,
      33;3; 0.110000, 0.110000, 0.110000;;,
      34;3; 0.110000, 0.110000, 0.110000;;,
      35;3; 0.110000, 0.110000, 0.110000;;,
      36;3; 0.110000, 0.110000, 0.110000;;,
      37;3; 0.110000, 0.110000, 0.110000;;,
      38;3; 0.110000, 0.110000, 0.110000;;,
      39;3; 0.110000, 0.110000, 0.110000;;,
      40;3; 0.110000, 0.110000, 0.110000;;,
      41;3; 0.110000, 0.110000, 0.110000;;;
    }
    AnimationKey { // Position
      2;
      42;
      0;3; 0.000000, 0.000000, 0.000000;;,
      1;3; 0.000000, 0.000000, 0.000000;;,
      2;3; 0.000000, 0.000000, 0.000000;;,
      3;3; 0.000000, 0.000000, 0.000000;;,
      4;3; 0.000000, 0.000000, 0.000000;;,
      5;3; 0.000000, 0.000000, 0.000000;;,
      6;3; 0.000000, 0.000000, 0.000000;;,
      7;3; 0.000000, 0.000000, 0.000000;;,
      8;3; 0.000000, 0.000000, 0.000000;;,
      9;3; 0.000000, 0.000000, 0.000000;;,
      10;3; 0.000000, 0.000000, 0.000000;;,
      11;3; 0.000000, 0.000000, 0.000000;;,
      12;3; 0.000000, 0.000000, 0.000000;;,
      13;3; 0.000000, 0.000000, 0.000000;;,
      14;3; 0.000000, 0.000000, 0.000000;;,
      15;3; 0.000000, 0.000000, 0.000000;;,
      16;3; 0.000000, 0.000000, 0.000000;;,
      17;3; 0.000000, 0.000000, 0.000000;;,
      18;3; 0.000000, 0.000000, 0.000000;;,
      19;3; 0.000000, 0.000000, 0.000000;;,
      20;3; 0.000000, 0.000000, 0.000000;;,
      21;3; 0.000000, 0.000000, 0.000000;;,
      22;3; 0.000000, 0.000000, 0.000000;;,
      23;3; 0.000000, 0.000000, 0.000000;;,
      24;3; 0.000000, 0.000000, 0.000000;;,
      25;3; 0.000000, 0.000000, 0.000000;;,
      26;3; 0.000000, 0.000000, 0.000000;;,
      27;3; 0.000000, 0.000000, 0.000000;;,
      28;3; 0.000000, 0.000000, 0.000000;;,
      29;3; 0.000000, 0.000000, 0.000000;;,
      30;3; 0.000000, 0.000000, 0.000000;;,
      31;3; 0.000000, 0.000000, 0.000000;;,
      32;3; 0.000000, 0.000000, 0.000000;;,
      33;3; 0.000000, 0.000000, 0.000000;;,
      34;3; 0.000000, 0.000000, 0.000000;;,
      35;3; 0.000000, 0.000000, 0.000000;;,
      36;3; 0.000000, 0.000000, 0.000000;;,
      37;3; 0.000000, 0.000000, 0.000000;;,
      38;3; 0.000000, 0.000000, 0.000000;;,
      39;3; 0.000000, 0.000000, 0.000000;;,
      40;3; 0.000000, 0.000000, 0.000000;;,
      41;3; 0.000000, 0.000000, 0.000000;;;
    }
  }
  Animation {
    {Armature_mixamorig_Hips}
    AnimationKey { // Rotation
      0;
      42;
      0;4;-0.999695, 0.016806, 0.016666,-0.007032;;,
      1;4;-0.999691, 0.020735, 0.012819,-0.004844;;,
      2;4;-0.999646, 0.025050, 0.008686,-0.002420;;,
      3;4;-0.999567, 0.028948, 0.004598,-0.002494;;,
      4;4;-0.999444, 0.031756,-0.003604,-0.009494;;,
      5;4;-0.999204, 0.033093,-0.013587,-0.017636;;,
      6;4;-0.998906, 0.034131,-0.022009,-0.023203;;,
      7;4;-0.998645, 0.035618,-0.028488,-0.025064;;,
      8;4;-0.998582, 0.035029,-0.031958,-0.024193;;,
      9;4;-0.998902, 0.028967,-0.030976,-0.019925;;,
      10;4;-0.999204, 0.023144,-0.027796,-0.016832;;,
      11;4;-0.999425, 0.018396,-0.024214,-0.015024;;,
      12;4;-0.999594, 0.013985,-0.021208,-0.012938;;,
      13;4;-0.999753, 0.009947,-0.017916,-0.008659;;,
      14;4;-0.999877, 0.006292,-0.014096,-0.002789;;,
      15;4;-0.999948, 0.003092,-0.009505, 0.001907;;,
      16;4;-0.999980, 0.000309,-0.004074, 0.004729;;,
      17;4;-0.999972,-0.002060, 0.001880, 0.006901;;,
      18;4;-0.999920,-0.004035, 0.007967, 0.008943;;,
      19;4;-0.999830,-0.005615, 0.014080, 0.010465;;,
      20;4;-0.999708,-0.006819, 0.020109, 0.011530;;,
      21;4;-0.999563,-0.006741, 0.025947, 0.012442;;,
      22;4;-0.999406,-0.005206, 0.031428, 0.013183;;,
      23;4;-0.999235,-0.003072, 0.036499, 0.013719;;,
      24;4;-0.999043, 0.001627, 0.041265, 0.014440;;,
      25;4;-0.998640, 0.006755, 0.047902, 0.019453;;,
      26;4;-0.998112, 0.012229, 0.055142, 0.024115;;,
      27;4;-0.997654, 0.018319, 0.060428, 0.026450;;,
      28;4;-0.997313, 0.023716, 0.063345, 0.028126;;,
      29;4;-0.997308, 0.024417, 0.063506, 0.027337;;,
      30;4;-0.997745, 0.019435, 0.060564, 0.021447;;,
      31;4;-0.998161, 0.015184, 0.056337, 0.016419;;,
      32;4;-0.998444, 0.013664, 0.052488, 0.012940;;,
      33;4;-0.998677, 0.012986, 0.049216, 0.007334;;,
      34;4;-0.998862, 0.013161, 0.045818, 0.001631;;,
      35;4;-0.999007, 0.013898, 0.042197,-0.003420;;,
      36;4;-0.999146, 0.015074, 0.038069,-0.005627;;,
      37;4;-0.999281, 0.016342, 0.033582,-0.006528;;,
      38;4;-0.999401, 0.017391, 0.029086,-0.007022;;,
      39;4;-0.999506, 0.018025, 0.024714,-0.007224;;,
      40;4;-0.999604, 0.017862, 0.020547,-0.007113;;,
      41;4;-0.999695, 0.016806, 0.016666,-0.007033;;;
    }
    AnimationKey { // Scale
      1;
      42;
      0;3; 1.000000, 1.000000, 1.000000;;,
      1;3; 1.000000, 1.000000, 1.000000;;,
      2;3; 1.000000, 1.000000, 1.000000;;,
      3;3; 1.000000, 1.000000, 1.000000;;,
      4;3; 1.000000, 1.000000, 1.000000;;,
      5;3; 1.000000, 1.000000, 1.000000;;,
      6;3; 1.000000, 1.000000, 1.000000;;,
      7;3; 1.000000, 1.000000, 1.000000;;,
      8;3; 1.000000, 1.000000, 1.000000;;,
      9;3; 1.000000, 1.000000, 1.000000;;,
      10;3; 1.000000, 1.000000, 1.000000;;,
      11;3; 1.000000, 1.000000, 1.000000;;,
      12;3; 1.000000, 1.000000, 1.000000;;,
      13;3; 1.000000, 1.000000, 1.000000;;,
      14;3; 1.000000, 1.000000, 1.000000;;,
      15;3; 1.000000, 1.000000, 1.000000;;,
      16;3; 1.000000, 1.000000, 1.000000;;,
      17;3; 1.000000, 1.000000, 1.000000;;,
      18;3; 1.000000, 1.000000, 1.000000;;,
      19;3; 1.000000, 1.000000, 1.000000;;,
      20;3; 1.000000, 1.000000, 1.000000;;,
      21;3; 1.000000, 1.000000, 1.000000;;,
      22;3; 1.000000, 1.000000, 1.000000;;,
      23;3; 1.000000, 1.000000, 1.000000;;,
      24;3; 1.000000, 1.000000, 1.000000;;,
      25;3; 1.000000, 1.000000, 1.000000;;,
      26;3; 1.000000, 1.000000, 1.000000;;,
      27;3; 1.000000, 1.000000, 1.000000;;,
      28;3; 1.000000, 1.000000, 1.000000;;,
      29;3; 1.000000, 1.000000, 1.000000;;,
