xof 0303txt 0032

template XSkinMeshHeader {
  <3cf169ce-ff7c-44ab-93c0-f78f62d172e2>
  WORD nMaxSkinWeightsPerVertex;
  WORD nMaxSkinWeightsPerFace;
  WORD nBones;
}

template SkinWeights {
  <6f0d123b-bad2-4167-a0d0-80224f25fabb>
  STRING transformNodeName;
  DWORD nWeights;
  array DWORD vertexIndices[nWeights];
  array float weights[nWeights];
  Matrix4x4 matrixOffset;
}

Frame Root {
  FrameTransformMatrix {
     1.000000, 0.000000, 0.000000, 0.000000,
     0.000000,-0.000000, 1.000000, 0.000000,
     0.000000, 1.000000, 0.000000, 0.000000,
     0.000000, 0.000000, 0.000000, 1.000000;;
  }
  Frame Armature {
    FrameTransformMatrix {
       0.100000, 0.000000, 0.000000, 0.000000,
       0.000000,-0.000000, 0.100000, 0.000000,
       0.000000,-0.100000,-0.000000, 0.000000,
       0.000000, 0.000000, 0.000000, 1.000000;;
    }
    Frame Armature_mixamorig_Hips {
      FrameTransformMatrix {
         0.666220,-0.036584,-0.744857, 0.000000,
        -0.052884, 0.993964,-0.096119, 0.000000,
         0.743878, 0.103427, 0.660264, 0.000000,
         6.680221,87.370605,59.365685, 1.000000;;
      }
      Frame Armature_mixamorig_LeftUpLeg {
        FrameTransformMatrix {
          -0.988696,-0.062355, 0.136344, 0.000000,
           0.104036,-0.940176, 0.324400, 0.000000,
           0.107966, 0.334935, 0.935978, 0.000000,
           9.789101,-5.875895,-0.583702, 1.000000;;
        }
        Frame Armature_mixamorig_LeftLeg {
          FrameTransformMatrix {
             0.974553,-0.116517,-0.191496, 0.000000,
            -0.090742, 0.576095,-0.812330, 0.000000,
             0.204971, 0.809035, 0.550862, 0.000000,
             0.000000,41.702000, 0.000000, 1.000000;;
          }
          Frame Armature_mixamorig_LeftFoot {
            FrameTransformMatrix {
               0.990791, 0.076384,-0.111793, 0.000000,
               0.093396, 0.212215, 0.972750, 0.000000,
               0.098027,-0.974233, 0.203127, 0.000000,
              -0.000006,36.981030, 0.000002, 1.000000;;
            }
            Frame Armature_mixamorig_LeftToeBase {
              FrameTransformMatrix {
                 0.992243, 0.022870,-0.122194, 0.000000,
                 0.069210, 0.714891, 0.695802, 0.000000,
                 0.103269,-0.698861, 0.707763, 0.000000,
                 0.000003,16.700537, 0.000000, 1.000000;;
              }
              Frame Armature_mixamorig_LeftToe_End {
                FrameTransformMatrix {
                   1.000000,-0.000000,-0.000000, 0.000000,
                   0.000000, 1.000000, 0.000000, 0.000000,
                   0.000000,-0.000000, 1.000000, 0.000000,
                   0.000003, 7.120434, 0.000000, 1.000000;;
                }
              } // End of Armature_mixamorig_LeftToe_End
            } // End of Armature_mixamorig_LeftToeBase
          } // End of Armature_mixamorig_LeftFoot
        } // End of Armature_mixamorig_LeftLeg
      } // End of Armature_mixamorig_LeftUpLeg
      Frame Armature_mixamorig_RightUpLeg {
        FrameTransformMatrix {
          -0.612622, 0.344669,-0.711223, 0.000000,
          -0.592373,-0.795987, 0.124490, 0.000000,
          -0.523248, 0.497603, 0.691768, 0.000000,
          -9.857702,-5.875890,-0.583699, 1.000000;;
        }
        Frame Armature_mixamorig_RightLeg {
          FrameTransformMatrix {
             0.987033,-0.152861,-0.048989, 0.000000,
             0.096952, 0.810952,-0.577024, 0.000000,
             0.127932, 0.564792, 0.815257, 0.000000,
            -0.000004,41.702000,-0.000008, 1.000000;;
          }
          Frame Armature_mixamorig_RightFoot {
            FrameTransformMatrix {
               0.965240, 0.158113, 0.208115, 0.000000,
              -0.251843, 0.775620, 0.578782, 0.000000,
              -0.069906,-0.611076, 0.788479, 0.000000,
               0.000001,36.981030,-0.000005, 1.000000;;
            }
            Frame Armature_mixamorig_RightToeBase {
              FrameTransformMatrix {
                 0.998448,-0.026994, 0.048719, 0.000000,
                -0.013503, 0.731293, 0.681929, 0.000000,
                -0.054036,-0.681529, 0.729794, 0.000000,
                -0.000003,16.700544, 0.000010, 1.000000;;
              }
              Frame Armature_mixamorig_RightToe_End {
                FrameTransformMatrix {
                   1.000000, 0.000000, 0.000000, 0.000000,
                  -0.000000, 1.000000, 0.000000, 0.000000,
                  -0.000000,-0.000000, 1.000000, 0.000000,
                  -0.000004, 7.120429, 0.000002, 1.000000;;
                }
              } // End of Armature_mixamorig_RightToe_End
            } // End of Armature_mixamorig_RightToeBase
          } // End of Armature_mixamorig_RightFoot
        } // End of Armature_mixamorig_RightLeg
      } // End of Armature_mixamorig_RightUpLeg
      Frame Armature_mixamorig_Spine {
        FrameTransformMatrix {
           0.999244, 0.019116,-0.033866, 0.000000,
          -0.022726, 0.993711,-0.109645, 0.000000,
           0.031557, 0.110332, 0.993394, 0.000000,
           0.017303,10.574814,-1.117201, 1.000000;;
        }
        Frame Armature_mixamorig_Spine1 {
          FrameTransformMatrix {
             0.996850, 0.047321,-0.063650, 0.000000,
            -0.047957, 0.998813,-0.008507, 0.000000,
             0.063171, 0.011533, 0.997936, 0.000000,
            -0.000001,12.406006,-0.000004, 1.000000;;
          }
          Frame Armature_mixamorig_Spine2 {
            FrameTransformMatrix {
               0.996773, 0.048851,-0.063698, 0.000000,
              -0.042570, 0.994424, 0.096486, 0.000000,
               0.068056,-0.093463, 0.993294, 0.000000,
               0.000005,14.178299,-0.000001, 1.000000;;
            }
            Frame Armature_mixamorig_LeftShoulder {
              FrameTransformMatrix {
                 0.080732, 0.011505,-0.996669, 0.000000,
                 0.918154,-0.390015, 0.069870, 0.000000,
                -0.387913,-0.920736,-0.042050, 0.000000,
                 5.934994,13.670199,-1.662599, 1.000000;;
              }
              Frame Armature_mixamorig_LeftArm {
                FrameTransformMatrix {
                   0.902106, 0.155885,-0.402375, 0.000000,
                  -0.194314, 0.979326,-0.056241, 0.000000,
                   0.385289, 0.128922, 0.913746, 0.000000,
                   0.000001,12.607906,-0.000005, 1.000000;;
                }
                Frame Armature_mixamorig_LeftForeArm {
                  FrameTransformMatrix {
                     0.156969, 0.900188,-0.406230, 0.000000,
                    -0.983849, 0.106701,-0.143718, 0.000000,
                    -0.086028, 0.422228, 0.902398, 0.000000,
                     0.000003,25.574303,-0.000011, 1.000000;;
                  }
                  Frame Armature_mixamorig_LeftHand {
                    FrameTransformMatrix {
                       0.971619, 0.234863, 0.028222, 0.000000,
                      -0.235326, 0.947545, 0.216287, 0.000000,
                       0.024056,-0.216790, 0.975922, 0.000000,
                       0.000002,21.603405, 0.000002, 1.000000;;
                    }
                    Frame Armature_mixamorig_LeftHandIndex1 {
                      FrameTransformMatrix {
                         0.988689, 0.136282, 0.062610, 0.000000,
                        -0.102491, 0.309183, 0.945464, 0.000000,
                         0.109492,-0.941187, 0.319654, 0.000000,
                        -2.341902, 9.909705,-0.291390, 1.000000;;
                      }
                      Frame Armature_mixamorig_LeftHandIndex2 {
                        FrameTransformMatrix {
                           0.997049, 0.076770, 0.000084, 0.000000,
                          -0.036472, 0.472711, 0.880462, 0.000000,
                           0.067553,-0.877867, 0.474116, 0.000000,
                          -0.000002, 3.776691,-0.000005, 1.000000;;
                        }
                        Frame Armature_mixamorig_LeftHandIndex3 {
                          FrameTransformMatrix {
                             0.999413,-0.011759,-0.032184, 0.000000,
                             0.033868, 0.481563, 0.875757, 0.000000,
                             0.005200,-0.876333, 0.481678, 0.000000,
                             0.000005, 2.542995, 0.000016, 1.000000;;
                          }
                          Frame Armature_mixamorig_LeftHandIndex4 {
                            FrameTransformMatrix {
                               1.000000, 0.000000,-0.000000, 0.000000,
                               0.000000, 1.000000,-0.000000, 0.000000,
                               0.000000, 0.000000, 1.000000, 0.000000,
                               0.000006, 2.529099,-0.000005, 1.000000;;
                            }
                          } // End of Armature_mixamorig_LeftHandIndex4
                        } // End of Armature_mixamorig_LeftHandIndex3
                      } // End of Armature_mixamorig_LeftHandIndex2
                    } // End of Armature_mixamorig_LeftHandIndex1
                    Frame Armature_mixamorig_LeftHandMiddle1 {
                      FrameTransformMatrix {
                         0.994545,-0.041977, 0.095490, 0.000000,
                        -0.085440, 0.197310, 0.976611, 0.000000,
                        -0.059836,-0.979442, 0.192647, 0.000000,
                        -0.000001, 9.700809, 0.000005, 1.000000;;
                      }
                      Frame Armature_mixamorig_LeftHandMiddle2 {
                        FrameTransformMatrix {
                           0.996330, 0.085590, 0.001256, 0.000000,
                          -0.029435, 0.328795, 0.943942, 0.000000,
                           0.080379,-0.940515, 0.330107, 0.000000,
                           0.000004, 4.014610,-0.000006, 1.000000;;
                        }
                        Frame Armature_mixamorig_LeftHandMiddle3 {
                          FrameTransformMatrix {
                             0.999609,-0.009252,-0.026400, 0.000000,
                             0.027536, 0.491948, 0.870189, 0.000000,
                             0.004936,-0.870575, 0.492010, 0.000000,
                            -0.000001, 2.996702, 0.000005, 1.000000;;
                          }
                          Frame Armature_mixamorig_LeftHandMiddle4 {
                            FrameTransformMatrix {
                               1.000000,-0.000000,-0.000000, 0.000000,
                               0.000000, 1.000000, 0.000000, 0.000000,
                              -0.000000, 0.000000, 1.000000, 0.000000,
                              -0.000000, 2.824992, 0.000011, 1.000000;;
                            }
                          } // End of Armature_mixamorig_LeftHandMiddle4
                        } // End of Armature_mixamorig_LeftHandMiddle3
                      } // End of Armature_mixamorig_LeftHandMiddle2
                    } // End of Armature_mixamorig_LeftHandMiddle1
                    Frame Armature_mixamorig_LeftHandPinky1 {
                      FrameTransformMatrix {
                         0.981906,-0.122203, 0.144664, 0.000000,
                        -0.121899, 0.176735, 0.976681, 0.000000,
                        -0.144920,-0.976643, 0.158641, 0.000000,
                         4.712705, 8.985507,-0.221597, 1.000000;;
                      }
                      Frame Armature_mixamorig_LeftHandPinky2 {
                        FrameTransformMatrix {
                           0.999999, 0.001399, 0.000934, 0.000000,
                          -0.001356, 0.340945, 0.940082, 0.000000,
                           0.000997,-0.940082, 0.340947, 0.000000,
                           0.000008, 3.562510, 0.000006, 1.000000;;
                        }
                        Frame Armature_mixamorig_LeftHandPinky3 {
                          FrameTransformMatrix {
                             1.000000, 0.001035, 0.000341, 0.000000,
                            -0.000976, 0.711620, 0.702564, 0.000000,
                             0.000485,-0.702564, 0.711621, 0.000000,
                             0.000001, 2.335211,-0.000003, 1.000000;;
                          }
                          Frame Armature_mixamorig_LeftHandPinky4 {
                            FrameTransformMatrix {
                               1.000000, 0.000000, 0.000000, 0.000000,
                              -0.000000, 1.000000, 0.000000, 0.000000,
                               0.000000,-0.000000, 1.000000, 0.000000,
                              -0.000002, 2.037277, 0.000002, 1.000000;;
                            }
                          } // End of Armature_mixamorig_LeftHandPinky4
                        } // End of Armature_mixamorig_LeftHandPinky3
                      } // End of Armature_mixamorig_LeftHandPinky2
                    } // End of Armature_mixamorig_LeftHandPinky1
                    Frame Armature_mixamorig_LeftHandRing1 {
                      FrameTransformMatrix {
                         0.994629,-0.067999, 0.078040, 0.000000,
                        -0.069646, 0.118101, 0.990556, 0.000000,
                        -0.076574,-0.990671, 0.112730, 0.000000,
                         2.241700, 9.308404,-0.143486, 1.000000;;
                      }
                      Frame Armature_mixamorig_LeftHandRing2 {
                        FrameTransformMatrix {
                           0.999744, 0.011976, 0.019190, 0.000000,
                          -0.022614, 0.510131, 0.859799, 0.000000,
                           0.000507,-0.860013, 0.510272, 0.000000,
                           0.000001, 4.019388, 0.000006, 1.000000;;
                        }
                        Frame Armature_mixamorig_LeftHandRing3 {
                          FrameTransformMatrix {
                             0.999788,-0.020531, 0.001739, 0.000000,
                             0.006716, 0.404516, 0.914506, 0.000000,
                            -0.019479,-0.914300, 0.404568, 0.000000,
                             0.000000, 2.790802,-0.000002, 1.000000;;
                          }
                          Frame Armature_mixamorig_LeftHandRing4 {
                            FrameTransformMatrix {
                               1.000000, 0.000000, 0.000000, 0.000000,
                              -0.000000, 1.000000,-0.000000, 0.000000,
                               0.000000,-0.000000, 1.000000, 0.000000,
                               0.000003, 2.540691, 0.000002, 1.000000;;
                            }
                          } // End of Armature_mixamorig_LeftHandRing4
                        } // End of Armature_mixamorig_LeftHandRing3
                      } // End of Armature_mixamorig_LeftHandRing2
                    } // End of Armature_mixamorig_LeftHandRing1
                    Frame Armature_mixamorig_LeftHandThumb1 {
                      FrameTransformMatrix {
                         0.852510, 0.521225, 0.039394, 0.000000,
                        -0.429246, 0.655075, 0.621792, 0.000000,
                         0.298287,-0.546993, 0.782191, 0.000000,
                        -2.370405, 3.545600, 1.908201, 1.000000;;
                      }
                      Frame Armature_mixamorig_LeftHandThumb2 {
                        FrameTransformMatrix {
                           0.935642,-0.323779,-0.140503, 0.000000,
                           0.321449, 0.946098,-0.039612, 0.000000,
                           0.145755,-0.008102, 0.989287, 0.000000,
                          -0.000004, 2.808393, 0.000000, 1.000000;;
                        }
                        Frame Armature_mixamorig_LeftHandThumb3 {
                          FrameTransformMatrix {
                             0.598881, 0.047612,-0.799421, 0.000000,
                             0.421282, 0.830218, 0.365047, 0.000000,
                             0.681075,-0.555402, 0.477144, 0.000000,
                             0.000000, 2.379001,-0.000001, 1.000000;;
                          }
                          Frame Armature_mixamorig_LeftHandThumb4 {
                            FrameTransformMatrix {
                               1.000000,-0.000000, 0.000000, 0.000000,
                               0.000000, 1.000000, 0.000000, 0.000000,
                               0.000000,-0.000000, 1.000000, 0.000000,
                              -0.000008, 2.445005,-0.000002, 1.000000;;
                            }
                          } // End of Armature_mixamorig_LeftHandThumb4
                        } // End of Armature_mixamorig_LeftHandThumb3
                      } // End of Armature_mixamorig_LeftHandThumb2
                    } // End of Armature_mixamorig_LeftHandThumb1
                  } // End of Armature_mixamorig_LeftHand
                  Frame Armature_mixamorig_Shield_joint {
                    FrameTransformMatrix {
                       0.000000, 1.000000,-0.000000, 0.000000,
                       0.000000,-0.000000,-1.000000, 0.000000,
                      -1.000000,-0.000000,-0.000000, 0.000000,
                       0.398201,14.663401,-5.648608, 1.000000;;
                    }
                  } // End of Armature_mixamorig_Shield_joint
                } // End of Armature_mixamorig_LeftForeArm
              } // End of Armature_mixamorig_LeftArm
            } // End of Armature_mixamorig_LeftShoulder
            Frame Armature_mixamorig_Neck {
              FrameTransformMatrix {
                 0.873952,-0.004143, 0.485995, 0.000000,
                 0.233148, 0.880965,-0.411755, 0.000000,
                -0.426439, 0.473163, 0.770887, 0.000000,
                 0.024394,15.862306,-1.675797, 1.000000;;
              }
              Frame Armature_mixamorig_Head {
                FrameTransformMatrix {
                   0.840893,-0.048806, 0.538996, 0.000000,
                  -0.149323, 0.936343, 0.317748, 0.000000,
                  -0.520193,-0.347677, 0.780077, 0.000000,
                  -0.000003, 5.563989, 0.988105, 1.000000;;
                }
                Frame Armature_mixamorig_HeadTop_End {
                  FrameTransformMatrix {
                     1.000000,-0.000000,-0.000000, 0.000000,
                     0.000000, 1.000000,-0.000000, 0.000000,
                    -0.000000, 0.000000, 1.000000, 0.000000,
                     0.000001,18.311884, 3.086902, 1.000000;;
                  }
                } // End of Armature_mixamorig_HeadTop_End
                Frame Armature_mixamorig_LeftEye {
                  FrameTransformMatrix {
                    -0.000000, 0.000000,-1.000000, 0.000000,
                     1.000000,-0.000000,-0.000000, 0.000000,
                    -0.000000,-1.000000, 0.000000, 0.000000,
                     2.284401, 7.935691, 7.063704, 1.000000;;
                  }
                } // End of Armature_mixamorig_LeftEye
                Frame Armature_mixamorig_RightEye {
                  FrameTransformMatrix {
                     0.000000,-0.000000, 1.000000, 0.000000,
                    -1.000000, 0.000000,-0.000000, 0.000000,
                    -0.000000,-1.000000, 0.000000, 0.000000,
                    -2.377499, 7.935698, 7.063701, 1.000000;;
                  }
                } // End of Armature_mixamorig_RightEye
              } // End of Armature_mixamorig_Head
            } // End of Armature_mixamorig_Neck
            Frame Armature_mixamorig_RightShoulder {
              FrameTransformMatrix {
                 0.212445,-0.040218, 0.976345, 0.000000,
                -0.966823, 0.136385, 0.215992, 0.000000,
                -0.141846,-0.989839,-0.009909, 0.000000,
                -5.979207,13.670206,-1.662598, 1.000000;;
              }
              Frame Armature_mixamorig_RightArm {
                FrameTransformMatrix {
                   0.218005,-0.859686,-0.461967, 0.000000,
                   0.832463, 0.410866,-0.371745, 0.000000,
                   0.509390,-0.303528, 0.805228, 0.000000,
                   0.000001,12.607889,-0.000003, 1.000000;;
                }
                Frame Armature_mixamorig_RightForeArm {
                  FrameTransformMatrix {
                     0.834641,-0.544013,-0.086165, 0.000000,
                     0.536364, 0.838342,-0.097453, 0.000000,
                     0.125252, 0.035123, 0.991503, 0.000000,
                     0.000006,25.574295, 0.000022, 1.000000;;
                  }
                  Frame Armature_mixamorig_RightHand {
                    FrameTransformMatrix {
                       0.998058, 0.020431, 0.058850, 0.000000,
                      -0.025128, 0.996461, 0.080212, 0.000000,
                      -0.057003,-0.081535, 0.995039, 0.000000,
                       0.000010,21.603516, 0.000002, 1.000000;;
                    }
                    Frame Armature_mixamorig_RightHandIndex1 {
                      FrameTransformMatrix {
                         0.998608, 0.052727,-0.001365, 0.000000,
                        -0.024020, 0.477650, 0.878222, 0.000000,
                         0.046957,-0.876966, 0.478252, 0.000000,
                         2.341897, 9.909595,-0.291401, 1.000000;;
                      }
                      Frame Armature_mixamorig_RightHandIndex2 {
                        FrameTransformMatrix {
                           0.997041,-0.076868,-0.000040, 0.000000,
                           0.030554, 0.395833, 0.917814, 0.000000,
                          -0.070534,-0.915100, 0.397011, 0.000000,
                           0.000008, 3.776704, 0.000002, 1.000000;;
                        }
                        Frame Armature_mixamorig_RightHandIndex3 {
                          FrameTransformMatrix {
                             0.999417, 0.007271, 0.033364, 0.000000,
                            -0.032428, 0.508176, 0.860643, 0.000000,
                            -0.010697,-0.861223, 0.508115, 0.000000,
                             0.000002, 2.542989, 0.000002, 1.000000;;
                          }
                          Frame Armature_mixamorig_RightHandIndex4 {
                            FrameTransformMatrix {
                               1.000000,-0.000000,-0.000000, 0.000000,
                              -0.000000, 1.000000, 0.000000, 0.000000,
                               0.000000,-0.000000, 1.000000, 0.000000,
                              -0.000007, 2.528999,-0.000010, 1.000000;;
                            }
                          } // End of Armature_mixamorig_RightHandIndex4
                        } // End of Armature_mixamorig_RightHandIndex3
                      } // End of Armature_mixamorig_RightHandIndex2
                    } // End of Armature_mixamorig_RightHandIndex1
                    Frame Armature_mixamorig_RightHandMiddle1 {
                      FrameTransformMatrix {
                         0.999762, 0.001848,-0.021721, 0.000000,
                         0.019494, 0.370163, 0.928762, 0.000000,
                         0.009757,-0.928965, 0.370039, 0.000000,
                         0.000007, 9.700596,-0.000017, 1.000000;;
                      }
                      Frame Armature_mixamorig_RightHandMiddle2 {
                        FrameTransformMatrix {
                           0.996318,-0.085719,-0.001574, 0.000000,
                           0.009785, 0.095463, 0.995385, 0.000000,
                          -0.085173,-0.991735, 0.095950, 0.000000,
                           0.000005, 4.014598,-0.000018, 1.000000;;
                        }
                        Frame Armature_mixamorig_RightHandMiddle3 {
                          FrameTransformMatrix {
                             0.999604, 0.023148, 0.015994, 0.000000,
                            -0.028120, 0.841186, 0.540014, 0.000000,
                            -0.000953,-0.540250, 0.841504, 0.000000,
                             0.000004, 2.996716, 0.000006, 1.000000;;
                          }
                          Frame Armature_mixamorig_RightHandMiddle4 {
                            FrameTransformMatrix {
                               1.000000, 0.000000, 0.000000, 0.000000,
                              -0.000000, 1.000000, 0.000000, 0.000000,
                               0.000000,-0.000000, 1.000000, 0.000000,
                              -0.000000, 2.824982, 0.000007, 1.000000;;
                            }
                          } // End of Armature_mixamorig_RightHandMiddle4
                        } // End of Armature_mixamorig_RightHandMiddle3
                      } // End of Armature_mixamorig_RightHandMiddle2
                    } // End of Armature_mixamorig_RightHandMiddle1
                    Frame Armature_mixamorig_RightHandPinky1 {
                      FrameTransformMatrix {
                         0.997613,-0.001999,-0.069030, 0.000000,
                         0.069033, 0.056435, 0.996017, 0.000000,
                         0.001905,-0.998404, 0.056438, 0.000000,
                        -4.712796, 8.985285,-0.221713, 1.000000;;
                      }
                      Frame Armature_mixamorig_RightHandPinky2 {
                        FrameTransformMatrix {
                           0.999999,-0.001257,-0.000626, 0.000000,
                           0.001241, 0.581908, 0.813254, 0.000000,
                          -0.000658,-0.813254, 0.581908, 0.000000,
                          -0.000006, 3.562506, 0.000018, 1.000000;;
                        }
                        Frame Armature_mixamorig_RightHandPinky3 {
                          FrameTransformMatrix {
                             1.000000,-0.000644,-0.000157, 0.000000,
                             0.000649, 0.900092, 0.435699, 0.000000,
                            -0.000139,-0.435699, 0.900092, 0.000000,
                             0.000006, 2.335204, 0.000000, 1.000000;;
                          }
                          Frame Armature_mixamorig_RightHandPinky4 {
                            FrameTransformMatrix {
                               1.000000, 0.000000,-0.000000, 0.000000,
                              -0.000000, 1.000000,-0.000000, 0.000000,
                               0.000000, 0.000000, 1.000000, 0.000000,
                              -0.000008, 2.037319, 0.000007, 1.000000;;
                            }
                          } // End of Armature_mixamorig_RightHandPinky4
                        } // End of Armature_mixamorig_RightHandPinky3
                      } // End of Armature_mixamorig_RightHandPinky2
                    } // End of Armature_mixamorig_RightHandPinky1
                    Frame Armature_mixamorig_RightHandRing1 {
                      FrameTransformMatrix {
                         0.996665, 0.080184, 0.015158, 0.000000,
                        -0.029970, 0.186894, 0.981923, 0.000000,
                         0.075902,-0.979102, 0.188674, 0.000000,
                        -2.241694, 9.308292,-0.143608, 1.000000;;
                      }
                      Frame Armature_mixamorig_RightHandRing2 {
                        FrameTransformMatrix {
                           0.999718,-0.020078,-0.012706, 0.000000,
                           0.017954, 0.288043, 0.957449, 0.000000,
                          -0.015564,-0.957407, 0.288323, 0.000000,
                           0.000003, 4.019393, 0.000019, 1.000000;;
                        }
                        Frame Armature_mixamorig_RightHandRing3 {
                          FrameTransformMatrix {
                             0.999784, 0.020757,-0.001198, 0.000000,
                            -0.015342, 0.775388, 0.631299, 0.000000,
                             0.014033,-0.631144, 0.775539, 0.000000,
                            -0.000012, 2.790837, 0.000001, 1.000000;;
                          }
                          Frame Armature_mixamorig_RightHandRing4 {
                            FrameTransformMatrix {
                               1.000000, 0.000000, 0.000000, 0.000000,
                               0.000000, 1.000000,-0.000000, 0.000000,
                               0.000000,-0.000000, 1.000000, 0.000000,
                               0.000004, 2.540692, 0.000014, 1.000000;;
                            }
                          } // End of Armature_mixamorig_RightHandRing4
                        } // End of Armature_mixamorig_RightHandRing3
                      } // End of Armature_mixamorig_RightHandRing2
                    } // End of Armature_mixamorig_RightHandRing1
                    Frame Armature_mixamorig_RightHandThumb1 {
                      FrameTransformMatrix {
                         0.976732,-0.103457, 0.187858, 0.000000,
                        -0.095406, 0.574892, 0.812648, 0.000000,
                        -0.192072,-0.811662, 0.551646, 0.000000,
                         2.370405, 3.545494, 1.908091, 1.000000;;
                      }
                      Frame Armature_mixamorig_RightHandThumb2 {
                        FrameTransformMatrix {
                           0.951148, 0.004171, 0.308706, 0.000000,
                           0.056213, 0.980855,-0.186449, 0.000000,
                          -0.303574, 0.194694, 0.932704, 0.000000,
                           0.000001, 2.808390, 0.000005, 1.000000;;
                        }
                        Frame Armature_mixamorig_RightHandThumb3 {
                          FrameTransformMatrix {
                             0.927105, 0.226645,-0.298510, 0.000000,
                            -0.296312, 0.930931,-0.213463, 0.000000,
                             0.229512, 0.286355, 0.930229, 0.000000,
                             0.000013, 2.378994,-0.000013, 1.000000;;
                          }
                          Frame Armature_mixamorig_RightHandThumb4 {
                            FrameTransformMatrix {
                               1.000000, 0.000000, 0.000000, 0.000000,
                               0.000000, 1.000000,-0.000000, 0.000000,
                               0.000000, 0.000000, 1.000000, 0.000000,
                               0.000002, 2.444994,-0.000001, 1.000000;;
                            }
                          } // End of Armature_mixamorig_RightHandThumb4
                        } // End of Armature_mixamorig_RightHandThumb3
                      } // End of Armature_mixamorig_RightHandThumb2
                    } // End of Armature_mixamorig_RightHandThumb1
                    Frame Armature_mixamorig_Sword_joint {
                      FrameTransformMatrix {
                         0.000000,-1.000000,-0.000000, 0.000000,
                        -0.000000, 0.000000,-1.000000, 0.000000,
                         1.000000,-0.000000,-0.000000, 0.000000,
                        -0.770204, 7.959991, 2.820796, 1.000000;;
                      }
                    } // End of Armature_mixamorig_Sword_joint
                  } // End of Armature_mixamorig_RightHand
                } // End of Armature_mixamorig_RightForeArm
              } // End of Armature_mixamorig_RightArm
            } // End of Armature_mixamorig_RightShoulder
          } // End of Armature_mixamorig_Spine2
        } // End of Armature_mixamorig_Spine1
      } // End of Armature_mixamorig_Spine
    } // End of Armature_mixamorig_Hips
  } // End of Armature
} // End of Root
AnimationSet Global {
  Animation {
    {Armature}
    AnimationKey { // Rotation
      0;
      36;
      0;4;-0.707107, 0.707107, 0.000000, 0.000000;;,
      1;4;-0.707107, 0.707107, 0.000000, 0.000000;;,
      2;4;-0.707107, 0.707107, 0.000000, 0.000000;;,
      3;4;-0.707107, 0.707107, 0.000000, 0.000000;;,
      4;4;-0.707107, 0.707107, 0.000000, 0.000000;;,
      5;4;-0.707107, 0.707107, 0.000000, 0.000000;;,
      6;4;-0.707107, 0.707107, 0.000000, 0.000000;;,
      7;4;-0.707107, 0.707107, 0.000000, 0.000000;;,
      8;4;-0.707107, 0.707107, 0.000000, 0.000000;;,
      9;4;-0.707107, 0.707107, 0.000000, 0.000000;;,
      10;4;-0.707107, 0.707107, 0.000000, 0.000000;;,
      11;4;-0.707107, 0.707107, 0.000000, 0.000000;;,
      12;4;-0.707107, 0.707107, 0.000000, 0.000000;;,
      13;4;-0.707107, 0.707107, 0.000000, 0.000000;;,
      14;4;-0.707107, 0.707107, 0.000000, 0.000000;;,
      15;4;-0.707107, 0.707107, 0.000000, 0.000000;;,
      16;4;-0.707107, 0.707107, 0.000000, 0.000000;;,
      17;4;-0.707107, 0.707107, 0.000000, 0.000000;;,
      18;4;-0.707107, 0.707107, 0.000000, 0.000000;;,
      19;4;-0.707107, 0.707107, 0.000000, 0.000000;;,
      20;4;-0.707107, 0.707107, 0.000000, 0.000000;;,
      21;4;-0.707107, 0.707107, 0.000000, 0.000000;;,
      22;4;-0.707107, 0.707107, 0.000000, 0.000000;;,
      23;4;-0.707107, 0.707107, 0.000000, 0.000000;;,
      24;4;-0.707107, 0.707107, 0.000000, 0.000000;;,
      25;4;-0.707107, 0.707107, 0.000000, 0.000000;;,
      26;4;-0.707107, 0.707107, 0.000000, 0.000000;;,
      27;4;-0.707107, 0.707107, 0.000000, 0.000000;;,
      28;4;-0.707107, 0.707107, 0.000000, 0.000000;;,
      29;4;-0.707107, 0.707107, 0.000000, 0.000000;;,
      30;4;-0.707107, 0.707107, 0.000000, 0.000000;;,
      31;4;-0.707107, 0.707107, 0.000000, 0.000000;;,
      32;4;-0.707107, 0.707107, 0.000000, 0.000000;;,
      33;4;-0.707107, 0.707107, 0.000000, 0.000000;;,
      34;4;-0.707107, 0.707107, 0.000000, 0.000000;;,
      35;4;-0.707107, 0.707107, 0.000000, 0.000000;;;
    }
    AnimationKey { // Scale
      1;
      36;
      0;3; 0.100000, 0.100000, 0.100000;;,
      1;3; 0.100000, 0.100000, 0.100000;;,
      2;3; 0.100000, 0.100000, 0.100000;;,
      3;3; 0.100000, 0.100000, 0.100000;;,
      4;3; 0.100000, 0.100000, 0.100000;;,
      5;3; 0.100000, 0.100000, 0.100000;;,
      6;3; 0.100000, 0.100000, 0.100000;;,
      7;3; 0.100000, 0.100000, 0.100000;;,
      8;3; 0.100000, 0.100000, 0.100000;;,
      9;3; 0.100000, 0.100000, 0.100000;;,
      10;3; 0.100000, 0.100000, 0.100000;;,
      11;3; 0.100000, 0.100000, 0.100000;;,
      12;3; 0.100000, 0.100000, 0.100000;;,
      13;3; 0.100000, 0.100000, 0.100000;;,
      14;3; 0.100000, 0.100000, 0.100000;;,
      15;3; 0.100000, 0.100000, 0.100000;;,
      16;3; 0.100000, 0.100000, 0.100000;;,
      17;3; 0.100000, 0.100000, 0.100000;;,
      18;3; 0.100000, 0.100000, 0.100000;;,
      19;3; 0.100000, 0.100000, 0.100000;;,
      20;3; 0.100000, 0.100000, 0.100000;;,
      21;3; 0.100000, 0.100000, 0.100000;;,
      22;3; 0.100000, 0.100000, 0.100000;;,
      23;3; 0.100000, 0.100000, 0.100000;;,
      24;3; 0.100000, 0.100000, 0.100000;;,
      25;3; 0.100000, 0.100000, 0.100000;;,
      26;3; 0.100000, 0.100000, 0.100000;;,
      27;3; 0.100000, 0.100000, 0.100000;;,
      28;3; 0.100000, 0.100000, 0.100000;;,
      29;3; 0.100000, 0.100000, 0.100000;;,
      30;3; 0.100000, 0.100000, 0.100000;;,
      31;3; 0.100000, 0.100000, 0.100000;;,
      32;3; 0.100000, 0.100000, 0.100000;;,
      33;3; 0.100000, 0.100000, 0.100000;;,
      34;3; 0.100000, 0.100000, 0.100000;;,
      35;3; 0.100000, 0.100000, 0.100000;;;
    }
    AnimationKey { // Position
      2;
      36;
      0;3; 0.000000, 0.000000, 0.000000;;,
      1;3; 0.000000, 0.000000, 0.000000;;,
      2;3; 0.000000, 0.000000, 0.000000;;,
      3;3; 0.000000, 0.000000, 0.000000;;,
      4;3; 0.000000, 0.000000, 0.000000;;,
      5;3; 0.000000, 0.000000, 0.000000;;,
      6;3; 0.000000, 0.000000, 0.000000;;,
      7;3; 0.000000, 0.000000, 0.000000;;,
      8;3; 0.000000, 0.000000, 0.000000;;,
      9;3; 0.000000, 0.000000, 0.000000;;,
      10;3; 0.000000, 0.000000, 0.000000;;,
      11;3; 0.000000, 0.000000, 0.000000;;,
      12;3; 0.000000, 0.000000, 0.000000;;,
      13;3; 0.000000, 0.000000, 0.000000;;,
      14;3; 0.000000, 0.000000, 0.000000;;,
      15;3; 0.000000, 0.000000, 0.000000;;,
      16;3; 0.000000, 0.000000, 0.000000;;,
      17;3; 0.000000, 0.000000, 0.000000;;,
      18;3; 0.000000, 0.000000, 0.000000;;,
      19;3; 0.000000, 0.000000, 0.000000;;,
      20;3; 0.000000, 0.000000, 0.000000;;,
      21;3; 0.000000, 0.000000, 0.000000;;,
      22;3; 0.000000, 0.000000, 0.000000;;,
      23;3; 0.000000, 0.000000, 0.000000;;,
      24;3; 0.000000, 0.000000, 0.000000;;,
      25;3; 0.000000, 0.000000, 0.000000;;,
      26;3; 0.000000, 0.000000, 0.000000;;,
      27;3; 0.000000, 0.000000, 0.000000;;,
      28;3; 0.000000, 0.000000, 0.000000;;,
      29;3; 0.000000, 0.000000, 0.000000;;,
      30;3; 0.000000, 0.000000, 0.000000;;,
      31;3; 0.000000, 0.000000, 0.000000;;,
      32;3; 0.000000, 0.000000, 0.000000;;,
      33;3; 0.000000, 0.000000, 0.000000;;,
      34;3; 0.000000, 0.000000, 0.000000;;,
      35;3; 0.000000, 0.000000, 0.000000;;;
    }
  }
  Animation {
    {Armature_mixamorig_Hips}
    AnimationKey { // Rotation
      0;
      36;
      0;4;-0.886323, 0.074331,-0.456068, 0.030144;;,
      1;4;-0.885005, 0.083854,-0.456607, 0.035272;;,
      2;4;-0.882571, 0.093133,-0.459121, 0.040035;;,
      3;4;-0.879636, 0.102319,-0.462362, 0.044644;;,
      4;4;-0.876826, 0.111553,-0.465079, 0.049334;;,
      5;4;-0.874776, 0.120974,-0.466025, 0.054342;;,
      6;4;-0.874112, 0.130724,-0.463953, 0.059890;;,
      7;4;-0.875420, 0.140945,-0.457595, 0.066192;;,
      8;4;-0.879554, 0.151437,-0.445045, 0.073398;;,
      9;4;-0.891249, 0.157466,-0.417769, 0.079681;;,
      10;4;-0.908322, 0.157257,-0.379378, 0.079332;;,
      11;4;-0.933181, 0.149815,-0.317143, 0.078414;;,
      12;4;-0.960086, 0.126595,-0.235243, 0.082881;;,
      13;4;-0.980509, 0.100351,-0.145904, 0.085111;;,
      14;4;-0.991671, 0.077012,-0.060919, 0.083346;;,
      15;4;-0.995228, 0.051016, 0.025111, 0.079293;;,
      16;4;-0.990186, 0.022227, 0.116758, 0.073525;;,
      17;4;-0.976728,-0.005004, 0.204312, 0.065067;;,
      18;4;-0.961776,-0.028644, 0.267201, 0.052621;;,
      19;4;-0.950170,-0.052957, 0.304904, 0.037491;;,
      20;4;-0.940543,-0.070878, 0.331397, 0.023070;;,
      21;4;-0.928932,-0.073785, 0.362595, 0.012876;;,
      22;4;-0.919170,-0.065945, 0.388230, 0.007416;;,
      23;4;-0.911105,-0.054754, 0.408497, 0.004473;;,
      24;4;-0.893129,-0.044308, 0.447611, 0.001179;;,
      25;4;-0.856180,-0.041676, 0.514952,-0.006597;;,
      26;4;-0.812386,-0.040954, 0.581478,-0.015331;;,
      27;4;-0.767115,-0.040624, 0.639790,-0.023526;;,
      28;4;-0.715748,-0.041469, 0.696493,-0.029695;;,
      29;4;-0.668072,-0.041977, 0.742104,-0.034645;;,
      30;4;-0.629774,-0.041376, 0.774786,-0.037140;;,
      31;4;-0.614741,-0.036867, 0.787221,-0.031888;;,
      32;4;-0.615659,-0.030631, 0.787086,-0.022832;;,
      33;4;-0.629241,-0.022477, 0.776827,-0.009573;;,
      34;4;-0.668543,-0.017655, 0.743367, 0.012026;;,
      35;4;-0.743950,-0.019604, 0.667003, 0.035506;;;
    }
    AnimationKey { // Scale
      1;
      36;
      0;3; 1.000000, 1.000000, 1.000000;;,
      1;3; 1.000000, 1.000000, 1.000000;;,
      2;3; 1.000000, 1.000000, 1.000000;;,
      3;3; 1.000000, 1.000000, 1.000000;;,
      4;3; 1.000000, 1.000000, 1.000000;;,
      5;3; 1.000000, 1.000000, 1.000000;;,
      6;3; 1.000000, 1.000000, 1.000000;;,
      7;3; 1.000000, 1.000000, 1.000000;;,
      8;3; 1.000000, 1.000000, 1.000000;;,
      9;3; 1.000000, 1.000000, 1.000000;;,
      10;3; 1.000000, 1.000000, 1.000000;;,
      11;3; 1.000000, 1.000000, 1.000000;;,
      12;3; 1.000000, 1.000000, 1.000000;;,
      13;3; 1.000000, 1.000000, 1.000000;;,
      14;3; 1.000000, 1.000000, 1.000000;;,
      15;3; 1.000000, 1.000000, 1.000000;;,
      16;3; 1.000000, 1.000000, 1.000000;;,
      17;3; 1.000000, 1.000000, 1.000000;;,
      18;3; 1.000000, 1.000000, 1.000000;;,
      19;3; 1.000000, 1.000000, 1.000000;;,
      20;3; 1.000000, 1.000000, 1.000000;;,
      21;3; 1.000000, 1.000000, 1.000000;;,
      22;3; 1.000000, 1.000000, 1.000000;;,
      23;3; 1.000000, 1.000000, 1.000000;;,
      24;3; 1.000000, 1.000000, 1.000000;;,
      25;3; 1.000000, 1.000000, 1.000000;;,
      26;3; 1.000000, 1.000000, 1.000000;;,
