xof 0303txt 0032

template XSkinMeshHeader {
  <3cf169ce-ff7c-44ab-93c0-f78f62d172e2>
  WORD nMaxSkinWeightsPerVertex;
  WORD nMaxSkinWeightsPerFace;
  WORD nBones;
}

template SkinWeights {
  <6f0d123b-bad2-4167-a0d0-80224f25fabb>
  STRING transformNodeName;
  DWORD nWeights;
  array DWORD vertexIndices[nWeights];
  array float weights[nWeights];
  Matrix4x4 matrixOffset;
}

Frame Root {
  FrameTransformMatrix {
     1.000000, 0.000000, 0.000000, 0.000000,
     0.000000,-0.000000,-1.000000, 0.000000,
     0.000000, 1.000000,-0.000000, 0.000000,
     0.000000, 0.000000, 0.000000, 1.000000;;
  }
  Frame Armature {
    FrameTransformMatrix {
       0.100000, 0.000000, 0.000000, 0.000000,
       0.000000,-0.000000, 0.100000, 0.000000,
       0.000000,-0.100000,-0.000000, 0.000000,
       0.000000, 0.000000, 0.000000, 1.000000;;
    }
    Frame Armature_mixamorig_Hips {
      FrameTransformMatrix {
         0.375559,-0.159072, 0.913045, 0.000000,
         0.035347, 0.986902, 0.157401, 0.000000,
        -0.926124,-0.026840, 0.376262, 0.000000,
        -0.589381,67.790619,-0.868869, 1.000000;;
      }
      Frame Armature_mixamorig_LeftUpLeg {
        FrameTransformMatrix {
          -0.676730,-0.499990, 0.540382, 0.000000,
           0.726562,-0.334975, 0.599881, 0.000000,
          -0.118927, 0.798625, 0.589924, 0.000000,
           9.789100,-5.875905,-0.583699, 1.000000;;
        }
        Frame Armature_mixamorig_LeftLeg {
          FrameTransformMatrix {
             0.994498, 0.099704, 0.032135, 0.000000,
             0.030377, 0.019103,-0.999356, 0.000000,
            -0.100253, 0.994834, 0.015970, 0.000000,
             0.000002,41.701996, 0.000001, 1.000000;;
          }
          Frame Armature_mixamorig_LeftFoot {
            FrameTransformMatrix {
               0.874656,-0.484291,-0.020938, 0.000000,
               0.165993, 0.258651, 0.951602, 0.000000,
              -0.455436,-0.835800, 0.306620, 0.000000,
               0.000001,36.981022, 0.000000, 1.000000;;
            }
            Frame Armature_mixamorig_LeftToeBase {
              FrameTransformMatrix {
                 0.999372, 0.022106,-0.027678, 0.000000,
                 0.001920, 0.746422, 0.665470, 0.000000,
                 0.035370,-0.665105, 0.745911, 0.000000,
                 0.000002,16.700533,-0.000002, 1.000000;;
              }
              Frame Armature_mixamorig_LeftToe_End {
                FrameTransformMatrix {
                   1.000000,-0.000000,-0.000000, 0.000000,
                   0.000000, 1.000000, 0.000000, 0.000000,
                   0.000000,-0.000000, 1.000000, 0.000000,
                  -0.000001, 7.120428, 0.000000, 1.000000;;
                }
              } // End of Armature_mixamorig_LeftToe_End
            } // End of Armature_mixamorig_LeftToeBase
          } // End of Armature_mixamorig_LeftFoot
        } // End of Armature_mixamorig_LeftLeg
      } // End of Armature_mixamorig_LeftUpLeg
      Frame Armature_mixamorig_RightUpLeg {
        FrameTransformMatrix {
          -0.997203, 0.024606,-0.070564, 0.000000,
          -0.071111,-0.602857, 0.794628, 0.000000,
          -0.022989, 0.797470, 0.602882, 0.000000,
          -9.857700,-5.875902,-0.583699, 1.000000;;
        }
        Frame Armature_mixamorig_RightLeg {
          FrameTransformMatrix {
             0.992122, 0.120462, 0.034396, 0.000000,
             0.040635,-0.049728,-0.997936, 0.000000,
            -0.118503, 0.991472,-0.054231, 0.000000,
            -0.000000,41.702003, 0.000002, 1.000000;;
          }
          Frame Armature_mixamorig_RightFoot {
            FrameTransformMatrix {
               0.985047, 0.121709, 0.121940, 0.000000,
              -0.121432,-0.011615, 0.992532, 0.000000,
               0.122217,-0.992498, 0.003339, 0.000000,
              -0.000002,36.981026, 0.000002, 1.000000;;
            }
            Frame Armature_mixamorig_RightToeBase {
              FrameTransformMatrix {
                 0.999373,-0.022104, 0.027678, 0.000000,
                -0.001921, 0.746423, 0.665469, 0.000000,
                -0.035369,-0.665104, 0.745912, 0.000000,
                 0.000001,16.700537, 0.000000, 1.000000;;
              }
              Frame Armature_mixamorig_RightToe_End {
                FrameTransformMatrix {
                   1.000000, 0.000000, 0.000000, 0.000000,
                  -0.000000, 1.000000, 0.000000, 0.000000,
                  -0.000000,-0.000000, 1.000000, 0.000000,
                  -0.000002, 7.120425,-0.000000, 1.000000;;
                }
              } // End of Armature_mixamorig_RightToe_End
            } // End of Armature_mixamorig_RightToeBase
          } // End of Armature_mixamorig_RightFoot
        } // End of Armature_mixamorig_RightLeg
      } // End of Armature_mixamorig_RightUpLeg
      Frame Armature_mixamorig_Spine {
        FrameTransformMatrix {
           0.993432,-0.004340, 0.114346, 0.000000,
          -0.003424, 0.997706, 0.067611, 0.000000,
          -0.114377,-0.067559, 0.991138, 0.000000,
           0.017299,10.574794,-1.117200, 1.000000;;
        }
        Frame Armature_mixamorig_Spine1 {
          FrameTransformMatrix {
             0.994543,-0.056152, 0.087930, 0.000000,
             0.040766, 0.984959, 0.167908, 0.000000,
            -0.096036,-0.163407, 0.981873, 0.000000,
            -0.000002,12.406001,-0.000000, 1.000000;;
          }
          Frame Armature_mixamorig_Spine2 {
            FrameTransformMatrix {
               0.994407,-0.054806, 0.090285, 0.000000,
               0.028659, 0.962773, 0.268787, 0.000000,
              -0.101655,-0.264696, 0.958959, 0.000000,
              -0.000001,14.178307, 0.000002, 1.000000;;
            }
            Frame Armature_mixamorig_LeftShoulder {
              FrameTransformMatrix {
                 0.121617, 0.036962,-0.991889, 0.000000,
                 0.961754,-0.251488, 0.108551, 0.000000,
                -0.245436,-0.967154,-0.066134, 0.000000,
                 5.934999,13.670203,-1.662601, 1.000000;;
              }
              Frame Armature_mixamorig_LeftArm {
                FrameTransformMatrix {
                   0.976193,-0.216022, 0.019551, 0.000000,
                   0.211053, 0.966786, 0.144156, 0.000000,
                  -0.050043,-0.136597, 0.989362, 0.000000,
                  -0.000002,12.607897, 0.000008, 1.000000;;
                }
                Frame Armature_mixamorig_LeftForeArm {
                  FrameTransformMatrix {
                     0.582261, 0.813002, 0.000001, 0.000000,
                    -0.813002, 0.582261, 0.000002, 0.000000,
                     0.000001,-0.000002, 1.000000, 0.000000,
                     0.000002,25.574303,-0.000001, 1.000000;;
                  }
                  Frame Armature_mixamorig_LeftHand {
                    FrameTransformMatrix {
                       0.983023, 0.111764, 0.145514, 0.000000,
                       0.017045, 0.734012,-0.678922, 0.000000,
                      -0.182688, 0.669876, 0.719646, 0.000000,
                      -0.000003,21.603399, 0.000000, 1.000000;;
                    }
                    Frame Armature_mixamorig_LeftHandIndex1 {
                      FrameTransformMatrix {
                         0.997595, 0.051494, 0.046397, 0.000000,
                        -0.067705, 0.867306, 0.493149, 0.000000,
                        -0.014846,-0.495105, 0.868706, 0.000000,
                        -2.341903, 9.909704,-0.291376, 1.000000;;
                      }
                      Frame Armature_mixamorig_LeftHandIndex2 {
                        FrameTransformMatrix {
                           0.996481,-0.078563,-0.029231, 0.000000,
                           0.078563, 0.753709, 0.652496, 0.000000,
                          -0.029231,-0.652496, 0.757228, 0.000000,
                           0.000003, 3.776706,-0.000002, 1.000000;;
                        }
                        Frame Armature_mixamorig_LeftHandIndex3 {
                          FrameTransformMatrix {
                             0.998498,-0.053342,-0.012472, 0.000000,
                             0.053343, 0.894919, 0.443029, 0.000000,
                            -0.012471,-0.443029, 0.896421, 0.000000,
                            -0.000001, 2.542999, 0.000001, 1.000000;;
                          }
                          Frame Armature_mixamorig_LeftHandIndex4 {
                            FrameTransformMatrix {
                               1.000000,-0.000000,-0.000000, 0.000000,
                               0.000000, 1.000000,-0.000000, 0.000000,
                               0.000000, 0.000000, 1.000000, 0.000000,
                               0.000002, 2.529100,-0.000007, 1.000000;;
                            }
                          } // End of Armature_mixamorig_LeftHandIndex4
                        } // End of Armature_mixamorig_LeftHandIndex3
                      } // End of Armature_mixamorig_LeftHandIndex2
                    } // End of Armature_mixamorig_LeftHandIndex1
                    Frame Armature_mixamorig_LeftHandMiddle1 {
                      FrameTransformMatrix {
                         0.999771,-0.020227, 0.007041, 0.000000,
                         0.013930, 0.863826, 0.503598, 0.000000,
                        -0.016269,-0.503384, 0.863909, 0.000000,
                        -0.000002, 9.700809, 0.000022, 1.000000;;
                      }
                      Frame Armature_mixamorig_LeftHandMiddle2 {
                        FrameTransformMatrix {
                           0.997653,-0.065643,-0.019495, 0.000000,
                           0.065643, 0.835742, 0.545186, 0.000000,
                          -0.019495,-0.545186, 0.838089, 0.000000,
                          -0.000001, 4.014599, 0.000007, 1.000000;;
                        }
                        Frame Armature_mixamorig_LeftHandMiddle3 {
                          FrameTransformMatrix {
                             0.998319,-0.056249,-0.013960, 0.000000,
                             0.056249, 0.882376, 0.467170, 0.000000,
                            -0.013960,-0.467170, 0.884057, 0.000000,
                            -0.000004, 2.996702,-0.000003, 1.000000;;
                          }
                          Frame Armature_mixamorig_LeftHandMiddle4 {
                            FrameTransformMatrix {
                               1.000000,-0.000000, 0.000000, 0.000000,
                               0.000000, 1.000000,-0.000000, 0.000000,
                               0.000000,-0.000000, 1.000000, 0.000000,
                              -0.000001, 2.824987, 0.000000, 1.000000;;
                            }
                          } // End of Armature_mixamorig_LeftHandMiddle4
                        } // End of Armature_mixamorig_LeftHandMiddle3
                      } // End of Armature_mixamorig_LeftHandMiddle2
                    } // End of Armature_mixamorig_LeftHandMiddle1
                    Frame Armature_mixamorig_LeftHandPinky1 {
                      FrameTransformMatrix {
                         0.980620,-0.169954,-0.097474, 0.000000,
                         0.194636, 0.788154, 0.583893, 0.000000,
                        -0.022411,-0.591549, 0.805958, 0.000000,
                         4.712703, 8.985504,-0.221586, 1.000000;;
                      }
                      Frame Armature_mixamorig_LeftHandPinky2 {
                        FrameTransformMatrix {
                           0.999461,-0.009617,-0.031379, 0.000000,
                           0.028296, 0.736863, 0.675450, 0.000000,
                           0.016626,-0.675974, 0.736738, 0.000000,
                          -0.000001, 3.562498,-0.000005, 1.000000;;
                        }
                        Frame Armature_mixamorig_LeftHandPinky3 {
                          FrameTransformMatrix {
                             0.996093,-0.082135,-0.032451, 0.000000,
                             0.082135, 0.726574, 0.682161, 0.000000,
                            -0.032451,-0.682161, 0.730481, 0.000000,
                             0.000000, 2.335204, 0.000011, 1.000000;;
                          }
                          Frame Armature_mixamorig_LeftHandPinky4 {
                            FrameTransformMatrix {
                               1.000000, 0.000000,-0.000000, 0.000000,
                              -0.000000, 1.000000, 0.000000, 0.000000,
                              -0.000000,-0.000000, 1.000000, 0.000000,
                              -0.000002, 2.037291,-0.000005, 1.000000;;
                            }
                          } // End of Armature_mixamorig_LeftHandPinky4
                        } // End of Armature_mixamorig_LeftHandPinky3
                      } // End of Armature_mixamorig_LeftHandPinky2
                    } // End of Armature_mixamorig_LeftHandPinky1
                    Frame Armature_mixamorig_LeftHandRing1 {
                      FrameTransformMatrix {
                         0.999384,-0.035095, 0.000077, 0.000000,
                         0.029482, 0.840727, 0.540656, 0.000000,
                        -0.019039,-0.540320, 0.841244, 0.000000,
                         2.241703, 9.308404,-0.143481, 1.000000;;
                      }
                      Frame Armature_mixamorig_LeftHandRing2 {
                        FrameTransformMatrix {
                           0.997036,-0.072896,-0.024621, 0.000000,
                           0.072896, 0.792551, 0.605433, 0.000000,
                          -0.024621,-0.605433, 0.795515, 0.000000,
                          -0.000006, 4.019397,-0.000014, 1.000000;;
                        }
                        Frame Armature_mixamorig_LeftHandRing3 {
                          FrameTransformMatrix {
                             0.996721,-0.076199,-0.027237, 0.000000,
                             0.076199, 0.770510, 0.632856, 0.000000,
                            -0.027237,-0.632856, 0.773790, 0.000000,
                             0.000000, 2.790812,-0.000004, 1.000000;;
                          }
                          Frame Armature_mixamorig_LeftHandRing4 {
                            FrameTransformMatrix {
                               1.000000,-0.000000, 0.000000, 0.000000,
                              -0.000000, 1.000000,-0.000000, 0.000000,
                              -0.000000, 0.000000, 1.000000, 0.000000,
                              -0.000003, 2.540714, 0.000001, 1.000000;;
                            }
                          } // End of Armature_mixamorig_LeftHandRing4
                        } // End of Armature_mixamorig_LeftHandRing3
                      } // End of Armature_mixamorig_LeftHandRing2
                    } // End of Armature_mixamorig_LeftHandRing1
                    Frame Armature_mixamorig_LeftHandThumb1 {
                      FrameTransformMatrix {
                         0.879862, 0.387456,-0.275175, 0.000000,
                        -0.277876, 0.889184, 0.363506, 0.000000,
                         0.385524,-0.243371, 0.890023, 0.000000,
                        -2.370402, 3.545603, 1.908218, 1.000000;;
                      }
                      Frame Armature_mixamorig_LeftHandThumb2 {
                        FrameTransformMatrix {
                           0.929224,-0.148893, 0.338191, 0.000000,
                           0.121066, 0.987383, 0.102066, 0.000000,
                          -0.349121,-0.053899, 0.935526, 0.000000,
                           0.000004, 2.808398, 0.000002, 1.000000;;
                        }
                        Frame Armature_mixamorig_LeftHandThumb3 {
                          FrameTransformMatrix {
                             0.864749,-0.501284,-0.030378, 0.000000,
                             0.502143, 0.864001, 0.036795, 0.000000,
                             0.007802,-0.047073, 0.998861, 0.000000,
                            -0.000002, 2.379001, 0.000003, 1.000000;;
                          }
                          Frame Armature_mixamorig_LeftHandThumb4 {
                            FrameTransformMatrix {
                               1.000000,-0.000000,-0.000000, 0.000000,
                               0.000000, 1.000000, 0.000000, 0.000000,
                              -0.000000,-0.000000, 1.000000, 0.000000,
                               0.000001, 2.445004, 0.000003, 1.000000;;
                            }
                          } // End of Armature_mixamorig_LeftHandThumb4
                        } // End of Armature_mixamorig_LeftHandThumb3
                      } // End of Armature_mixamorig_LeftHandThumb2
                    } // End of Armature_mixamorig_LeftHandThumb1
                  } // End of Armature_mixamorig_LeftHand
                  Frame Armature_mixamorig_Shield_joint {
                    FrameTransformMatrix {
                      -0.000000, 1.000000,-0.000000, 0.000000,
                       0.000000,-0.000000,-1.000000, 0.000000,
                      -1.000000, 0.000000,-0.000000, 0.000000,
                       0.398198,14.663403,-5.648606, 1.000000;;
                    }
                  } // End of Armature_mixamorig_Shield_joint
                } // End of Armature_mixamorig_LeftForeArm
              } // End of Armature_mixamorig_LeftArm
            } // End of Armature_mixamorig_LeftShoulder
            Frame Armature_mixamorig_Neck {
              FrameTransformMatrix {
                 0.981555,-0.024931,-0.189548, 0.000000,
                 0.040781, 0.995945, 0.080185, 0.000000,
                 0.186780,-0.086435, 0.978592, 0.000000,
                 0.024398,15.862292,-1.675799, 1.000000;;
              }
              Frame Armature_mixamorig_Head {
                FrameTransformMatrix {
                   0.552759,-0.343955,-0.759047, 0.000000,
                  -0.026448, 0.903148,-0.428513, 0.000000,
                   0.832922, 0.256940, 0.490126, 0.000000,
                  -0.000001, 5.563992, 0.988104, 1.000000;;
                }
                Frame Armature_mixamorig_HeadTop_End {
                  FrameTransformMatrix {
                     1.000000, 0.000000,-0.000000, 0.000000,
                     0.000000, 1.000000,-0.000000, 0.000000,
                     0.000000, 0.000000, 1.000000, 0.000000,
                    -0.000000,18.311901, 3.086902, 1.000000;;
                  }
                } // End of Armature_mixamorig_HeadTop_End
                Frame Armature_mixamorig_LeftEye {
                  FrameTransformMatrix {
                    -0.000000, 0.000000,-1.000000, 0.000000,
                     1.000000,-0.000000,-0.000000, 0.000000,
                    -0.000000,-1.000000, 0.000000, 0.000000,
                     2.284400, 7.935715, 7.063699, 1.000000;;
                  }
                } // End of Armature_mixamorig_LeftEye
                Frame Armature_mixamorig_RightEye {
                  FrameTransformMatrix {
                     0.000000, 0.000000, 1.000000, 0.000000,
                    -1.000000, 0.000000, 0.000000, 0.000000,
                    -0.000000,-1.000000, 0.000000, 0.000000,
                    -2.377500, 7.935710, 7.063698, 1.000000;;
                  }
                } // End of Armature_mixamorig_RightEye
              } // End of Armature_mixamorig_Head
            } // End of Armature_mixamorig_Neck
            Frame Armature_mixamorig_RightShoulder {
              FrameTransformMatrix {
                -0.052751, 0.002344, 0.998605, 0.000000,
                -0.996625,-0.063105,-0.052498, 0.000000,
                 0.062894,-0.998004, 0.005665, 0.000000,
                -5.979199,13.670204,-1.662597, 1.000000;;
              }
              Frame Armature_mixamorig_RightArm {
                FrameTransformMatrix {
                   0.791843, 0.260396, 0.552430, 0.000000,
                  -0.501149, 0.794022, 0.344063, 0.000000,
                  -0.349048,-0.549293, 0.759238, 0.000000,
                  -0.000002,12.607901,-0.000013, 1.000000;;
                }
                Frame Armature_mixamorig_RightForeArm {
                  FrameTransformMatrix {
                    -0.051278,-0.998684,-0.000002, 0.000000,
                     0.998684,-0.051278, 0.000002, 0.000000,
                    -0.000002,-0.000002, 1.000000, 0.000000,
                     0.000009,25.574299, 0.000007, 1.000000;;
                  }
                  Frame Armature_mixamorig_RightHand {
                    FrameTransformMatrix {
                       0.923282,-0.159875, 0.349271, 0.000000,
                       0.229124, 0.959017,-0.166699, 0.000000,
                      -0.308306, 0.233937, 0.922074, 0.000000,
                       0.000004,21.603504, 0.000004, 1.000000;;
                    }
                    Frame Armature_mixamorig_RightHandIndex1 {
                      FrameTransformMatrix {
                         0.988860, 0.117700, 0.091118, 0.000000,
                        -0.124992, 0.324195, 0.937697, 0.000000,
                         0.080827,-0.938640, 0.335295, 0.000000,
                         2.341900, 9.909606,-0.291396, 1.000000;;
                      }
                      Frame Armature_mixamorig_RightHandIndex2 {
                        FrameTransformMatrix {
                           0.989532, 0.115830, 0.086076, 0.000000,
                          -0.115830, 0.281719, 0.952480, 0.000000,
                           0.086077,-0.952480, 0.292187, 0.000000,
                          -0.000005, 3.776709, 0.000005, 1.000000;;
                        }
                        Frame Armature_mixamorig_RightHandIndex3 {
                          FrameTransformMatrix {
                             0.993431, 0.100879, 0.054014, 0.000000,
                            -0.100879, 0.549270, 0.829534, 0.000000,
                             0.054014,-0.829534, 0.555838, 0.000000,
                             0.000001, 2.542999,-0.000005, 1.000000;;
                          }
                          Frame Armature_mixamorig_RightHandIndex4 {
                            FrameTransformMatrix {
                               1.000000, 0.000000, 0.000000, 0.000000,
                               0.000000, 1.000000, 0.000000, 0.000000,
                               0.000000,-0.000000, 1.000000, 0.000000,
                               0.000002, 2.528999, 0.000003, 1.000000;;
                            }
                          } // End of Armature_mixamorig_RightHandIndex4
                        } // End of Armature_mixamorig_RightHandIndex3
                      } // End of Armature_mixamorig_RightHandIndex2
                    } // End of Armature_mixamorig_RightHandIndex1
                    Frame Armature_mixamorig_RightHandMiddle1 {
                      FrameTransformMatrix {
                         0.989723, 0.115356, 0.084511, 0.000000,
                        -0.115229, 0.293367, 0.949030, 0.000000,
                         0.084683,-0.949015, 0.303644, 0.000000,
                         0.000002, 9.700607, 0.000007, 1.000000;;
                      }
                      Frame Armature_mixamorig_RightHandMiddle2 {
                        FrameTransformMatrix {
                           0.986847, 0.120145, 0.108157, 0.000000,
                          -0.120145, 0.097464, 0.987961, 0.000000,
                           0.108157,-0.987960, 0.110617, 0.000000,
                           0.000004, 4.014604,-0.000006, 1.000000;;
                        }
                        Frame Armature_mixamorig_RightHandMiddle3 {
                          FrameTransformMatrix {
                             0.997265, 0.070343, 0.022662, 0.000000,
                            -0.070445, 0.812085, 0.579271, 0.000000,
                             0.022344,-0.579284, 0.814820, 0.000000,
                            -0.000003, 2.996702, 0.000000, 1.000000;;
                          }
                          Frame Armature_mixamorig_RightHandMiddle4 {
                            FrameTransformMatrix {
                               1.000000, 0.000000, 0.000000, 0.000000,
                               0.000000, 1.000000, 0.000000, 0.000000,
                               0.000000,-0.000000, 1.000000, 0.000000,
                               0.000004, 2.824989, 0.000001, 1.000000;;
                            }
                          } // End of Armature_mixamorig_RightHandMiddle4
                        } // End of Armature_mixamorig_RightHandMiddle3
                      } // End of Armature_mixamorig_RightHandMiddle2
                    } // End of Armature_mixamorig_RightHandMiddle1
                    Frame Armature_mixamorig_RightHandPinky1 {
                      FrameTransformMatrix {
                         0.994083, 0.099388, 0.043836, 0.000000,
                        -0.077987, 0.372078, 0.924920, 0.000000,
                         0.075615,-0.922865, 0.377627, 0.000000,
                        -4.712803, 8.985307,-0.221693, 1.000000;;
                      }
                      Frame Armature_mixamorig_RightHandPinky2 {
                        FrameTransformMatrix {
                           0.986848, 0.120144, 0.108150, 0.000000,
                          -0.120144, 0.097522, 0.987955, 0.000000,
                           0.108150,-0.987955, 0.110674, 0.000000,
                           0.000006, 3.562499,-0.000000, 1.000000;;
                        }
                        Frame Armature_mixamorig_RightHandPinky3 {
                          FrameTransformMatrix {
                             0.997261, 0.070446, 0.022520, 0.000000,
                            -0.070446, 0.812077, 0.579283, 0.000000,
                             0.022520,-0.579283, 0.814815, 0.000000,
                             0.000002, 2.335205,-0.000014, 1.000000;;
                          }
                          Frame Armature_mixamorig_RightHandPinky4 {
                            FrameTransformMatrix {
                               1.000000, 0.000000, 0.000000, 0.000000,
                              -0.000000, 1.000000,-0.000000, 0.000000,
                              -0.000000, 0.000000, 1.000000, 0.000000,
                               0.000005, 2.037299,-0.000001, 1.000000;;
                            }
                          } // End of Armature_mixamorig_RightHandPinky4
                        } // End of Armature_mixamorig_RightHandPinky3
                      } // End of Armature_mixamorig_RightHandPinky2
                    } // End of Armature_mixamorig_RightHandPinky1
                    Frame Armature_mixamorig_RightHandRing1 {
                      FrameTransformMatrix {
                         0.991233, 0.111267, 0.071258, 0.000000,
                        -0.101239, 0.293023, 0.950730, 0.000000,
                         0.084905,-0.949609, 0.301719, 0.000000,
                        -2.241701, 9.308313,-0.143589, 1.000000;;
                      }
                      Frame Armature_mixamorig_RightHandRing2 {
                        FrameTransformMatrix {
                           0.986856, 0.120137, 0.108080, 0.000000,
                          -0.120137, 0.098109, 0.987897, 0.000000,
                           0.108080,-0.987898, 0.111252, 0.000000,
                          -0.000003, 4.019395, 0.000001, 1.000000;;
                        }
                        Frame Armature_mixamorig_RightHandRing3 {
                          FrameTransformMatrix {
                             0.996517, 0.078254, 0.028821, 0.000000,
                            -0.078369, 0.760632, 0.644435, 0.000000,
                             0.028507,-0.644449, 0.764115, 0.000000,
                            -0.000003, 2.790812,-0.000009, 1.000000;;
                          }
                          Frame Armature_mixamorig_RightHandRing4 {
                            FrameTransformMatrix {
                               1.000000, 0.000000,-0.000000, 0.000000,
                              -0.000000, 1.000000,-0.000000, 0.000000,
                               0.000000,-0.000000, 1.000000, 0.000000,
                               0.000007, 2.540685,-0.000001, 1.000000;;
                            }
                          } // End of Armature_mixamorig_RightHandRing4
                        } // End of Armature_mixamorig_RightHandRing3
                      } // End of Armature_mixamorig_RightHandRing2
                    } // End of Armature_mixamorig_RightHandRing1
                    Frame Armature_mixamorig_RightHandThumb1 {
                      FrameTransformMatrix {
                         0.912224,-0.408695, 0.028557, 0.000000,
                         0.242085, 0.593952, 0.767214, 0.000000,
                        -0.330517,-0.692958, 0.640756, 0.000000,
                         2.370400, 3.545507, 1.908104, 1.000000;;
                      }
                      Frame Armature_mixamorig_RightHandThumb2 {
                        FrameTransformMatrix {
                           0.864995, 0.493775, 0.089281, 0.000000,
                          -0.500178, 0.862686, 0.074805, 0.000000,
                          -0.040085,-0.109362, 0.993193, 0.000000,
                           0.000006, 2.808395,-0.000000, 1.000000;;
                        }
                        Frame Armature_mixamorig_RightHandThumb3 {
                          FrameTransformMatrix {
                             0.315302, 0.921204,-0.227965, 0.000000,
                            -0.930073, 0.347695, 0.118630, 0.000000,
                             0.188544, 0.174620, 0.966415, 0.000000,
                            -0.000005, 2.379000, 0.000001, 1.000000;;
                          }
                          Frame Armature_mixamorig_RightHandThumb4 {
                            FrameTransformMatrix {
                               1.000000, 0.000000, 0.000000, 0.000000,
                              -0.000000, 1.000000,-0.000000, 0.000000,
                              -0.000000, 0.000000, 1.000000, 0.000000,
                               0.000020, 2.445002, 0.000003, 1.000000;;
                            }
                          } // End of Armature_mixamorig_RightHandThumb4
                        } // End of Armature_mixamorig_RightHandThumb3
                      } // End of Armature_mixamorig_RightHandThumb2
                    } // End of Armature_mixamorig_RightHandThumb1
                    Frame Armature_mixamorig_Sword_joint {
                      FrameTransformMatrix {
                        -0.000000,-1.000000,-0.000000, 0.000000,
                        -0.000000, 0.000000,-1.000000, 0.000000,
                         1.000000,-0.000000,-0.000000, 0.000000,
                        -0.770202, 7.960011, 2.820806, 1.000000;;
                      }
                    } // End of Armature_mixamorig_Sword_joint
                  } // End of Armature_mixamorig_RightHand
                } // End of Armature_mixamorig_RightForeArm
              } // End of Armature_mixamorig_RightArm
            } // End of Armature_mixamorig_RightShoulder
          } // End of Armature_mixamorig_Spine2
        } // End of Armature_mixamorig_Spine1
      } // End of Armature_mixamorig_Spine
    } // End of Armature_mixamorig_Hips
  } // End of Armature
} // End of Root
AnimationSet Global {
  Animation {
    {Armature}
    AnimationKey { // Rotation
      0;
      65;
      0;4;-0.707107, 0.707107, 0.000000, 0.000000;;,
      1;4;-0.707107, 0.707107, 0.000000, 0.000000;;,
      2;4;-0.707107, 0.707107, 0.000000, 0.000000;;,
      3;4;-0.707107, 0.707107, 0.000000, 0.000000;;,
      4;4;-0.707107, 0.707107, 0.000000, 0.000000;;,
      5;4;-0.707107, 0.707107, 0.000000, 0.000000;;,
      6;4;-0.707107, 0.707107, 0.000000, 0.000000;;,
      7;4;-0.707107, 0.707107, 0.000000, 0.000000;;,
      8;4;-0.707107, 0.707107, 0.000000, 0.000000;;,
      9;4;-0.707107, 0.707107, 0.000000, 0.000000;;,
      10;4;-0.707107, 0.707107, 0.000000, 0.000000;;,
      11;4;-0.707107, 0.707107, 0.000000, 0.000000;;,
      12;4;-0.707107, 0.707107, 0.000000, 0.000000;;,
      13;4;-0.707107, 0.707107, 0.000000, 0.000000;;,
      14;4;-0.707107, 0.707107, 0.000000, 0.000000;;,
      15;4;-0.707107, 0.707107, 0.000000, 0.000000;;,
      16;4;-0.707107, 0.707107, 0.000000, 0.000000;;,
      17;4;-0.707107, 0.707107, 0.000000, 0.000000;;,
      18;4;-0.707107, 0.707107, 0.000000, 0.000000;;,
      19;4;-0.707107, 0.707107, 0.000000, 0.000000;;,
      20;4;-0.707107, 0.707107, 0.000000, 0.000000;;,
      21;4;-0.707107, 0.707107, 0.000000, 0.000000;;,
      22;4;-0.707107, 0.707107, 0.000000, 0.000000;;,
      23;4;-0.707107, 0.707107, 0.000000, 0.000000;;,
      24;4;-0.707107, 0.707107, 0.000000, 0.000000;;,
      25;4;-0.707107, 0.707107, 0.000000, 0.000000;;,
      26;4;-0.707107, 0.707107, 0.000000, 0.000000;;,
      27;4;-0.707107, 0.707107, 0.000000, 0.000000;;,
      28;4;-0.707107, 0.707107, 0.000000, 0.000000;;,
      29;4;-0.707107, 0.707107, 0.000000, 0.000000;;,
      30;4;-0.707107, 0.707107, 0.000000, 0.000000;;,
      31;4;-0.707107, 0.707107, 0.000000, 0.000000;;,
      32;4;-0.707107, 0.707107, 0.000000, 0.000000;;,
      33;4;-0.707107, 0.707107, 0.000000, 0.000000;;,
      34;4;-0.707107, 0.707107, 0.000000, 0.000000;;,
      35;4;-0.707107, 0.707107, 0.000000, 0.000000;;,
      36;4;-0.707107, 0.707107, 0.000000, 0.000000;;,
      37;4;-0.707107, 0.707107, 0.000000, 0.000000;;,
      38;4;-0.707107, 0.707107, 0.000000, 0.000000;;,
      39;4;-0.707107, 0.707107, 0.000000, 0.000000;;,
      40;4;-0.707107, 0.707107, 0.000000, 0.000000;;,
      41;4;-0.707107, 0.707107, 0.000000, 0.000000;;,
      42;4;-0.707107, 0.707107, 0.000000, 0.000000;;,
      43;4;-0.707107, 0.707107, 0.000000, 0.000000;;,
      44;4;-0.707107, 0.707107, 0.000000, 0.000000;;,
      45;4;-0.707107, 0.707107, 0.000000, 0.000000;;,
      46;4;-0.707107, 0.707107, 0.000000, 0.000000;;,
      47;4;-0.707107, 0.707107, 0.000000, 0.000000;;,
      48;4;-0.707107, 0.707107, 0.000000, 0.000000;;,
      49;4;-0.707107, 0.707107, 0.000000, 0.000000;;,
      50;4;-0.707107, 0.707107, 0.000000, 0.000000;;,
      51;4;-0.707107, 0.707107, 0.000000, 0.000000;;,
      52;4;-0.707107, 0.707107, 0.000000, 0.000000;;,
      53;4;-0.707107, 0.707107, 0.000000, 0.000000;;,
      54;4;-0.707107, 0.707107, 0.000000, 0.000000;;,
      55;4;-0.707107, 0.707107, 0.000000, 0.000000;;,
      56;4;-0.707107, 0.707107, 0.000000, 0.000000;;,
      57;4;-0.707107, 0.707107, 0.000000, 0.000000;;,
      58;4;-0.707107, 0.707107, 0.000000, 0.000000;;,
      59;4;-0.707107, 0.707107, 0.000000, 0.000000;;,
      60;4;-0.707107, 0.707107, 0.000000, 0.000000;;,
      61;4;-0.707107, 0.707107, 0.000000, 0.000000;;,
      62;4;-0.707107, 0.707107, 0.000000, 0.000000;;,
      63;4;-0.707107, 0.707107, 0.000000, 0.000000;;,
      64;4;-0.707107, 0.707107, 0.000000, 0.000000;;;
    }
    AnimationKey { // Scale
      1;
      65;
      0;3; 0.100000, 0.100000, 0.100000;;,
      1;3; 0.100000, 0.100000, 0.100000;;,
      2;3; 0.100000, 0.100000, 0.100000;;,
      3;3; 0.100000, 0.100000, 0.100000;;,
      4;3; 0.100000, 0.100000, 0.100000;;,
      5;3; 0.100000, 0.100000, 0.100000;;,
      6;3; 0.100000, 0.100000, 0.100000;;,
      7;3; 0.100000, 0.100000, 0.100000;;,
      8;3; 0.100000, 0.100000, 0.100000;;,
      9;3; 0.100000, 0.100000, 0.100000;;,
      10;3; 0.100000, 0.100000, 0.100000;;,
      11;3; 0.100000, 0.100000, 0.100000;;,
      12;3; 0.100000, 0.100000, 0.100000;;,
      13;3; 0.100000, 0.100000, 0.100000;;,
      14;3; 0.100000, 0.100000, 0.100000;;,
      15;3; 0.100000, 0.100000, 0.100000;;,
      16;3; 0.100000, 0.100000, 0.100000;;,
      17;3; 0.100000, 0.100000, 0.100000;;,
      18;3; 0.100000, 0.100000, 0.100000;;,
      19;3; 0.100000, 0.100000, 0.100000;;,
      20;3; 0.100000, 0.100000, 0.100000;;,
      21;3; 0.100000, 0.100000, 0.100000;;,
      22;3; 0.100000, 0.100000, 0.100000;;,
      23;3; 0.100000, 0.100000, 0.100000;;,
      24;3; 0.100000, 0.100000, 0.100000;;,
      25;3; 0.100000, 0.100000, 0.100000;;,
      26;3; 0.100000, 0.100000, 0.100000;;,
      27;3; 0.100000, 0.100000, 0.100000;;,
      28;3; 0.100000, 0.100000, 0.100000;;,
      29;3; 0.100000, 0.100000, 0.100000;;,
      30;3; 0.100000, 0.100000, 0.100000;;,
      31;3; 0.100000, 0.100000, 0.100000;;,
      32;3; 0.100000, 0.100000, 0.100000;;,
      33;3; 0.100000, 0.100000, 0.100000;;,
      34;3; 0.100000, 0.100000, 0.100000;;,
      35;3; 0.100000, 0.100000, 0.100000;;,
      36;3; 0.100000, 0.100000, 0.100000;;,
      37;3; 0.100000, 0.100000, 0.100000;;,
      38;3; 0.100000, 0.100000, 0.100000;;,
      39;3; 0.100000, 0.100000, 0.100000;;,
      40;3; 0.100000, 0.100000, 0.100000;;,
      41;3; 0.100000, 0.100000, 0.100000;;,
      42;3; 0.100000, 0.100000, 0.100000;;,
      43;3; 0.100000, 0.100000, 0.100000;;,
      44;3; 0.100000, 0.100000, 0.100000;;,
      45;3; 0.100000, 0.100000, 0.100000;;,
      46;3; 0.100000, 0.100000, 0.100000;;,
      47;3; 0.100000, 0.100000, 0.100000;;,
      48;3; 0.100000, 0.100000, 0.100000;;,
      49;3; 0.100000, 0.100000, 0.100000;;,
      50;3; 0.100000, 0.100000, 0.100000;;,
      51;3; 0.100000, 0.100000, 0.100000;;,
      52;3; 0.100000, 0.100000, 0.100000;;,
      53;3; 0.100000, 0.100000, 0.100000;;,
      54;3; 0.100000, 0.100000, 0.100000;;,
      55;3; 0.100000, 0.100000, 0.100000;;,
      56;3; 0.100000, 0.100000, 0.100000;;,
      57;3; 0.100000, 0.100000, 0.100000;;,
      58;3; 0.100000, 0.100000, 0.100000;;,
      59;3; 0.100000, 0.100000, 0.100000;;,
      60;3; 0.100000, 0.100000, 0.100000;;,
      61;3; 0.100000, 0.100000, 0.100000;;,
      62;3; 0.100000, 0.100000, 0.100000;;,
      63;3; 0.100000, 0.100000, 0.100000;;,
      64;3; 0.100000, 0.100000, 0.100000;;;
    }
    AnimationKey { // Position
      2;
      65;
      0;3; 0.000000, 0.000000, 0.000000;;,
      1;3; 0.000000, 0.000000, 0.000000;;,
      2;3; 0.000000, 0.000000, 0.000000;;,
      3;3; 0.000000, 0.000000, 0.000000;;,
      4;3; 0.000000, 0.000000, 0.000000;;,
      5;3; 0.000000, 0.000000, 0.000000;;,
      6;3; 0.000000, 0.000000, 0.000000;;,
      7;3; 0.000000, 0.000000, 0.000000;;,
      8;3; 0.000000, 0.000000, 0.000000;;,
      9;3; 0.000000, 0.000000, 0.000000;;,
      10;3; 0.000000, 0.000000, 0.000000;;,
      11;3; 0.000000, 0.000000, 0.000000;;,
      12;3; 0.000000, 0.000000, 0.000000;;,
      13;3; 0.000000, 0.000000, 0.000000;;,
      14;3; 0.000000, 0.000000, 0.000000;;,
      15;3; 0.000000, 0.000000, 0.000000;;,
      16;3; 0.000000, 0.000000, 0.000000;;,
      17;3; 0.000000, 0.000000, 0.000000;;,
      18;3; 0.000000, 0.000000, 0.000000;;,
      19;3; 0.000000, 0.000000, 0.000000;;,
      20;3; 0.000000, 0.000000, 0.000000;;,
      21;3; 0.000000, 0.000000, 0.000000;;,
      22;3; 0.000000, 0.000000, 0.000000;;,
      23;3; 0.000000, 0.000000, 0.000000;;,
      24;3; 0.000000, 0.000000, 0.000000;;,
      25;3; 0.000000, 0.000000, 0.000000;;,
      26;3; 0.000000, 0.000000, 0.000000;;,
      27;3; 0.000000, 0.000000, 0.000000;;,
      28;3; 0.000000, 0.000000, 0.000000;;,
      29;3; 0.000000, 0.000000, 0.000000;;,
      30;3; 0.000000, 0.000000, 0.000000;;,
      31;3; 0.000000, 0.000000, 0.000000;;,
      32;3; 0.000000, 0.000000, 0.000000;;,
      33;3; 0.000000, 0.000000, 0.000000;;,
      34;3; 0.000000, 0.000000, 0.000000;;,
      35;3; 0.000000, 0.000000, 0.000000;;,
      36;3; 0.000000, 0.000000, 0.000000;;,
      37;3; 0.000000, 0.000000, 0.000000;;,
      38;3; 0.000000, 0.000000, 0.000000;;,
      39;3; 0.000000, 0.000000, 0.000000;;,
      40;3; 0.000000, 0.000000, 0.000000;;,
      41;3; 0.000000, 0.000000, 0.000000;;,
      42;3; 0.000000, 0.000000, 0.000000;;,
      43;3; 0.000000, 0.000000, 0.000000;;,
      44;3; 0.000000, 0.000000, 0.000000;;,
      45;3; 0.000000, 0.000000, 0.000000;;,
