xof 0303txt 0032

template XSkinMeshHeader {
  <3cf169ce-ff7c-44ab-93c0-f78f62d172e2>
  WORD nMaxSkinWeightsPerVertex;
  WORD nMaxSkinWeightsPerFace;
  WORD nBones;
}

template SkinWeights {
  <6f0d123b-bad2-4167-a0d0-80224f25fabb>
  STRING transformNodeName;
  DWORD nWeights;
  array DWORD vertexIndices[nWeights];
  array float weights[nWeights];
  Matrix4x4 matrixOffset;
}

Frame Root {
  FrameTransformMatrix {
     1.000000, 0.000000, 0.000000, 0.000000,
     0.000000,-0.000000,-1.000000, 0.000000,
     0.000000, 1.000000,-0.000000, 0.000000,
     0.000000, 0.000000, 0.000000, 1.000000;;
  }
  Frame Armature {
    FrameTransformMatrix {
       0.100000, 0.000000, 0.000000, 0.000000,
       0.000000,-0.000000, 0.100000, 0.000000,
       0.000000,-0.100000,-0.000000, 0.000000,
       0.000000, 0.000000, 0.000000, 1.000000;;
    }
    Frame Armature_mixamorig_Hips {
      FrameTransformMatrix {
         0.999955, 0.005722,-0.007550, 0.000000,
        -0.002260, 0.918068, 0.396417, 0.000000,
         0.009200,-0.396382, 0.918040, 0.000000,
         0.001534,87.288437, 0.035703, 1.000000;;
      }
      Frame Armature_mixamorig_LeftUpLeg {
        FrameTransformMatrix {
          -0.964073, 0.207149, 0.166282, 0.000000,
           0.068821,-0.409863, 0.909494, 0.000000,
           0.256569, 0.888314, 0.380856, 0.000000,
           9.789099,-5.875902,-0.583697, 1.000000;;
        }
        Frame Armature_mixamorig_LeftLeg {
          FrameTransformMatrix {
             0.960006, 0.229884, 0.159822, 0.000000,
            -0.064939, 0.738086,-0.671575, 0.000000,
            -0.272346, 0.634337, 0.723495, 0.000000,
            -0.000000,41.702003,-0.000001, 1.000000;;
          }
          Frame Armature_mixamorig_LeftFoot {
            FrameTransformMatrix {
               0.952695, 0.066673,-0.296523, 0.000000,
               0.238729, 0.439644, 0.865865, 0.000000,
               0.188094,-0.895694, 0.402930, 0.000000,
               0.000002,36.981030,-0.000002, 1.000000;;
            }
            Frame Armature_mixamorig_LeftToeBase {
              FrameTransformMatrix {
                 0.988760, 0.070105, 0.132058, 0.000000,
                -0.143581, 0.691552, 0.707913, 0.000000,
                -0.041697,-0.718917, 0.693844, 0.000000,
                 0.000001,16.700535,-0.000002, 1.000000;;
              }
              Frame Armature_mixamorig_LeftToe_End {
                FrameTransformMatrix {
                   1.000000,-0.000000, 0.000000, 0.000000,
                   0.000000, 1.000000, 0.000000, 0.000000,
                   0.000000,-0.000000, 1.000000, 0.000000,
                   0.000000, 7.120430, 0.000001, 1.000000;;
                }
              } // End of Armature_mixamorig_LeftToe_End
            } // End of Armature_mixamorig_LeftToeBase
          } // End of Armature_mixamorig_LeftFoot
        } // End of Armature_mixamorig_LeftLeg
      } // End of Armature_mixamorig_LeftUpLeg
      Frame Armature_mixamorig_RightUpLeg {
        FrameTransformMatrix {
          -0.991195,-0.075166,-0.109001, 0.000000,
          -0.036538,-0.636025, 0.770758, 0.000000,
          -0.127270, 0.767999, 0.627639, 0.000000,
          -9.857701,-5.875893,-0.583699, 1.000000;;
        }
        Frame Armature_mixamorig_RightLeg {
          FrameTransformMatrix {
             0.982828,-0.178955, 0.044986, 0.000000,
             0.105426, 0.344506,-0.932846, 0.000000,
             0.151440, 0.921570, 0.357457, 0.000000,
            -0.000000,41.702003,-0.000002, 1.000000;;
          }
          Frame Armature_mixamorig_RightFoot {
            FrameTransformMatrix {
               0.982036, 0.058244, 0.179482, 0.000000,
              -0.187401, 0.189805, 0.963771, 0.000000,
               0.022068,-0.980093, 0.197311, 0.000000,
               0.000001,36.981030, 0.000001, 1.000000;;
            }
            Frame Armature_mixamorig_RightToeBase {
              FrameTransformMatrix {
                 0.998218,-0.051799,-0.029614, 0.000000,
                 0.057135, 0.686777, 0.724619, 0.000000,
                -0.017196,-0.725020, 0.688513, 0.000000,
                 0.000000,16.700537,-0.000000, 1.000000;;
              }
              Frame Armature_mixamorig_RightToe_End {
                FrameTransformMatrix {
                   1.000000, 0.000000, 0.000000, 0.000000,
                  -0.000000, 1.000000, 0.000000, 0.000000,
                  -0.000000,-0.000000, 1.000000, 0.000000,
                   0.000001, 7.120428, 0.000000, 1.000000;;
                }
              } // End of Armature_mixamorig_RightToe_End
            } // End of Armature_mixamorig_RightToeBase
          } // End of Armature_mixamorig_RightFoot
        } // End of Armature_mixamorig_RightLeg
      } // End of Armature_mixamorig_RightUpLeg
      Frame Armature_mixamorig_Spine {
        FrameTransformMatrix {
           0.994229,-0.075547,-0.076169, 0.000000,
           0.073276, 0.996792,-0.032182, 0.000000,
           0.078355, 0.026415, 0.996575, 0.000000,
           0.017300,10.574799,-1.117200, 1.000000;;
        }
        Frame Armature_mixamorig_Spine1 {
          FrameTransformMatrix {
             0.997966,-0.059758,-0.022214, 0.000000,
             0.059844, 0.998203, 0.003189, 0.000000,
             0.021984,-0.004511, 0.999748, 0.000000,
            -0.000000,12.405992, 0.000003, 1.000000;;
          }
          Frame Armature_mixamorig_Spine2 {
            FrameTransformMatrix {
               0.995656, 0.079707, 0.048122, 0.000000,
              -0.085000, 0.989078, 0.120417, 0.000000,
              -0.037998,-0.123984, 0.991556, 0.000000,
              -0.000001,14.178310, 0.000002, 1.000000;;
            }
            Frame Armature_mixamorig_LeftShoulder {
              FrameTransformMatrix {
                 0.635526,-0.047075,-0.770642, 0.000000,
                 0.762132,-0.121456, 0.635927, 0.000000,
                -0.123535,-0.991480,-0.041311, 0.000000,
                 5.934999,13.670191,-1.662604, 1.000000;;
              }
              Frame Armature_mixamorig_LeftArm {
                FrameTransformMatrix {
                   0.900298, 0.243696, 0.360660, 0.000000,
                  -0.424458, 0.675086, 0.603402, 0.000000,
                  -0.096430,-0.696327, 0.711218, 0.000000,
                  -0.000001,12.607894,-0.000001, 1.000000;;
                }
                Frame Armature_mixamorig_LeftForeArm {
                  FrameTransformMatrix {
                     0.395611, 0.900238, 0.181835, 0.000000,
                    -0.917853, 0.394487, 0.043888, 0.000000,
                    -0.032222,-0.184260, 0.982349, 0.000000,
                     0.000000,25.574310,-0.000002, 1.000000;;
                  }
                  Frame Armature_mixamorig_LeftHand {
                    FrameTransformMatrix {
                       0.999196, 0.031524,-0.024782, 0.000000,
                      -0.038362, 0.931422,-0.361914, 0.000000,
                       0.011673, 0.362573, 0.931882, 0.000000,
                      -0.000010,21.603407,-0.000007, 1.000000;;
                    }
                    Frame Armature_mixamorig_LeftHandIndex1 {
                      FrameTransformMatrix {
                         0.990018, 0.131922, 0.049613, 0.000000,
                        -0.125420, 0.985191,-0.116908, 0.000000,
                        -0.064301, 0.109519, 0.991903, 0.000000,
                        -2.341896, 9.909712,-0.291394, 1.000000;;
                      }
                      Frame Armature_mixamorig_LeftHandIndex2 {
                        FrameTransformMatrix {
                           0.997629, 0.066324, 0.018360, 0.000000,
                          -0.068816, 0.959212, 0.274183, 0.000000,
                           0.000574,-0.274796, 0.961502, 0.000000,
                           0.000002, 3.776700, 0.000001, 1.000000;;
                        }
                        Frame Armature_mixamorig_LeftHandIndex3 {
                          FrameTransformMatrix {
                             0.999251,-0.036918,-0.011572, 0.000000,
                             0.038620, 0.969641, 0.241463, 0.000000,
                             0.002307,-0.241729, 0.970341, 0.000000,
                             0.000005, 2.543001,-0.000004, 1.000000;;
                          }
                          Frame Armature_mixamorig_LeftHandIndex4 {
                            FrameTransformMatrix {
                               1.000000, 0.000000, 0.000000, 0.000000,
                               0.000000, 1.000000,-0.000000, 0.000000,
                               0.000000, 0.000000, 1.000000, 0.000000,
                               0.000001, 2.529096,-0.000007, 1.000000;;
                            }
                          } // End of Armature_mixamorig_LeftHandIndex4
                        } // End of Armature_mixamorig_LeftHandIndex3
                      } // End of Armature_mixamorig_LeftHandIndex2
                    } // End of Armature_mixamorig_LeftHandIndex1
                    Frame Armature_mixamorig_LeftHandMiddle1 {
                      FrameTransformMatrix {
                         0.999431,-0.028400,-0.018177, 0.000000,
                         0.022849, 0.966856,-0.254298, 0.000000,
                         0.024797, 0.253738, 0.966955, 0.000000,
                         0.000001, 9.700809,-0.000001, 1.000000;;
                      }
                      Frame Armature_mixamorig_LeftHandMiddle2 {
                        FrameTransformMatrix {
                           0.988197, 0.130848,-0.079654, 0.000000,
                          -0.079229, 0.881607, 0.465287, 0.000000,
                           0.131105,-0.453484, 0.881569, 0.000000,
                          -0.000010, 4.014599, 0.000000, 1.000000;;
                        }
                        Frame Armature_mixamorig_LeftHandMiddle3 {
                          FrameTransformMatrix {
                             0.999557,-0.011494,-0.027461, 0.000000,
                             0.006455, 0.984190,-0.176995, 0.000000,
                             0.029061, 0.176740, 0.983828, 0.000000,
                            -0.000003, 2.996703,-0.000002, 1.000000;;
                          }
                          Frame Armature_mixamorig_LeftHandMiddle4 {
                            FrameTransformMatrix {
                               1.000000,-0.000000, 0.000000, 0.000000,
                              -0.000000, 1.000000,-0.000000, 0.000000,
                              -0.000000, 0.000000, 1.000000, 0.000000,
                               0.000001, 2.824998, 0.000001, 1.000000;;
                            }
                          } // End of Armature_mixamorig_LeftHandMiddle4
                        } // End of Armature_mixamorig_LeftHandMiddle3
                      } // End of Armature_mixamorig_LeftHandMiddle2
                    } // End of Armature_mixamorig_LeftHandMiddle1
                    Frame Armature_mixamorig_LeftHandPinky1 {
                      FrameTransformMatrix {
                         0.992536,-0.105290, 0.061523, 0.000000,
                         0.105140, 0.994441, 0.005688, 0.000000,
                        -0.061780, 0.000823, 0.998089, 0.000000,
                         4.712706, 8.985509,-0.221602, 1.000000;;
                      }
                      Frame Armature_mixamorig_LeftHandPinky2 {
                        FrameTransformMatrix {
                           1.000000, 0.000177,-0.000059, 0.000000,
                          -0.000168, 0.991883, 0.127153, 0.000000,
                           0.000081,-0.127153, 0.991883, 0.000000,
                           0.000009, 3.562506, 0.000001, 1.000000;;
                        }
                        Frame Armature_mixamorig_LeftHandPinky3 {
                          FrameTransformMatrix {
                             1.000000, 0.000148, 0.000005, 0.000000,
                            -0.000148, 0.994431, 0.105394, 0.000000,
                             0.000010,-0.105394, 0.994430, 0.000000,
                             0.000003, 2.335205, 0.000002, 1.000000;;
                          }
                          Frame Armature_mixamorig_LeftHandPinky4 {
                            FrameTransformMatrix {
                               1.000000,-0.000000, 0.000000, 0.000000,
                              -0.000000, 1.000000,-0.000000, 0.000000,
                              -0.000000,-0.000000, 1.000000, 0.000000,
                              -0.000002, 2.037281,-0.000001, 1.000000;;
                            }
                          } // End of Armature_mixamorig_LeftHandPinky4
                        } // End of Armature_mixamorig_LeftHandPinky3
                      } // End of Armature_mixamorig_LeftHandPinky2
                    } // End of Armature_mixamorig_LeftHandPinky1
                    Frame Armature_mixamorig_LeftHandRing1 {
                      FrameTransformMatrix {
                         0.990243,-0.124160, 0.063261, 0.000000,
                         0.134788, 0.968631,-0.208775, 0.000000,
                        -0.035355, 0.215265, 0.975915, 0.000000,
                         2.241704, 9.308405,-0.143494, 1.000000;;
                      }
                      Frame Armature_mixamorig_LeftHandRing2 {
                        FrameTransformMatrix {
                           0.999774, 0.010962, 0.018200, 0.000000,
                          -0.017246, 0.919033, 0.393803, 0.000000,
                          -0.012409,-0.394028, 0.919015, 0.000000,
                          -0.000004, 4.019392, 0.000001, 1.000000;;
                        }
                        Frame Armature_mixamorig_LeftHandRing3 {
                          FrameTransformMatrix {
                             0.999764,-0.021703, 0.000890, 0.000000,
                             0.021720, 0.999325,-0.029627, 0.000000,
                            -0.000247, 0.029639, 0.999561, 0.000000,
                            -0.000010, 2.790809, 0.000001, 1.000000;;
                          }
                          Frame Armature_mixamorig_LeftHandRing4 {
                            FrameTransformMatrix {
                               1.000000, 0.000000,-0.000000, 0.000000,
                              -0.000000, 1.000000,-0.000000, 0.000000,
                               0.000000, 0.000000, 1.000000, 0.000000,
                               0.000004, 2.540690, 0.000004, 1.000000;;
                            }
                          } // End of Armature_mixamorig_LeftHandRing4
                        } // End of Armature_mixamorig_LeftHandRing3
                      } // End of Armature_mixamorig_LeftHandRing2
                    } // End of Armature_mixamorig_LeftHandRing1
                    Frame Armature_mixamorig_LeftHandThumb1 {
                      FrameTransformMatrix {
                         0.521923, 0.745780, 0.414016, 0.000000,
                        -0.846914, 0.510912, 0.147328, 0.000000,
                        -0.101651,-0.427529, 0.898268, 0.000000,
                        -2.370402, 3.545607, 1.908197, 1.000000;;
                      }
                      Frame Armature_mixamorig_LeftHandThumb2 {
                        FrameTransformMatrix {
                           0.926507,-0.312110,-0.210173, 0.000000,
                           0.254950, 0.931509,-0.259407, 0.000000,
                           0.276742, 0.186758, 0.942622, 0.000000,
                          -0.000003, 2.808401, 0.000001, 1.000000;;
                        }
                        Frame Armature_mixamorig_LeftHandThumb3 {
                          FrameTransformMatrix {
                             0.251179, 0.142497,-0.957394, 0.000000,
                             0.256193, 0.944043, 0.207723, 0.000000,
                             0.933421,-0.297453, 0.200618, 0.000000,
                            -0.000008, 2.378998,-0.000000, 1.000000;;
                          }
                          Frame Armature_mixamorig_LeftHandThumb4 {
                            FrameTransformMatrix {
                               1.000000, 0.000000,-0.000000, 0.000000,
                               0.000000, 1.000000, 0.000000, 0.000000,
                              -0.000000,-0.000000, 1.000000, 0.000000,
                              -0.000001, 2.445007,-0.000008, 1.000000;;
                            }
                          } // End of Armature_mixamorig_LeftHandThumb4
                        } // End of Armature_mixamorig_LeftHandThumb3
                      } // End of Armature_mixamorig_LeftHandThumb2
                    } // End of Armature_mixamorig_LeftHandThumb1
                  } // End of Armature_mixamorig_LeftHand
                  Frame Armature_mixamorig_Shield_joint {
                    FrameTransformMatrix {
                       0.000000, 1.000000,-0.000000, 0.000000,
                       0.000000,-0.000000,-1.000000, 0.000000,
                      -1.000000, 0.000000,-0.000000, 0.000000,
                       0.398197,14.663405,-5.648614, 1.000000;;
                    }
                  } // End of Armature_mixamorig_Shield_joint
                } // End of Armature_mixamorig_LeftForeArm
              } // End of Armature_mixamorig_LeftArm
            } // End of Armature_mixamorig_LeftShoulder
            Frame Armature_mixamorig_Neck {
              FrameTransformMatrix {
                 0.986946, 0.139773, 0.080006, 0.000000,
                -0.115917, 0.961380,-0.249625, 0.000000,
                -0.111807, 0.237092, 0.965032, 0.000000,
                 0.024400,15.862286,-1.675799, 1.000000;;
              }
              Frame Armature_mixamorig_Head {
                FrameTransformMatrix {
                   0.987589,-0.100317,-0.120853, 0.000000,
                   0.069054, 0.968421,-0.239565, 0.000000,
                   0.141069, 0.228246, 0.963329, 0.000000,
                  -0.000000, 5.563999, 0.988099, 1.000000;;
                }
                Frame Armature_mixamorig_HeadTop_End {
                  FrameTransformMatrix {
                     1.000000, 0.000000, 0.000000, 0.000000,
                    -0.000000, 1.000000,-0.000000, 0.000000,
                    -0.000000, 0.000000, 1.000000, 0.000000,
                     0.000000,18.311893, 3.086901, 1.000000;;
                  }
                } // End of Armature_mixamorig_HeadTop_End
                Frame Armature_mixamorig_LeftEye {
                  FrameTransformMatrix {
                    -0.000000, 0.000000,-1.000000, 0.000000,
                     1.000000,-0.000000,-0.000000, 0.000000,
                    -0.000000,-1.000000,-0.000000, 0.000000,
                     2.284400, 7.935697, 7.063701, 1.000000;;
                  }
                } // End of Armature_mixamorig_LeftEye
                Frame Armature_mixamorig_RightEye {
                  FrameTransformMatrix {
                     0.000000,-0.000000, 1.000000, 0.000000,
                    -1.000000, 0.000000,-0.000000, 0.000000,
                    -0.000000,-1.000000,-0.000000, 0.000000,
                    -2.377500, 7.935693, 7.063703, 1.000000;;
                  }
                } // End of Armature_mixamorig_RightEye
              } // End of Armature_mixamorig_Head
            } // End of Armature_mixamorig_Neck
            Frame Armature_mixamorig_RightShoulder {
              FrameTransformMatrix {
                 0.191590,-0.051892, 0.980103, 0.000000,
                -0.919298,-0.359266, 0.160682, 0.000000,
                 0.343780,-0.931791,-0.116535, 0.000000,
                -5.979200,13.670197,-1.662603, 1.000000;;
              }
              Frame Armature_mixamorig_RightArm {
                FrameTransformMatrix {
                   0.448095,-0.871755,-0.198125, 0.000000,
                   0.893600, 0.430248, 0.127932, 0.000000,
                  -0.026283,-0.234370, 0.971792, 0.000000,
                  -0.000010,12.607899,-0.000003, 1.000000;;
                }
                Frame Armature_mixamorig_RightForeArm {
                  FrameTransformMatrix {
                     0.494451,-0.576783,-0.650261, 0.000000,
                     0.756928, 0.653485,-0.004084, 0.000000,
                     0.427291,-0.490182, 0.759700, 0.000000,
                     0.000002,25.574291, 0.000007, 1.000000;;
                  }
                  Frame Armature_mixamorig_RightHand {
                    FrameTransformMatrix {
                       0.997024,-0.049573, 0.059035, 0.000000,
                       0.073295, 0.846876,-0.526715, 0.000000,
                      -0.023884, 0.529475, 0.847989, 0.000000,
                      -0.000005,21.603508,-0.000006, 1.000000;;
                    }
                    Frame Armature_mixamorig_RightHandIndex1 {
                      FrameTransformMatrix {
                         0.998618, 0.052542,-0.001269, 0.000000,
                        -0.024016, 0.477665, 0.878214, 0.000000,
                         0.046750,-0.876970, 0.478266, 0.000000,
                         2.341905, 9.909601,-0.291398, 1.000000;;
                      }
                      Frame Armature_mixamorig_RightHandIndex2 {
                        FrameTransformMatrix {
                           0.997041,-0.076867,-0.000040, 0.000000,
                           0.030554, 0.395833, 0.917814, 0.000000,
                          -0.070534,-0.915100, 0.397011, 0.000000,
                           0.000002, 3.776703,-0.000006, 1.000000;;
                        }
                        Frame Armature_mixamorig_RightHandIndex3 {
                          FrameTransformMatrix {
                             0.999417, 0.007271, 0.033364, 0.000000,
                            -0.032428, 0.508176, 0.860643, 0.000000,
                            -0.010697,-0.861223, 0.508115, 0.000000,
                             0.000003, 2.542996,-0.000004, 1.000000;;
                          }
                          Frame Armature_mixamorig_RightHandIndex4 {
                            FrameTransformMatrix {
                               1.000000, 0.000000,-0.000000, 0.000000,
                               0.000000, 1.000000, 0.000000, 0.000000,
                               0.000000, 0.000000, 1.000000, 0.000000,
                               0.000011, 2.529008,-0.000002, 1.000000;;
                            }
                          } // End of Armature_mixamorig_RightHandIndex4
                        } // End of Armature_mixamorig_RightHandIndex3
                      } // End of Armature_mixamorig_RightHandIndex2
                    } // End of Armature_mixamorig_RightHandIndex1
                    Frame Armature_mixamorig_RightHandMiddle1 {
                      FrameTransformMatrix {
                         0.999766, 0.002018,-0.021561, 0.000000,
                         0.019282, 0.370166, 0.928765, 0.000000,
                         0.009856,-0.928963, 0.370041, 0.000000,
                         0.000005, 9.700597, 0.000001, 1.000000;;
                      }
                      Frame Armature_mixamorig_RightHandMiddle2 {
                        FrameTransformMatrix {
                           0.996324,-0.085656,-0.001597, 0.000000,
                           0.009803, 0.095465, 0.995385, 0.000000,
                          -0.085108,-0.991741, 0.095954, 0.000000,
                           0.000007, 4.014603,-0.000005, 1.000000;;
                        }
                        Frame Armature_mixamorig_RightHandMiddle3 {
                          FrameTransformMatrix {
                             0.999606, 0.023228, 0.015785, 0.000000,
                            -0.028074, 0.841139, 0.540089, 0.000000,
                            -0.000732,-0.540319, 0.841460, 0.000000,
                             0.000002, 2.996694,-0.000002, 1.000000;;
                          }
                          Frame Armature_mixamorig_RightHandMiddle4 {
                            FrameTransformMatrix {
                               1.000000, 0.000000, 0.000000, 0.000000,
                              -0.000000, 1.000000,-0.000000, 0.000000,
                               0.000000,-0.000000, 1.000000, 0.000000,
                              -0.000000, 2.824996, 0.000000, 1.000000;;
                            }
                          } // End of Armature_mixamorig_RightHandMiddle4
                        } // End of Armature_mixamorig_RightHandMiddle3
                      } // End of Armature_mixamorig_RightHandMiddle2
                    } // End of Armature_mixamorig_RightHandMiddle1
                    Frame Armature_mixamorig_RightHandPinky1 {
                      FrameTransformMatrix {
                         0.997600,-0.001999,-0.069205, 0.000000,
                         0.069207, 0.056418, 0.996006, 0.000000,
                         0.001913,-0.998405, 0.056421, 0.000000,
                        -4.712800, 8.985300,-0.221701, 1.000000;;
                      }
                      Frame Armature_mixamorig_RightHandPinky2 {
                        FrameTransformMatrix {
                           0.999999,-0.001131,-0.000582, 0.000000,
                           0.001132, 0.581894, 0.813264, 0.000000,
                          -0.000581,-0.813264, 0.581895, 0.000000,
                           0.000006, 3.562498,-0.000004, 1.000000;;
                        }
                        Frame Armature_mixamorig_RightHandPinky3 {
                          FrameTransformMatrix {
                             1.000000,-0.000606,-0.000139, 0.000000,
                             0.000606, 0.900092, 0.435699, 0.000000,
                            -0.000139,-0.435699, 0.900092, 0.000000,
                            -0.000015, 2.335207,-0.000002, 1.000000;;
                          }
                          Frame Armature_mixamorig_RightHandPinky4 {
                            FrameTransformMatrix {
                               1.000000, 0.000000, 0.000000, 0.000000,
                              -0.000000, 1.000000,-0.000000, 0.000000,
                              -0.000000, 0.000000, 1.000000, 0.000000,
                              -0.000007, 2.037304, 0.000001, 1.000000;;
                            }
                          } // End of Armature_mixamorig_RightHandPinky4
                        } // End of Armature_mixamorig_RightHandPinky3
                      } // End of Armature_mixamorig_RightHandPinky2
                    } // End of Armature_mixamorig_RightHandPinky1
                    Frame Armature_mixamorig_RightHandRing1 {
                      FrameTransformMatrix {
                         0.996654, 0.080320, 0.015145, 0.000000,
                        -0.029983, 0.186896, 0.981922, 0.000000,
                         0.076038,-0.979091, 0.188679, 0.000000,
                        -2.241695, 9.308304,-0.143596, 1.000000;;
                      }
                      Frame Armature_mixamorig_RightHandRing2 {
                        FrameTransformMatrix {
                           0.999715,-0.020158,-0.012772, 0.000000,
                           0.018041, 0.288066, 0.957440, 0.000000,
                          -0.015621,-0.957398, 0.288348, 0.000000,
                          -0.000001, 4.019392,-0.000003, 1.000000;;
                        }
                        Frame Armature_mixamorig_RightHandRing3 {
                          FrameTransformMatrix {
                             0.999784, 0.020757,-0.001198, 0.000000,
                            -0.015342, 0.775388, 0.631298, 0.000000,
                             0.014033,-0.631144, 0.775539, 0.000000,
                             0.000001, 2.790816, 0.000000, 1.000000;;
                          }
                          Frame Armature_mixamorig_RightHandRing4 {
                            FrameTransformMatrix {
                               1.000000, 0.000000, 0.000000, 0.000000,
                               0.000000, 1.000000,-0.000000, 0.000000,
                               0.000000, 0.000000, 1.000000, 0.000000,
                               0.000011, 2.540699,-0.000001, 1.000000;;
                            }
                          } // End of Armature_mixamorig_RightHandRing4
                        } // End of Armature_mixamorig_RightHandRing3
                      } // End of Armature_mixamorig_RightHandRing2
                    } // End of Armature_mixamorig_RightHandRing1
                    Frame Armature_mixamorig_RightHandThumb1 {
                      FrameTransformMatrix {
                         0.976732,-0.103456, 0.187858, 0.000000,
                        -0.095406, 0.574892, 0.812648, 0.000000,
                        -0.192071,-0.811663, 0.551645, 0.000000,
                         2.370408, 3.545506, 1.908099, 1.000000;;
                      }
                      Frame Armature_mixamorig_RightHandThumb2 {
                        FrameTransformMatrix {
                           0.951148, 0.004170, 0.308706, 0.000000,
                           0.056214, 0.980855,-0.186449, 0.000000,
                          -0.303574, 0.194694, 0.932704, 0.000000,
                          -0.000005, 2.808399,-0.000000, 1.000000;;
                        }
                        Frame Armature_mixamorig_RightHandThumb3 {
                          FrameTransformMatrix {
                             0.927105, 0.226646,-0.298511, 0.000000,
                            -0.296312, 0.930931,-0.213463, 0.000000,
                             0.229512, 0.286355, 0.930228, 0.000000,
                             0.000005, 2.378991,-0.000010, 1.000000;;
                          }
                          Frame Armature_mixamorig_RightHandThumb4 {
                            FrameTransformMatrix {
                               1.000000, 0.000000,-0.000000, 0.000000,
                              -0.000000, 1.000000,-0.000000, 0.000000,
                              -0.000000, 0.000000, 1.000000, 0.000000,
                               0.000002, 2.445008, 0.000007, 1.000000;;
                            }
                          } // End of Armature_mixamorig_RightHandThumb4
                        } // End of Armature_mixamorig_RightHandThumb3
                      } // End of Armature_mixamorig_RightHandThumb2
                    } // End of Armature_mixamorig_RightHandThumb1
                    Frame Armature_mixamorig_Sword_joint {
                      FrameTransformMatrix {
                        -0.000000,-1.000000,-0.000000, 0.000000,
                        -0.000000, 0.000000,-1.000000, 0.000000,
                         1.000000, 0.000000,-0.000000, 0.000000,
                        -0.770195, 7.960001, 2.820797, 1.000000;;
                      }
                    } // End of Armature_mixamorig_Sword_joint
                  } // End of Armature_mixamorig_RightHand
                } // End of Armature_mixamorig_RightForeArm
              } // End of Armature_mixamorig_RightArm
            } // End of Armature_mixamorig_RightShoulder
          } // End of Armature_mixamorig_Spine2
        } // End of Armature_mixamorig_Spine1
      } // End of Armature_mixamorig_Spine
    } // End of Armature_mixamorig_Hips
  } // End of Armature
} // End of Root
AnimationSet Global {
  Animation {
    {Armature}
    AnimationKey { // Rotation
      0;
      92;
      0;4;-0.707107, 0.707107, 0.000000, 0.000000;;,
      1;4;-0.707107, 0.707107, 0.000000, 0.000000;;,
      2;4;-0.707107, 0.707107, 0.000000, 0.000000;;,
      3;4;-0.707107, 0.707107, 0.000000, 0.000000;;,
      4;4;-0.707107, 0.707107, 0.000000, 0.000000;;,
      5;4;-0.707107, 0.707107, 0.000000, 0.000000;;,
      6;4;-0.707107, 0.707107, 0.000000, 0.000000;;,
      7;4;-0.707107, 0.707107, 0.000000, 0.000000;;,
      8;4;-0.707107, 0.707107, 0.000000, 0.000000;;,
      9;4;-0.707107, 0.707107, 0.000000, 0.000000;;,
      10;4;-0.707107, 0.707107, 0.000000, 0.000000;;,
      11;4;-0.707107, 0.707107, 0.000000, 0.000000;;,
      12;4;-0.707107, 0.707107, 0.000000, 0.000000;;,
      13;4;-0.707107, 0.707107, 0.000000, 0.000000;;,
      14;4;-0.707107, 0.707107, 0.000000, 0.000000;;,
      15;4;-0.707107, 0.707107, 0.000000, 0.000000;;,
      16;4;-0.707107, 0.707107, 0.000000, 0.000000;;,
      17;4;-0.707107, 0.707107, 0.000000, 0.000000;;,
      18;4;-0.707107, 0.707107, 0.000000, 0.000000;;,
      19;4;-0.707107, 0.707107, 0.000000, 0.000000;;,
      20;4;-0.707107, 0.707107, 0.000000, 0.000000;;,
      21;4;-0.707107, 0.707107, 0.000000, 0.000000;;,
      22;4;-0.707107, 0.707107, 0.000000, 0.000000;;,
      23;4;-0.707107, 0.707107, 0.000000, 0.000000;;,
      24;4;-0.707107, 0.707107, 0.000000, 0.000000;;,
      25;4;-0.707107, 0.707107, 0.000000, 0.000000;;,
      26;4;-0.707107, 0.707107, 0.000000, 0.000000;;,
      27;4;-0.707107, 0.707107, 0.000000, 0.000000;;,
      28;4;-0.707107, 0.707107, 0.000000, 0.000000;;,
      29;4;-0.707107, 0.707107, 0.000000, 0.000000;;,
      30;4;-0.707107, 0.707107, 0.000000, 0.000000;;,
      31;4;-0.707107, 0.707107, 0.000000, 0.000000;;,
      32;4;-0.707107, 0.707107, 0.000000, 0.000000;;,
      33;4;-0.707107, 0.707107, 0.000000, 0.000000;;,
      34;4;-0.707107, 0.707107, 0.000000, 0.000000;;,
      35;4;-0.707107, 0.707107, 0.000000, 0.000000;;,
      36;4;-0.707107, 0.707107, 0.000000, 0.000000;;,
      37;4;-0.707107, 0.707107, 0.000000, 0.000000;;,
      38;4;-0.707107, 0.707107, 0.000000, 0.000000;;,
      39;4;-0.707107, 0.707107, 0.000000, 0.000000;;,
      40;4;-0.707107, 0.707107, 0.000000, 0.000000;;,
      41;4;-0.707107, 0.707107, 0.000000, 0.000000;;,
      42;4;-0.707107, 0.707107, 0.000000, 0.000000;;,
      43;4;-0.707107, 0.707107, 0.000000, 0.000000;;,
      44;4;-0.707107, 0.707107, 0.000000, 0.000000;;,
      45;4;-0.707107, 0.707107, 0.000000, 0.000000;;,
      46;4;-0.707107, 0.707107, 0.000000, 0.000000;;,
      47;4;-0.707107, 0.707107, 0.000000, 0.000000;;,
      48;4;-0.707107, 0.707107, 0.000000, 0.000000;;,
      49;4;-0.707107, 0.707107, 0.000000, 0.000000;;,
      50;4;-0.707107, 0.707107, 0.000000, 0.000000;;,
      51;4;-0.707107, 0.707107, 0.000000, 0.000000;;,
      52;4;-0.707107, 0.707107, 0.000000, 0.000000;;,
      53;4;-0.707107, 0.707107, 0.000000, 0.000000;;,
      54;4;-0.707107, 0.707107, 0.000000, 0.000000;;,
      55;4;-0.707107, 0.707107, 0.000000, 0.000000;;,
      56;4;-0.707107, 0.707107, 0.000000, 0.000000;;,
      57;4;-0.707107, 0.707107, 0.000000, 0.000000;;,
      58;4;-0.707107, 0.707107, 0.000000, 0.000000;;,
      59;4;-0.707107, 0.707107, 0.000000, 0.000000;;,
      60;4;-0.707107, 0.707107, 0.000000, 0.000000;;,
      61;4;-0.707107, 0.707107, 0.000000, 0.000000;;,
      62;4;-0.707107, 0.707107, 0.000000, 0.000000;;,
      63;4;-0.707107, 0.707107, 0.000000, 0.000000;;,
      64;4;-0.707107, 0.707107, 0.000000, 0.000000;;,
      65;4;-0.707107, 0.707107, 0.000000, 0.000000;;,
      66;4;-0.707107, 0.707107, 0.000000, 0.000000;;,
      67;4;-0.707107, 0.707107, 0.000000, 0.000000;;,
      68;4;-0.707107, 0.707107, 0.000000, 0.000000;;,
      69;4;-0.707107, 0.707107, 0.000000, 0.000000;;,
      70;4;-0.707107, 0.707107, 0.000000, 0.000000;;,
      71;4;-0.707107, 0.707107, 0.000000, 0.000000;;,
      72;4;-0.707107, 0.707107, 0.000000, 0.000000;;,
      73;4;-0.707107, 0.707107, 0.000000, 0.000000;;,
      74;4;-0.707107, 0.707107, 0.000000, 0.000000;;,
      75;4;-0.707107, 0.707107, 0.000000, 0.000000;;,
      76;4;-0.707107, 0.707107, 0.000000, 0.000000;;,
      77;4;-0.707107, 0.707107, 0.000000, 0.000000;;,
      78;4;-0.707107, 0.707107, 0.000000, 0.000000;;,
      79;4;-0.707107, 0.707107, 0.000000, 0.000000;;,
      80;4;-0.707107, 0.707107, 0.000000, 0.000000;;,
      81;4;-0.707107, 0.707107, 0.000000, 0.000000;;,
      82;4;-0.707107, 0.707107, 0.000000, 0.000000;;,
      83;4;-0.707107, 0.707107, 0.000000, 0.000000;;,
      84;4;-0.707107, 0.707107, 0.000000, 0.000000;;,
      85;4;-0.707107, 0.707107, 0.000000, 0.000000;;,
      86;4;-0.707107, 0.707107, 0.000000, 0.000000;;,
      87;4;-0.707107, 0.707107, 0.000000, 0.000000;;,
      88;4;-0.707107, 0.707107, 0.000000, 0.000000;;,
      89;4;-0.707107, 0.707107, 0.000000, 0.000000;;,
      90;4;-0.707107, 0.707107, 0.000000, 0.000000;;,
      91;4;-0.707107, 0.707107, 0.000000, 0.000000;;;
    }
    AnimationKey { // Scale
      1;
      92;
      0;3; 0.100000, 0.100000, 0.100000;;,
      1;3; 0.100000, 0.100000, 0.100000;;,
      2;3; 0.100000, 0.100000, 0.100000;;,
      3;3; 0.100000, 0.100000, 0.100000;;,
      4;3; 0.100000, 0.100000, 0.100000;;,
      5;3; 0.100000, 0.100000, 0.100000;;,
      6;3; 0.100000, 0.100000, 0.100000;;,
      7;3; 0.100000, 0.100000, 0.100000;;,
      8;3; 0.100000, 0.100000, 0.100000;;,
      9;3; 0.100000, 0.100000, 0.100000;;,
      10;3; 0.100000, 0.100000, 0.100000;;,
      11;3; 0.100000, 0.100000, 0.100000;;,
      12;3; 0.100000, 0.100000, 0.100000;;,
      13;3; 0.100000, 0.100000, 0.100000;;,
      14;3; 0.100000, 0.100000, 0.100000;;,
      15;3; 0.100000, 0.100000, 0.100000;;,
      16;3; 0.100000, 0.100000, 0.100000;;,
      17;3; 0.100000, 0.100000, 0.100000;;,
      18;3; 0.100000, 0.100000, 0.100000;;,
      19;3; 0.100000, 0.100000, 0.100000;;,
      20;3; 0.100000, 0.100000, 0.100000;;,
      21;3; 0.100000, 0.100000, 0.100000;;,
      22;3; 0.100000, 0.100000, 0.100000;;,
      23;3; 0.100000, 0.100000, 0.100000;;,
      24;3; 0.100000, 0.100000, 0.100000;;,
      25;3; 0.100000, 0.100000, 0.100000;;,
      26;3; 0.100000, 0.100000, 0.100000;;,
      27;3; 0.100000, 0.100000, 0.100000;;,
      28;3; 0.100000, 0.100000, 0.100000;;,
      29;3; 0.100000, 0.100000, 0.100000;;,
      30;3; 0.100000, 0.100000, 0.100000;;,
      31;3; 0.100000, 0.100000, 0.100000;;,
      32;3; 0.100000, 0.100000, 0.100000;;,
      33;3; 0.100000, 0.100000, 0.100000;;,
      34;3; 0.100000, 0.100000, 0.100000;;,
      35;3; 0.100000, 0.100000, 0.100000;;,
      36;3; 0.100000, 0.100000, 0.100000;;,
      37;3; 0.100000, 0.100000, 0.100000;;,
      38;3; 0.100000, 0.100000, 0.100000;;,
      39;3; 0.100000, 0.100000, 0.100000;;,
      40;3; 0.100000, 0.100000, 0.100000;;,
      41;3; 0.100000, 0.100000, 0.100000;;,
      42;3; 0.100000, 0.100000, 0.100000;;,
      43;3; 0.100000, 0.100000, 0.100000;;,
      44;3; 0.100000, 0.100000, 0.100000;;,
      45;3; 0.100000, 0.100000, 0.100000;;,
      46;3; 0.100000, 0.100000, 0.100000;;,
      47;3; 0.100000, 0.100000, 0.100000;;,
      48;3; 0.100000, 0.100000, 0.100000;;,
      49;3; 0.100000, 0.100000, 0.100000;;,
      50;3; 0.100000, 0.100000, 0.100000;;,
      51;3; 0.100000, 0.100000, 0.100000;;,
      52;3; 0.100000, 0.100000, 0.100000;;,
      53;3; 0.100000, 0.100000, 0.100000;;,
      54;3; 0.100000, 0.100000, 0.100000;;,
      55;3; 0.100000, 0.100000, 0.100000;;,
      56;3; 0.100000, 0.100000, 0.100000;;,
      57;3; 0.100000, 0.100000, 0.100000;;,
      58;3; 0.100000, 0.100000, 0.100000;;,
      59;3; 0.100000, 0.100000, 0.100000;;,
      60;3; 0.100000, 0.100000, 0.100000;;,
      61;3; 0.100000, 0.100000, 0.100000;;,
      62;3; 0.100000, 0.100000, 0.100000;;,
      63;3; 0.100000, 0.100000, 0.100000;;,
      64;3; 0.100000, 0.100000, 0.100000;;,
      65;3; 0.100000, 0.100000, 0.100000;;,
      66;3; 0.100000, 0.100000, 0.100000;;,
      67;3; 0.100000, 0.100000, 0.100000;;,
      68;3; 0.100000, 0.100000, 0.100000;;,
      69;3; 0.100000, 0.100000, 0.100000;;,
      70;3; 0.100000, 0.100000, 0.100000;;,
      71;3; 0.100000, 0.100000, 0.100000;;,
      72;3; 0.100000, 0.100000, 0.100000;;,
      73;3; 0.100000, 0.100000, 0.100000;;,
      74;3; 0.100000, 0.100000, 0.100000;;,
      75;3; 0.100000, 0.100000, 0.100000;;,
      76;3; 0.100000, 0.100000, 0.100000;;,
      77;3; 0.100000, 0.100000, 0.100000;;,
