xof 0303txt 0032

template XSkinMeshHeader {
  <3cf169ce-ff7c-44ab-93c0-f78f62d172e2>
  WORD nMaxSkinWeightsPerVertex;
  WORD nMaxSkinWeightsPerFace;
  WORD nBones;
}

template SkinWeights {
  <6f0d123b-bad2-4167-a0d0-80224f25fabb>
  STRING transformNodeName;
  DWORD nWeights;
  array DWORD vertexIndices[nWeights];
  array float weights[nWeights];
  Matrix4x4 matrixOffset;
}

Frame Root {
  FrameTransformMatrix {
     1.000000, 0.000000, 0.000000, 0.000000,
     0.000000,-0.000000,-1.000000, 0.000000,
     0.000000, 1.000000,-0.000000, 0.000000,
     0.000000, 0.000000, 0.000000, 1.000000;;
  }
  Frame Armature {
    FrameTransformMatrix {
       0.110000, 0.000000, 0.000000, 0.000000,
       0.000000,-0.000000, 0.110000, 0.000000,
       0.000000,-0.110000,-0.000000, 0.000000,
       0.000000, 0.000000, 0.000000, 1.000000;;
    }
    Frame Armature_mixamorig_Hips {
      FrameTransformMatrix {
         0.999822,-0.018857, 0.000046, 0.000000,
         0.018857, 0.999813,-0.004403, 0.000000,
         0.000037, 0.004403, 0.999990, 0.000000,
         0.063314,85.316895,-1.017048, 1.000000;;
      }
      Frame Armature_mixamorig_LeftUpLeg {
        FrameTransformMatrix {
          -0.877412,-0.381726, 0.290573, 0.000000,
           0.475925,-0.616401, 0.627330, 0.000000,
          -0.060359, 0.688720, 0.722506, 0.000000,
          15.658499,-8.406814, 1.467000, 1.000000;;
        }
        Frame Armature_mixamorig_LeftLeg {
          FrameTransformMatrix {
             0.984763,-0.161252, 0.065112, 0.000000,
             0.120543, 0.363085,-0.923926, 0.000000,
             0.125343, 0.917697, 0.376990, 0.000000,
             0.000004,37.074814,-0.000000, 1.000000;;
          }
          Frame Armature_mixamorig_LeftFoot {
            FrameTransformMatrix {
               0.993006,-0.117077, 0.015259, 0.000000,
               0.031330, 0.385897, 0.922010, 0.000000,
              -0.113835,-0.915083, 0.386866, 0.000000,
              -0.000003,38.107533, 0.000000, 1.000000;;
            }
            Frame Armature_mixamorig_LeftToeBase {
              FrameTransformMatrix {
                 0.970035,-0.239159,-0.042844, 0.000000,
                 0.193009, 0.651393, 0.733781, 0.000000,
                -0.147582,-0.720062, 0.678034, 0.000000,
                -0.000002,27.500042, 0.000001, 1.000000;;
              }
              Frame Armature_mixamorig_LeftToe_End {
                FrameTransformMatrix {
                   1.000000,-0.000000,-0.000000, 0.000000,
                   0.000000, 1.000000, 0.000000, 0.000000,
                   0.000000,-0.000000, 1.000000, 0.000000,
                  -0.000004,18.087690,-0.000000, 1.000000;;
                }
              } // End of Armature_mixamorig_LeftToe_End
            } // End of Armature_mixamorig_LeftToeBase
          } // End of Armature_mixamorig_LeftFoot
        } // End of Armature_mixamorig_LeftLeg
      } // End of Armature_mixamorig_LeftUpLeg
      Frame Armature_mixamorig_RightUpLeg {
        FrameTransformMatrix {
          -0.892119, 0.214001,-0.397902, 0.000000,
          -0.432734,-0.657877, 0.616390, 0.000000,
          -0.129863, 0.722081, 0.679506, 0.000000,
          -15.658500,-8.406812, 1.467000, 1.000000;;
        }
        Frame Armature_mixamorig_RightLeg {
          FrameTransformMatrix {
             0.990146, 0.090950, 0.106487, 0.000000,
             0.064482, 0.378908,-0.923185, 0.000000,
            -0.124312, 0.920954, 0.369310, 0.000000,
             0.000001,37.074707,-0.000001, 1.000000;;
          }
          Frame Armature_mixamorig_RightFoot {
            FrameTransformMatrix {
               0.979258, 0.180550,-0.091958, 0.000000,
               0.011697, 0.402716, 0.915250, 0.000000,
               0.202281,-0.897342, 0.392251, 0.000000,
              -0.000002,38.107533, 0.000001, 1.000000;;
            }
            Frame Armature_mixamorig_RightToeBase {
              FrameTransformMatrix {
                 0.934342, 0.335149,-0.121159, 0.000000,
                -0.144012, 0.666058, 0.731866, 0.000000,
                 0.325983,-0.666365, 0.670591, 0.000000,
                -0.000004,27.500036,-0.000001, 1.000000;;
              }
              Frame Armature_mixamorig_RightToe_End {
                FrameTransformMatrix {
                   1.000000, 0.000000, 0.000000, 0.000000,
                  -0.000000, 1.000000, 0.000000, 0.000000,
                  -0.000000,-0.000000, 1.000000, 0.000000,
                  -0.000001,18.088076, 0.000002, 1.000000;;
                }
              } // End of Armature_mixamorig_RightToe_End
            } // End of Armature_mixamorig_RightToeBase
          } // End of Armature_mixamorig_RightFoot
        } // End of Armature_mixamorig_RightLeg
      } // End of Armature_mixamorig_RightUpLeg
      Frame Armature_mixamorig_Spine {
        FrameTransformMatrix {
           0.999969, 0.007483,-0.002368, 0.000000,
          -0.006461, 0.956133, 0.292861, 0.000000,
           0.004456,-0.292837, 0.956152, 0.000000,
           0.000000,12.947392, 1.306900, 1.000000;;
        }
        Frame Armature_mixamorig_Spine1 {
          FrameTransformMatrix {
             0.999843, 0.017562,-0.002427, 0.000000,
            -0.015733, 0.942004, 0.335233, 0.000000,
             0.008174,-0.335142, 0.942132, 0.000000,
            -0.000000,11.650502,-0.000001, 1.000000;;
          }
          Frame Armature_mixamorig_Spine2 {
            FrameTransformMatrix {
               0.999848, 0.017196,-0.002650, 0.000000,
              -0.016194, 0.975428, 0.219723, 0.000000,
               0.006363,-0.219647, 0.975559, 0.000000,
              -0.000000,11.899597, 0.000007, 1.000000;;
            }
            Frame Armature_mixamorig_LeftShoulder {
              FrameTransformMatrix {
                 0.301160, 0.333673,-0.893289, 0.000000,
                 0.902261,-0.402866, 0.153702, 0.000000,
                -0.308590,-0.852268,-0.422387, 0.000000,
                15.693199,30.527590,-14.885509, 1.000000;;
              }
              Frame Armature_mixamorig_LeftArm {
                FrameTransformMatrix {
                   0.794403, 0.510091, 0.329744, 0.000000,
                  -0.531944, 0.846327,-0.027673, 0.000000,
                  -0.293186,-0.153422, 0.943665, 0.000000,
                   0.000014,18.001993, 0.000000, 1.000000;;
                }
                Frame Armature_mixamorig_LeftForeArm {
                  FrameTransformMatrix {
                     0.613136, 0.789471, 0.028278, 0.000000,
                    -0.755247, 0.575308, 0.314041, 0.000000,
                     0.231658,-0.213907, 0.948988, 0.000000,
                     0.000007,37.520088,-0.000006, 1.000000;;
                  }
                  Frame Armature_mixamorig_LeftHand {
                    FrameTransformMatrix {
                       0.543770, 0.327485, 0.772702, 0.000000,
                      -0.412345, 0.906178,-0.093877, 0.000000,
                      -0.730948,-0.267573, 0.627789, 0.000000,
                       0.000003,41.865601, 0.000000, 1.000000;;
                    }
                    Frame Armature_mixamorig_LeftHandIndex1 {
                      FrameTransformMatrix {
                         0.987152,-0.159610,-0.007498, 0.000000,
                         0.149797, 0.908090, 0.391068, 0.000000,
                        -0.055610,-0.387167, 0.920331, 0.000000,
                        -6.345711,17.472900, 0.144195, 1.000000;;
                      }
                      Frame Armature_mixamorig_LeftHandIndex2 {
                        FrameTransformMatrix {
                           0.999308,-0.036524,-0.007081, 0.000000,
                           0.036524, 0.926880, 0.373575, 0.000000,
                          -0.007081,-0.373575, 0.927573, 0.000000,
                          -0.000009, 6.306512, 0.000000, 1.000000;;
                        }
                        Frame Armature_mixamorig_LeftHandIndex3 {
                          FrameTransformMatrix {
                             0.999857,-0.013888,-0.009617, 0.000000,
                             0.016751, 0.888676, 0.458230, 0.000000,
                             0.002183,-0.458326, 0.888781, 0.000000,
                            -0.000014, 5.287000, 0.000000, 1.000000;;
                          }
                          Frame Armature_mixamorig_LeftHandIndex4 {
                            FrameTransformMatrix {
                               1.000000,-0.000000, 0.000000, 0.000000,
                              -0.000000, 1.000000,-0.000000, 0.000000,
                               0.000000, 0.000000, 1.000000, 0.000000,
                              -0.000006, 4.643598, 0.000002, 1.000000;;
                            }
                          } // End of Armature_mixamorig_LeftHandIndex4
                        } // End of Armature_mixamorig_LeftHandIndex3
                      } // End of Armature_mixamorig_LeftHandIndex2
                    } // End of Armature_mixamorig_LeftHandIndex1
                    Frame Armature_mixamorig_LeftHandMiddle1 {
                      FrameTransformMatrix {
                         0.987152,-0.159610,-0.007498, 0.000000,
                         0.149797, 0.908090, 0.391068, 0.000000,
                        -0.055609,-0.387167, 0.920331, 0.000000,
                        -0.112411,18.009897,-0.441100, 1.000000;;
                      }
                      Frame Armature_mixamorig_LeftHandMiddle2 {
                        FrameTransformMatrix {
                           0.999308,-0.036524,-0.007081, 0.000000,
                           0.036524, 0.926881, 0.373575, 0.000000,
                          -0.007081,-0.373575, 0.927573, 0.000000,
                          -0.000003, 6.842799,-0.000002, 1.000000;;
                        }
                        Frame Armature_mixamorig_LeftHandMiddle3 {
                          FrameTransformMatrix {
                             0.999308,-0.036524,-0.007081, 0.000000,
                             0.036524, 0.926880, 0.373575, 0.000000,
                            -0.007081,-0.373575, 0.927573, 0.000000,
                            -0.000001, 5.656101, 0.000004, 1.000000;;
                          }
                          Frame Armature_mixamorig_LeftHandMiddle4 {
                            FrameTransformMatrix {
                               1.000000, 0.000000,-0.000000, 0.000000,
                              -0.000000, 1.000000, 0.000000, 0.000000,
                               0.000000,-0.000000, 1.000000, 0.000000,
                              -0.000002, 4.457901, 0.000000, 1.000000;;
                            }
                          } // End of Armature_mixamorig_LeftHandMiddle4
                        } // End of Armature_mixamorig_LeftHandMiddle3
                      } // End of Armature_mixamorig_LeftHandMiddle2
                    } // End of Armature_mixamorig_LeftHandMiddle1
                    Frame Armature_mixamorig_LeftHandPinky1 {
                      FrameTransformMatrix {
                         0.987167,-0.159524,-0.007350, 0.000000,
                         0.149662, 0.908118, 0.391054, 0.000000,
                        -0.055708,-0.387135, 0.920338, 0.000000,
                        11.143592,14.820599, 0.001792, 1.000000;;
                      }
                      Frame Armature_mixamorig_LeftHandPinky2 {
                        FrameTransformMatrix {
                           0.999312,-0.036435,-0.006935, 0.000000,
                           0.036387, 0.926892, 0.373561, 0.000000,
                          -0.007183,-0.373556, 0.927580, 0.000000,
                          -0.000004, 5.576303, 0.000002, 1.000000;;
                        }
                        Frame Armature_mixamorig_LeftHandPinky3 {
                          FrameTransformMatrix {
                             0.999312,-0.036435,-0.006935, 0.000000,
                             0.036386, 0.926892, 0.373561, 0.000000,
                            -0.007183,-0.373556, 0.927580, 0.000000,
                            -0.000004, 4.090190,-0.000003, 1.000000;;
                          }
                          Frame Armature_mixamorig_LeftHandPinky4 {
                            FrameTransformMatrix {
                               1.000000, 0.000000, 0.000000, 0.000000,
                               0.000000, 1.000000,-0.000000, 0.000000,
                               0.000000,-0.000000, 1.000000, 0.000000,
                               0.000000, 4.222305,-0.000000, 1.000000;;
                            }
                          } // End of Armature_mixamorig_LeftHandPinky4
                        } // End of Armature_mixamorig_LeftHandPinky3
                      } // End of Armature_mixamorig_LeftHandPinky2
                    } // End of Armature_mixamorig_LeftHandPinky1
                    Frame Armature_mixamorig_LeftHandRing1 {
                      FrameTransformMatrix {
                         0.987152,-0.159607,-0.007496, 0.000000,
                         0.149795, 0.908101, 0.391041, 0.000000,
                        -0.055605,-0.387140, 0.920343, 0.000000,
                         5.832490,16.592596,-0.117394, 1.000000;;
                      }
                      Frame Armature_mixamorig_LeftHandRing2 {
                        FrameTransformMatrix {
                           0.999308,-0.036521,-0.007080, 0.000000,
                           0.036521, 0.926892, 0.373548, 0.000000,
                          -0.007080,-0.373548, 0.927584, 0.000000,
                           0.000011, 6.332904,-0.000002, 1.000000;;
                        }
                        Frame Armature_mixamorig_LeftHandRing3 {
                          FrameTransformMatrix {
                             0.999308,-0.036521,-0.007080, 0.000000,
                             0.036521, 0.926892, 0.373548, 0.000000,
                            -0.007080,-0.373548, 0.927584, 0.000000,
                            -0.000003, 5.608902, 0.000002, 1.000000;;
                          }
                          Frame Armature_mixamorig_LeftHandRing4 {
                            FrameTransformMatrix {
                               1.000000,-0.000000, 0.000000, 0.000000,
                               0.000000, 1.000000, 0.000000, 0.000000,
                               0.000000,-0.000000, 1.000000, 0.000000,
                               0.000002, 4.489699,-0.000004, 1.000000;;
                            }
                          } // End of Armature_mixamorig_LeftHandRing4
                        } // End of Armature_mixamorig_LeftHandRing3
                      } // End of Armature_mixamorig_LeftHandRing2
                    } // End of Armature_mixamorig_LeftHandRing1
                    Frame Armature_mixamorig_LeftHandThumb1 {
                      FrameTransformMatrix {
                         0.819220, 0.346377,-0.457058, 0.000000,
                         0.107705, 0.689880, 0.715867, 0.000000,
                         0.563275,-0.635679, 0.527857, 0.000000,
                        -7.297912, 5.809492, 5.140803, 1.000000;;
                      }
                      Frame Armature_mixamorig_LeftHandThumb2 {
                        FrameTransformMatrix {
                           0.900092,-0.434961, 0.025350, 0.000000,
                           0.432276, 0.884230,-0.176846, 0.000000,
                           0.054506, 0.170136, 0.983912, 0.000000,
                           0.000002, 6.981901, 0.000001, 1.000000;;
                        }
                        Frame Armature_mixamorig_LeftHandThumb3 {
                          FrameTransformMatrix {
                             0.934951,-0.353766, 0.026772, 0.000000,
                             0.352371, 0.917185,-0.186029, 0.000000,
                             0.041256, 0.183362, 0.982179, 0.000000,
                            -0.000003, 4.446797,-0.000002, 1.000000;;
                          }
                          Frame Armature_mixamorig_LeftHandThumb4 {
                            FrameTransformMatrix {
                               1.000000,-0.000002, 0.000003, 0.000000,
                               0.000002, 1.000000,-0.000002, 0.000000,
                              -0.000003, 0.000002, 1.000000, 0.000000,
                               0.000004, 5.337989, 0.000000, 1.000000;;
                            }
                          } // End of Armature_mixamorig_LeftHandThumb4
                        } // End of Armature_mixamorig_LeftHandThumb3
                      } // End of Armature_mixamorig_LeftHandThumb2
                    } // End of Armature_mixamorig_LeftHandThumb1
                  } // End of Armature_mixamorig_LeftHand
                } // End of Armature_mixamorig_LeftForeArm
              } // End of Armature_mixamorig_LeftArm
            } // End of Armature_mixamorig_LeftShoulder
            Frame Armature_mixamorig_Neck {
              FrameTransformMatrix {
                 0.999870, 0.001389, 0.016070, 0.000000,
                -0.002222, 0.998646, 0.051979, 0.000000,
                -0.015976,-0.052008, 0.998519, 0.000000,
                -0.000000,29.862492,-6.856810, 1.000000;;
              }
              Frame Armature_mixamorig_Head {
                FrameTransformMatrix {
                   0.998271,-0.043165,-0.039899, 0.000000,
                   0.053059, 0.369639, 0.927659, 0.000000,
                  -0.025294,-0.928172, 0.371290, 0.000000,
                  -0.000000,15.812696, 4.504604, 1.000000;;
                }
                Frame Armature_mixamorig_HeadTop_End {
                  FrameTransformMatrix {
                     1.000000,-0.000000, 0.000000, 0.000000,
                    -0.000000, 1.000000,-0.000000, 0.000000,
                    -0.000000, 0.000000, 1.000000, 0.000000,
                     0.000000, 8.548799,-16.914207, 1.000000;;
                  }
                } // End of Armature_mixamorig_HeadTop_End
                Frame Armature_mixamorig_RightEye {
                  FrameTransformMatrix {
                    -0.000000, 1.000000, 0.000000, 0.000000,
                     0.000000,-0.000000, 1.000000, 0.000000,
                     1.000000, 0.000000,-0.000000, 0.000000,
                    -4.116900,14.065401,-5.662601, 1.000000;;
                  }
                } // End of Armature_mixamorig_RightEye
              } // End of Armature_mixamorig_Head
            } // End of Armature_mixamorig_Neck
            Frame Armature_mixamorig_RightShoulder {
              FrameTransformMatrix {
                 0.231691,-0.306234, 0.923331, 0.000000,
                -0.916360,-0.387276, 0.101497, 0.000000,
                 0.326502,-0.869619,-0.370349, 0.000000,
                -15.693202,30.527903,-14.885507, 1.000000;;
              }
              Frame Armature_mixamorig_RightArm {
                FrameTransformMatrix {
                   0.857391,-0.382752,-0.344065, 0.000000,
                   0.452115, 0.879565, 0.148181, 0.000000,
                   0.245911,-0.282606, 0.927179, 0.000000,
                   0.000009,18.001892, 0.000000, 1.000000;;
                }
                Frame Armature_mixamorig_RightForeArm {
                  FrameTransformMatrix {
                     0.387467,-0.866101,-0.315814, 0.000000,
                     0.920818, 0.380066, 0.087427, 0.000000,
                     0.044310,-0.324683, 0.944785, 0.000000,
                     0.000002,37.520100, 0.000004, 1.000000;;
                  }
                  Frame Armature_mixamorig_RightHand {
                    FrameTransformMatrix {
                       0.964919, 0.023854,-0.261462, 0.000000,
                       0.048697, 0.962323, 0.267512, 0.000000,
                       0.257992,-0.270860, 0.927402, 0.000000,
                       0.000000,41.865704, 0.000008, 1.000000;;
                    }
                    Frame Armature_mixamorig_RightHandIndex1 {
                      FrameTransformMatrix {
                         0.949058, 0.002013, 0.315093, 0.000000,
                        -0.193483, 0.792982, 0.577705, 0.000000,
                        -0.248701,-0.609241, 0.752976, 0.000000,
                         6.345606,17.473017, 0.144405, 1.000000;;
                      }
                      Frame Armature_mixamorig_RightHandIndex2 {
                        FrameTransformMatrix {
                           0.984933,-0.159379,-0.067125, 0.000000,
                           0.170747, 0.834635, 0.523670, 0.000000,
                          -0.027437,-0.527241, 0.849273, 0.000000,
                           0.000002, 6.305998,-0.000003, 1.000000;;
                        }
                        Frame Armature_mixamorig_RightHandIndex3 {
                          FrameTransformMatrix {
                             0.972780,-0.210901,-0.096023, 0.000000,
                             0.226441, 0.953160, 0.200523, 0.000000,
                             0.049235,-0.216808, 0.974972, 0.000000,
                             0.000005, 5.287006,-0.000002, 1.000000;;
                          }
                          Frame Armature_mixamorig_RightHandIndex4 {
                            FrameTransformMatrix {
                               1.000000, 0.000000,-0.000000, 0.000000,
                               0.000000, 1.000000, 0.000000, 0.000000,
                               0.000000,-0.000000, 1.000000, 0.000000,
                               0.000003, 4.643996, 0.000000, 1.000000;;
                            }
                          } // End of Armature_mixamorig_RightHandIndex4
                        } // End of Armature_mixamorig_RightHandIndex3
                      } // End of Armature_mixamorig_RightHandIndex2
                    } // End of Armature_mixamorig_RightHandIndex1
                    Frame Armature_mixamorig_RightHandMiddle1 {
                      FrameTransformMatrix {
                         0.997443, 0.036735,-0.061313, 0.000000,
                         0.002216, 0.841515, 0.540229, 0.000000,
                         0.071441,-0.538983, 0.839281, 0.000000,
                         0.112400,18.009619,-0.440799, 1.000000;;
                      }
                      Frame Armature_mixamorig_RightHandMiddle2 {
                        FrameTransformMatrix {
                           0.998637, 0.050282, 0.014009, 0.000000,
                          -0.050312, 0.855819, 0.514823, 0.000000,
                           0.013897,-0.514826, 0.857182, 0.000000,
                           0.000002, 6.843006,-0.000002, 1.000000;;
                        }
                        Frame Armature_mixamorig_RightHandMiddle3 {
                          FrameTransformMatrix {
                             0.998632, 0.050382, 0.013996, 0.000000,
                            -0.050392, 0.855819, 0.514816, 0.000000,
                             0.013960,-0.514817, 0.857187, 0.000000,
                            -0.000001, 5.656005, 0.000006, 1.000000;;
                          }
                          Frame Armature_mixamorig_RightHandMiddle4 {
                            FrameTransformMatrix {
                               1.000000, 0.000000, 0.000000, 0.000000,
                              -0.000000, 1.000000,-0.000000, 0.000000,
                               0.000000, 0.000000, 1.000000, 0.000000,
                               0.000008, 4.458008,-0.000004, 1.000000;;
                            }
                          } // End of Armature_mixamorig_RightHandMiddle4
                        } // End of Armature_mixamorig_RightHandMiddle3
                      } // End of Armature_mixamorig_RightHandMiddle2
                    } // End of Armature_mixamorig_RightHandMiddle1
                    Frame Armature_mixamorig_RightHandPinky1 {
                      FrameTransformMatrix {
                         0.956589, 0.040613,-0.288597, 0.000000,
                         0.135704, 0.814273, 0.564396, 0.000000,
                         0.257918,-0.579059, 0.773413, 0.000000,
                        -11.143703,14.820513, 0.002404, 1.000000;;
                      }
                      Frame Armature_mixamorig_RightHandPinky2 {
                        FrameTransformMatrix {
                           0.998680, 0.049553, 0.013510, 0.000000,
                          -0.049538, 0.859827, 0.508176, 0.000000,
                           0.013565,-0.508175, 0.861147, 0.000000,
                           0.000001, 5.576014,-0.000004, 1.000000;;
                        }
                        Frame Armature_mixamorig_RightHandPinky3 {
                          FrameTransformMatrix {
                             0.997637, 0.064307, 0.024169, 0.000000,
                            -0.064390, 0.752630, 0.655288, 0.000000,
                             0.023949,-0.655296, 0.754992, 0.000000,
                            -0.000003, 4.089983, 0.000005, 1.000000;;
                          }
                          Frame Armature_mixamorig_RightHandPinky4 {
                            FrameTransformMatrix {
                               1.000000, 0.000000,-0.000000, 0.000000,
                              -0.000000, 1.000000, 0.000000, 0.000000,
                              -0.000000,-0.000000, 1.000000, 0.000000,
                              -0.000005, 4.223010, 0.000001, 1.000000;;
                            }
                          } // End of Armature_mixamorig_RightHandPinky4
                        } // End of Armature_mixamorig_RightHandPinky3
                      } // End of Armature_mixamorig_RightHandPinky2
                    } // End of Armature_mixamorig_RightHandPinky1
                    Frame Armature_mixamorig_RightHandRing1 {
                      FrameTransformMatrix {
                         0.961104, 0.165479,-0.221124, 0.000000,
                        -0.025311, 0.850037, 0.526115, 0.000000,
                         0.275024,-0.500054, 0.821162, 0.000000,
                        -5.832499,16.592415,-0.117294, 1.000000;;
                      }
                      Frame Armature_mixamorig_RightHandRing2 {
                        FrameTransformMatrix {
                           0.976139, 0.153334,-0.153760, 0.000000,
                          -0.051018, 0.850207, 0.523970, 0.000000,
                           0.211070,-0.503623, 0.837743, 0.000000,
                          -0.000003, 6.333005, 0.000005, 1.000000;;
                        }
                        Frame Armature_mixamorig_RightHandRing3 {
                          FrameTransformMatrix {
                             0.976114, 0.153718,-0.153533, 0.000000,
                            -0.051482, 0.850207, 0.523925, 0.000000,
                             0.211071,-0.503506, 0.837813, 0.000000,
                             0.000006, 5.608990, 0.000001, 1.000000;;
                          }
                          Frame Armature_mixamorig_RightHandRing4 {
                            FrameTransformMatrix {
                               1.000000,-0.000000,-0.000000, 0.000000,
                              -0.000000, 1.000000,-0.000000, 0.000000,
                               0.000000, 0.000000, 1.000000, 0.000000,
                              -0.000002, 4.490026,-0.000002, 1.000000;;
                            }
                          } // End of Armature_mixamorig_RightHandRing4
                        } // End of Armature_mixamorig_RightHandRing3
                      } // End of Armature_mixamorig_RightHandRing2
                    } // End of Armature_mixamorig_RightHandRing1
                    Frame Armature_mixamorig_RightHandThumb1 {
                      FrameTransformMatrix {
                         0.762035,-0.480748, 0.433803, 0.000000,
                        -0.095663, 0.578996, 0.809699, 0.000000,
                        -0.640431,-0.658517, 0.395225, 0.000000,
                         7.297807, 5.809113, 5.141001, 1.000000;;
                      }
                      Frame Armature_mixamorig_RightHandThumb2 {
                        FrameTransformMatrix {
                           0.894668, 0.442631, 0.060391, 0.000000,
                          -0.417866, 0.876982,-0.237258, 0.000000,
                          -0.157979, 0.187031, 0.969568, 0.000000,
                          -0.000005, 6.982104, 0.000003, 1.000000;;
                        }
                        Frame Armature_mixamorig_RightHandThumb3 {
                          FrameTransformMatrix {
                             0.936305, 0.326185, 0.130142, 0.000000,
                            -0.279539, 0.916535,-0.286045, 0.000000,
                            -0.212583, 0.231446, 0.949337, 0.000000,
                             0.000008, 4.446894, 0.000001, 1.000000;;
                          }
                          Frame Armature_mixamorig_RightHandThumb4 {
                            FrameTransformMatrix {
                               1.000000, 0.000001,-0.000001, 0.000000,
                              -0.000001, 1.000000,-0.000000, 0.000000,
                               0.000001, 0.000000, 1.000000, 0.000000,
                               0.000003, 5.338509, 0.000000, 1.000000;;
                            }
                          } // End of Armature_mixamorig_RightHandThumb4
                        } // End of Armature_mixamorig_RightHandThumb3
                      } // End of Armature_mixamorig_RightHandThumb2
                    } // End of Armature_mixamorig_RightHandThumb1
                  } // End of Armature_mixamorig_RightHand
                } // End of Armature_mixamorig_RightForeArm
              } // End of Armature_mixamorig_RightArm
            } // End of Armature_mixamorig_RightShoulder
          } // End of Armature_mixamorig_Spine2
        } // End of Armature_mixamorig_Spine1
      } // End of Armature_mixamorig_Spine
    } // End of Armature_mixamorig_Hips
  } // End of Armature
} // End of Root
AnimationSet Global {
  Animation {
    {Armature}
    AnimationKey { // Rotation
      0;
      58;
      0;4;-0.707107, 0.707107, 0.000000, 0.000000;;,
      1;4;-0.707107, 0.707107, 0.000000, 0.000000;;,
      2;4;-0.707107, 0.707107, 0.000000, 0.000000;;,
      3;4;-0.707107, 0.707107, 0.000000, 0.000000;;,
      4;4;-0.707107, 0.707107, 0.000000, 0.000000;;,
      5;4;-0.707107, 0.707107, 0.000000, 0.000000;;,
      6;4;-0.707107, 0.707107, 0.000000, 0.000000;;,
      7;4;-0.707107, 0.707107, 0.000000, 0.000000;;,
      8;4;-0.707107, 0.707107, 0.000000, 0.000000;;,
      9;4;-0.707107, 0.707107, 0.000000, 0.000000;;,
      10;4;-0.707107, 0.707107, 0.000000, 0.000000;;,
      11;4;-0.707107, 0.707107, 0.000000, 0.000000;;,
      12;4;-0.707107, 0.707107, 0.000000, 0.000000;;,
      13;4;-0.707107, 0.707107, 0.000000, 0.000000;;,
      14;4;-0.707107, 0.707107, 0.000000, 0.000000;;,
      15;4;-0.707107, 0.707107, 0.000000, 0.000000;;,
      16;4;-0.707107, 0.707107, 0.000000, 0.000000;;,
      17;4;-0.707107, 0.707107, 0.000000, 0.000000;;,
      18;4;-0.707107, 0.707107, 0.000000, 0.000000;;,
      19;4;-0.707107, 0.707107, 0.000000, 0.000000;;,
      20;4;-0.707107, 0.707107, 0.000000, 0.000000;;,
      21;4;-0.707107, 0.707107, 0.000000, 0.000000;;,
      22;4;-0.707107, 0.707107, 0.000000, 0.000000;;,
      23;4;-0.707107, 0.707107, 0.000000, 0.000000;;,
      24;4;-0.707107, 0.707107, 0.000000, 0.000000;;,
      25;4;-0.707107, 0.707107, 0.000000, 0.000000;;,
      26;4;-0.707107, 0.707107, 0.000000, 0.000000;;,
      27;4;-0.707107, 0.707107, 0.000000, 0.000000;;,
      28;4;-0.707107, 0.707107, 0.000000, 0.000000;;,
      29;4;-0.707107, 0.707107, 0.000000, 0.000000;;,
      30;4;-0.707107, 0.707107, 0.000000, 0.000000;;,
      31;4;-0.707107, 0.707107, 0.000000, 0.000000;;,
      32;4;-0.707107, 0.707107, 0.000000, 0.000000;;,
      33;4;-0.707107, 0.707107, 0.000000, 0.000000;;,
      34;4;-0.707107, 0.707107, 0.000000, 0.000000;;,
      35;4;-0.707107, 0.707107, 0.000000, 0.000000;;,
      36;4;-0.707107, 0.707107, 0.000000, 0.000000;;,
      37;4;-0.707107, 0.707107, 0.000000, 0.000000;;,
      38;4;-0.707107, 0.707107, 0.000000, 0.000000;;,
      39;4;-0.707107, 0.707107, 0.000000, 0.000000;;,
      40;4;-0.707107, 0.707107, 0.000000, 0.000000;;,
      41;4;-0.707107, 0.707107, 0.000000, 0.000000;;,
      42;4;-0.707107, 0.707107, 0.000000, 0.000000;;,
      43;4;-0.707107, 0.707107, 0.000000, 0.000000;;,
      44;4;-0.707107, 0.707107, 0.000000, 0.000000;;,
      45;4;-0.707107, 0.707107, 0.000000, 0.000000;;,
      46;4;-0.707107, 0.707107, 0.000000, 0.000000;;,
      47;4;-0.707107, 0.707107, 0.000000, 0.000000;;,
      48;4;-0.707107, 0.707107, 0.000000, 0.000000;;,
      49;4;-0.707107, 0.707107, 0.000000, 0.000000;;,
      50;4;-0.707107, 0.707107, 0.000000, 0.000000;;,
      51;4;-0.707107, 0.707107, 0.000000, 0.000000;;,
      52;4;-0.707107, 0.707107, 0.000000, 0.000000;;,
      53;4;-0.707107, 0.707107, 0.000000, 0.000000;;,
      54;4;-0.707107, 0.707107, 0.000000, 0.000000;;,
      55;4;-0.707107, 0.707107, 0.000000, 0.000000;;,
      56;4;-0.707107, 0.707107, 0.000000, 0.000000;;,
      57;4;-0.707107, 0.707107, 0.000000, 0.000000;;;
    }
    AnimationKey { // Scale
      1;
      58;
      0;3; 0.110000, 0.110000, 0.110000;;,
      1;3; 0.110000, 0.110000, 0.110000;;,
      2;3; 0.110000, 0.110000, 0.110000;;,
      3;3; 0.110000, 0.110000, 0.110000;;,
      4;3; 0.110000, 0.110000, 0.110000;;,
      5;3; 0.110000, 0.110000, 0.110000;;,
      6;3; 0.110000, 0.110000, 0.110000;;,
      7;3; 0.110000, 0.110000, 0.110000;;,
      8;3; 0.110000, 0.110000, 0.110000;;,
      9;3; 0.110000, 0.110000, 0.110000;;,
      10;3; 0.110000, 0.110000, 0.110000;;,
      11;3; 0.110000, 0.110000, 0.110000;;,
      12;3; 0.110000, 0.110000, 0.110000;;,
      13;3; 0.110000, 0.110000, 0.110000;;,
      14;3; 0.110000, 0.110000, 0.110000;;,
      15;3; 0.110000, 0.110000, 0.110000;;,
      16;3; 0.110000, 0.110000, 0.110000;;,
      17;3; 0.110000, 0.110000, 0.110000;;,
      18;3; 0.110000, 0.110000, 0.110000;;,
      19;3; 0.110000, 0.110000, 0.110000;;,
      20;3; 0.110000, 0.110000, 0.110000;;,
      21;3; 0.110000, 0.110000, 0.110000;;,
      22;3; 0.110000, 0.110000, 0.110000;;,
      23;3; 0.110000, 0.110000, 0.110000;;,
      24;3; 0.110000, 0.110000, 0.110000;;,
      25;3; 0.110000, 0.110000, 0.110000;;,
      26;3; 0.110000, 0.110000, 0.110000;;,
      27;3; 0.110000, 0.110000, 0.110000;;,
      28;3; 0.110000, 0.110000, 0.110000;;,
      29;3; 0.110000, 0.110000, 0.110000;;,
      30;3; 0.110000, 0.110000, 0.110000;;,
      31;3; 0.110000, 0.110000, 0.110000;;,
      32;3; 0.110000, 0.110000, 0.110000;;,
      33;3; 0.110000, 0.110000, 0.110000;;,
      34;3; 0.110000, 0.110000, 0.110000;;,
      35;3; 0.110000, 0.110000, 0.110000;;,
      36;3; 0.110000, 0.110000, 0.110000;;,
      37;3; 0.110000, 0.110000, 0.110000;;,
      38;3; 0.110000, 0.110000, 0.110000;;,
      39;3; 0.110000, 0.110000, 0.110000;;,
      40;3; 0.110000, 0.110000, 0.110000;;,
      41;3; 0.110000, 0.110000, 0.110000;;,
      42;3; 0.110000, 0.110000, 0.110000;;,
      43;3; 0.110000, 0.110000, 0.110000;;,
      44;3; 0.110000, 0.110000, 0.110000;;,
      45;3; 0.110000, 0.110000, 0.110000;;,
      46;3; 0.110000, 0.110000, 0.110000;;,
      47;3; 0.110000, 0.110000, 0.110000;;,
      48;3; 0.110000, 0.110000, 0.110000;;,
      49;3; 0.110000, 0.110000, 0.110000;;,
      50;3; 0.110000, 0.110000, 0.110000;;,
      51;3; 0.110000, 0.110000, 0.110000;;,
      52;3; 0.110000, 0.110000, 0.110000;;,
      53;3; 0.110000, 0.110000, 0.110000;;,
      54;3; 0.110000, 0.110000, 0.110000;;,
      55;3; 0.110000, 0.110000, 0.110000;;,
      56;3; 0.110000, 0.110000, 0.110000;;,
      57;3; 0.110000, 0.110000, 0.110000;;;
    }
    AnimationKey { // Position
      2;
      58;
      0;3; 0.000000, 0.000000, 0.000000;;,
      1;3; 0.000000, 0.000000, 0.000000;;,
      2;3; 0.000000, 0.000000, 0.000000;;,
      3;3; 0.000000, 0.000000, 0.000000;;,
      4;3; 0.000000, 0.000000, 0.000000;;,
      5;3; 0.000000, 0.000000, 0.000000;;,
      6;3; 0.000000, 0.000000, 0.000000;;,
      7;3; 0.000000, 0.000000, 0.000000;;,
      8;3; 0.000000, 0.000000, 0.000000;;,
      9;3; 0.000000, 0.000000, 0.000000;;,
      10;3; 0.000000, 0.000000, 0.000000;;,
      11;3; 0.000000, 0.000000, 0.000000;;,
      12;3; 0.000000, 0.000000, 0.000000;;,
      13;3; 0.000000, 0.000000, 0.000000;;,
      14;3; 0.000000, 0.000000, 0.000000;;,
      15;3; 0.000000, 0.000000, 0.000000;;,
      16;3; 0.000000, 0.000000, 0.000000;;,
      17;3; 0.000000, 0.000000, 0.000000;;,
      18;3; 0.000000, 0.000000, 0.000000;;,
      19;3; 0.000000, 0.000000, 0.000000;;,
      20;3; 0.000000, 0.000000, 0.000000;;,
      21;3; 0.000000, 0.000000, 0.000000;;,
      22;3; 0.000000, 0.000000, 0.000000;;,
      23;3; 0.000000, 0.000000, 0.000000;;,
      24;3; 0.000000, 0.000000, 0.000000;;,
      25;3; 0.000000, 0.000000, 0.000000;;,
      26;3; 0.000000, 0.000000, 0.000000;;,
      27;3; 0.000000, 0.000000, 0.000000;;,
      28;3; 0.000000, 0.000000, 0.000000;;,
      29;3; 0.000000, 0.000000, 0.000000;;,
      30;3; 0.000000, 0.000000, 0.000000;;,
      31;3; 0.000000, 0.000000, 0.000000;;,
      32;3; 0.000000, 0.000000, 0.000000;;,
      33;3; 0.000000, 0.000000, 0.000000;;,
      34;3; 0.000000, 0.000000, 0.000000;;,
      35;3; 0.000000, 0.000000, 0.000000;;,
      36;3; 0.000000, 0.000000, 0.000000;;,
      37;3; 0.000000, 0.000000, 0.000000;;,
      38;3; 0.000000, 0.000000, 0.000000;;,
      39;3; 0.000000, 0.000000, 0.000000;;,
      40;3; 0.000000, 0.000000, 0.000000;;,
      41;3; 0.000000, 0.000000, 0.000000;;,
      42;3; 0.000000, 0.000000, 0.000000;;,
      43;3; 0.000000, 0.000000, 0.000000;;,
      44;3; 0.000000, 0.000000, 0.000000;;,
      45;3; 0.000000, 0.000000, 0.000000;;,
      46;3; 0.000000, 0.000000, 0.000000;;,
      47;3; 0.000000, 0.000000, 0.000000;;,
      48;3; 0.000000, 0.000000, 0.000000;;,
      49;3; 0.000000, 0.000000, 0.000000;;,
      50;3; 0.000000, 0.000000, 0.000000;;,
      51;3; 0.000000, 0.000000, 0.000000;;,
      52;3; 0.000000, 0.000000, 0.000000;;,
      53;3; 0.000000, 0.000000, 0.000000;;,
      54;3; 0.000000, 0.000000, 0.000000;;,
      55;3; 0.000000, 0.000000, 0.000000;;,
      56;3; 0.000000, 0.000000, 0.000000;;,
      57;3; 0.000000, 0.000000, 0.000000;;;
    }
  }
  Animation {
    {Armature_mixamorig_Hips}
    AnimationKey { // Rotation
      0;
      58;
      0;4;-0.999953,-0.002202,-0.000002,-0.009429;;,
      1;4;-0.999863, 0.003723,-0.016111,-0.000832;;,
      2;4;-0.999559, 0.009323,-0.027472, 0.006283;;,
      3;4;-0.999380, 0.014388,-0.030320, 0.010633;;,
      4;4;-0.999496, 0.018552,-0.022604, 0.012398;;,
      5;4;-0.999691, 0.021892,-0.002593, 0.011459;;,
      6;4;-0.999174, 0.024673, 0.031404, 0.007512;;,
      7;4;-0.996430, 0.027507, 0.079803, 0.001512;;,
      8;4;-0.989453, 0.030924, 0.141414,-0.005274;;,
      9;4;-0.976731, 0.034986, 0.211337,-0.010436;;,
      10;4;-0.957717, 0.039262, 0.284744,-0.012522;;,
      11;4;-0.934277, 0.042779, 0.353808,-0.010811;;,
      12;4;-0.909631, 0.044785, 0.412950,-0.006143;;,
      13;4;-0.889458, 0.044690, 0.454826, 0.000304;;,
      14;4;-0.875074, 0.044092, 0.481918, 0.007560;;,
      15;4;-0.866183, 0.044665, 0.497507, 0.014797;;,
      16;4;-0.857813, 0.048880, 0.511117, 0.022966;;,
      17;4;-0.846483, 0.057702, 0.528289, 0.032362;;,
      18;4;-0.828424, 0.071097, 0.553887, 0.043218;;,
      19;4;-0.804304, 0.086759, 0.585335, 0.054322;;,
      20;4;-0.776132, 0.101301, 0.618961, 0.065152;;,
      21;4;-0.748877, 0.112705, 0.648913, 0.073434;;,
      22;4;-0.726650, 0.119993, 0.671796, 0.079190;;,
      23;4;-0.710971, 0.123908, 0.687355, 0.081918;;,
      24;4;-0.702189, 0.125169, 0.696072, 0.082145;;,
